3.000000e-001 1.000000e+000 1.000000e+000 1.000000e+000 1.000000e+000 -2.000000e+000 6.315935e-013 4.382421e+016
3.050000e-001 1.000000e+000 1.000000e+000 1.000000e+000 1.000000e+000 -2.000000e+000 6.110553e-013 4.382421e+016
3.100000e-001 1.000000e+000 1.000000e+000 1.000000e+000 1.000000e+000 -2.000000e+000 5.915028e-013 4.382421e+016
3.150000e-001 1.000000e+000 1.000000e+000 1.000000e+000 1.000000e+000 -2.000000e+000 5.728740e-013 4.382421e+016
3.200000e-001 1.000000e+000 1.000000e+000 1.000000e+000 1.000000e+000 -2.000000e+000 5.551115e-013 4.382421e+016
3.250000e-001 1.000000e+000 1.000000e+000 1.000000e+000 1.000000e+000 -2.000000e+000 5.381625e-013 4.382421e+016
3.300000e-001 1.000000e+000 1.000000e+000 1.000000e+000 1.000000e+000 -2.000000e+000 5.219781e-013 4.382421e+016
3.350000e-001 1.000000e+000 1.000000e+000 1.000000e+000 1.000000e+000 -2.000000e+000 5.065130e-013 4.382421e+016
3.400000e-001 1.000000e+000 1.000000e+000 1.000000e+000 1.000000e+000 -2.000000e+000 4.917251e-013 4.382421e+016
3.450000e-001 1.000000e+000 1.000000e+000 1.000000e+000 1.000000e+000 -2.000000e+000 4.775755e-013 4.382421e+016
3.500000e-001 1.000000e+000 1.000000e+000 1.000000e+000 1.000000e+000 -2.000000e+000 4.640279e-013 4.382421e+016
3.550000e-001 1.000000e+000 1.000000e+000 1.000000e+000 1.000000e+000 -2.000000e+000 4.510488e-013 4.382421e+016
3.600000e-001 1.000000e+000 1.000000e+000 1.000000e+000 1.000000e+000 -2.000000e+000 4.386066e-013 4.382421e+016
3.650000e-001 1.000000e+000 1.000000e+000 1.000000e+000 1.000000e+000 -2.000000e+000 4.266723e-013 4.382421e+016
3.700000e-001 1.000000e+000 1.000000e+000 1.000000e+000 1.000000e+000 -2.000000e+000 4.152185e-013 4.382421e+016
3.750000e-001 1.000000e+000 1.000000e+000 1.000000e+000 1.000000e+000 -2.000000e+000 4.042199e-013 4.382421e+016
3.800000e-001 9.999836e-001 9.999679e-001 9.999833e-001 9.999833e-001 -1.999967e+000 1.230656e-003 3.620824e+003
3.850000e-001 1.000000e+000 1.000000e+000 1.000000e+000 1.000000e+000 -2.000000e+000 3.834941e-013 4.382421e+016
3.900000e-001 1.000000e+000 1.000000e+000 1.000000e+000 1.000000e+000 -2.000000e+000 3.737240e-013 4.382421e+016
3.950000e-001 1.000000e+000 1.000000e+000 1.000000e+000 1.000000e+000 -2.000000e+000 3.643225e-013 4.382421e+016
4.000000e-001 1.000000e+000 1.000000e+000 1.000000e+000 1.000000e+000 -2.000000e+000 3.552714e-013 4.382421e+016
4.050000e-001 9.999262e-001 9.998554e-001 9.999250e-001 9.999250e-001 -1.999850e+000 4.868526e-003 1.706823e+003
4.100000e-001 9.998934e-001 9.997911e-001 9.998917e-001 9.998917e-001 -1.999783e+000 6.856342e-003 1.420139e+003
4.150000e-001 1.000000e+000 1.000000e+000 1.000000e+000 1.000000e+000 -2.000000e+000 3.300532e-013 4.382421e+016
4.200000e-001 9.998277e-001 9.996625e-001 9.998250e-001 9.998250e-001 -1.999650e+000 1.053757e-002 1.117323e+003
4.250000e-001 1.000000e+000 1.000000e+000 1.000000e+000 1.000000e+000 -2.000000e+000 3.147040e-013 4.382421e+016
4.300000e-001 1.000000e+000 1.000000e+000 1.000000e+000 1.000000e+000 -2.000000e+000 3.074279e-013 4.382421e+016
4.350000e-001 9.999754e-001 9.999518e-001 9.999750e-001 9.999750e-001 -1.999950e+000 1.408412e-003 2.956378e+003
4.400000e-001 1.000000e+000 1.000000e+000 1.000000e+000 1.000000e+000 -2.000000e+000 2.936127e-013 4.382421e+016
4.450000e-001 1.000000e+000 1.000000e+000 1.000000e+000 1.000000e+000 -2.000000e+000 2.870517e-013 4.382421e+016
4.500000e-001 9.997867e-001 9.995822e-001 9.997833e-001 9.997833e-001 -1.999567e+000 1.135355e-002 1.004136e+003
4.550000e-001 1.000000e+000 1.000000e+000 1.000000e+000 1.000000e+000 -2.000000e+000 2.745727e-013 4.382421e+016
4.600000e-001 1.000000e+000 1.000000e+000 1.000000e+000 1.000000e+000 -2.000000e+000 2.686362e-013 4.382421e+016
4.650000e-001 9.999590e-001 9.999197e-001 9.999583e-001 9.999583e-001 -1.999917e+000 2.053417e-003 2.289981e+003
4.700000e-001 9.999672e-001 9.999357e-001 9.999667e-001 9.999667e-001 -1.999933e+000 1.608289e-003 2.560288e+003
4.750000e-001 9.999016e-001 9.998072e-001 9.999000e-001 9.999000e-001 -1.999800e+000 4.716262e-003 1.478134e+003
4.800000e-001 1.000000e+000 1.000000e+000 1.000000e+000 1.000000e+000 -2.000000e+000 2.467162e-013 4.382421e+016
4.850000e-001 9.994630e-001 9.989590e-001 9.994500e-001 9.994500e-001 -1.999042e+000 2.629681e-002 5.251684e+002
4.900000e-001 9.999836e-001 9.999679e-001 9.999833e-001 9.999833e-001 -1.999967e+000 7.401361e-004 3.620824e+003
4.950000e-001 9.997457e-001 9.995018e-001 9.997417e-001 9.997417e-001 -1.999483e+000 1.117629e-002 9.195798e+002
5.000000e-001 9.998605e-001 9.997268e-001 9.998583e-001 9.998583e-001 -1.999717e+000 6.023893e-003 1.241855e+003
5.050000e-001 9.995900e-001 9.991974e-001 9.995833e-001 9.995833e-001 -1.999167e+000 1.795031e-002 7.265945e+002
5.100000e-001 9.997211e-001 9.994536e-001 9.997167e-001 9.997167e-001 -1.999433e+000 1.154045e-002 8.780625e+002
5.150000e-001 9.998195e-001 9.996465e-001 9.998167e-001 9.998167e-001 -1.999633e+000 7.340753e-003 1.091629e+003
5.200000e-001 9.998277e-001 9.996625e-001 9.998250e-001 9.998250e-001 -1.999650e+000 6.874359e-003 1.117323e+003
5.250000e-001 9.997949e-001 9.995983e-001 9.997917e-001 9.997917e-001 -1.999583e+000 8.022172e-003 1.024026e+003
5.300000e-001 9.997293e-001 9.994697e-001 9.997250e-001 9.997250e-001 -1.999450e+000 1.037370e-002 8.912709e+002
5.350000e-001 9.997457e-001 9.995018e-001 9.997417e-001 9.997417e-001 -1.999483e+000 9.567547e-003 9.195798e+002
5.400000e-001 9.996719e-001 9.993572e-001 9.996667e-001 9.996667e-001 -1.999333e+000 1.209572e-002 8.095136e+002
5.450000e-001 9.995734e-001 9.991644e-001 9.995667e-001 9.995667e-001 -1.999133e+000 1.539989e-002 7.099551e+002
5.500000e-001 9.987814e-001 9.976231e-001 9.987583e-001 9.987583e-001 -1.997617e+000 4.581383e-002 3.964124e+002
5.550000e-001 9.997457e-001 9.995018e-001 9.997417e-001 9.997417e-001 -1.999483e+000 8.890418e-003 9.195798e+002
5.600000e-001 9.987531e-001 9.975574e-001 9.987333e-001 9.987333e-001 -1.997467e+000 4.177415e-002 4.150793e+002
5.650000e-001 9.992699e-001 9.985698e-001 9.992583e-001 9.992583e-001 -1.998517e+000 2.434112e-002 5.425891e+002
5.700000e-001 9.989090e-001 9.978627e-001 9.988917e-001 9.988917e-001 -1.997783e+000 3.541936e-002 4.437733e+002
5.750000e-001 9.994012e-001 9.988269e-001 9.993917e-001 9.993917e-001 -1.998783e+000 1.933959e-002 5.991470e+002
5.800000e-001 9.989255e-001 9.978958e-001 9.989083e-001 9.989083e-001 -1.997821e+000 3.399218e-002 4.457021e+002
5.850000e-001 9.996801e-001 9.993733e-001 9.996750e-001 9.996750e-001 -1.999350e+000 1.005078e-002 8.198296e+002
5.900000e-001 9.993210e-001 9.986743e-001 9.993083e-001 9.993083e-001 -1.998675e+000 2.131851e-002 5.253276e+002
5.950000e-001 9.987742e-001 9.976156e-001 9.987500e-001 9.987500e-001 -1.997625e+000 4.295083e-002 3.871471e+002
6.000000e-001 9.989844e-001 9.980143e-001 9.989667e-001 9.989667e-001 -1.997983e+000 3.026464e-002 4.417313e+002