# Enhanced Quasi-3D Monte Carlo Simulation
# Timestamp: 20250716_042505
# Spin model: icosahedral (13 states)
# Algorithm: hybrid (hybrid Metropolis+Wolff)
# Theoretical Tc (8-state Potts): ~0.751
# Temperature range: 0.1-1.5 (optimized for critical region)
# Layer: 3/3
# System size: 16x16x3, Total sites: 768
# Void parameter D: 0.500
#
# Temperature          M^2          M^4          G^2          G^4       Energy           Cv         Corr
 1.000000e-01  1.000000e+00  1.000000e+00  1.000000e+00  1.000000e+00 -4.000000e+00  0.000000e+00  0.000000e+00
 1.080000e-01  1.000000e+00  1.000000e+00  1.000000e+00  1.000000e+00 -4.000000e+00  0.000000e+00  0.000000e+00
 1.160000e-01  1.000000e+00  1.000000e+00  1.000000e+00  1.000000e+00 -4.000000e+00  0.000000e+00  0.000000e+00
 1.240000e-01  1.000000e+00  1.000000e+00  1.000000e+00  1.000000e+00 -4.000000e+00  0.000000e+00  0.000000e+00
 1.320000e-01  1.000000e+00  1.000000e+00  1.000000e+00  1.000000e+00 -4.000000e+00  0.000000e+00  0.000000e+00
 1.400000e-01  1.000000e+00  1.000000e+00  1.000000e+00  1.000000e+00 -4.000000e+00  0.000000e+00  0.000000e+00
 1.480000e-01  1.000000e+00  1.000000e+00  1.000000e+00  1.000000e+00 -4.000000e+00  0.000000e+00  0.000000e+00
 1.560000e-01  1.000000e+00  1.000000e+00  1.000000e+00  1.000000e+00 -4.000000e+00  0.000000e+00  0.000000e+00
 1.640000e-01  1.000000e+00  1.000000e+00  1.000000e+00  1.000000e+00 -4.000000e+00  0.000000e+00  0.000000e+00
 1.720000e-01  1.000000e+00  1.000000e+00  1.000000e+00  1.000000e+00 -4.000000e+00  0.000000e+00  0.000000e+00
 1.800000e-01  1.000000e+00  1.000000e+00  1.000000e+00  1.000000e+00 -4.000000e+00  0.000000e+00  0.000000e+00
 1.880000e-01  1.000000e+00  1.000000e+00  1.000000e+00  1.000000e+00 -4.000000e+00  0.000000e+00  0.000000e+00
 1.960000e-01  1.000000e+00  1.000000e+00  1.000000e+00  1.000000e+00 -4.000000e+00  0.000000e+00  0.000000e+00
 2.040000e-01  1.000000e+00  1.000000e+00  1.000000e+00  1.000000e+00 -4.000000e+00  0.000000e+00  0.000000e+00
 2.120000e-01  1.000000e+00  1.000000e+00  1.000000e+00  1.000000e+00 -4.000000e+00  0.000000e+00  0.000000e+00
 2.200000e-01  1.000000e+00  1.000000e+00  1.000000e+00  1.000000e+00 -4.000000e+00  0.000000e+00  0.000000e+00
 2.280000e-01  1.000000e+00  1.000000e+00  1.000000e+00  9.999946e-01 -3.999989e+00  1.142347e-04  0.000000e+00
 2.360000e-01  9.999785e-01  9.999571e-01  9.999838e-01  9.999838e-01 -3.999935e+00  3.838365e-03  1.247975e+04
 2.440000e-01  1.000000e+00  1.000000e+00  1.000000e+00  1.000000e+00 -4.000000e+00  0.000000e+00  0.000000e+00
 2.520000e-01  1.000000e+00  1.000000e+00  9.999838e-01  9.999892e-01 -3.999946e+00  4.581612e-04  0.000000e+00
 2.600000e-01  1.000000e+00  1.000000e+00  9.999946e-01  9.999946e-01 -3.999978e+00  1.748088e-04  0.000000e+00
 2.680000e-01  9.999570e-01  9.999141e-01  9.999676e-01  9.999676e-01 -3.999870e+00  5.923015e-03  8.824421e+03
 2.760000e-01  9.999570e-01  9.999141e-01  9.999676e-01  9.999622e-01 -3.999860e+00  5.653183e-03  8.824421e+03
 2.840000e-01  9.998925e-01  9.997854e-01  9.999082e-01  9.999082e-01 -3.999633e+00  1.407551e-02  5.580873e+03
 2.920000e-01  9.999785e-01  9.999571e-01  9.999838e-01  9.999730e-01 -3.999914e+00  2.637485e-03  1.247975e+04
 3.000000e-01  9.998064e-01  9.996137e-01  9.998111e-01  9.998165e-01 -3.999255e+00  2.090170e-02  4.159558e+03
 3.080000e-01  9.998494e-01  9.996995e-01  9.998650e-01  9.998488e-01 -3.999428e+00  1.566261e-02  4.716597e+03
 3.160000e-01  9.999140e-01  9.998283e-01  9.998596e-01  9.999136e-01 -3.999547e+00  9.155301e-03  6.239673e+03
 3.240000e-01  9.999140e-01  9.998283e-01  9.998812e-01  9.998434e-01 -3.999449e+00  9.209930e-03  6.239673e+03
 3.320000e-01  9.997419e-01  9.994853e-01  9.997085e-01  9.996923e-01 -3.998802e+00  3.126379e-02  3.532395e+03
 3.400000e-01  9.997634e-01  9.995278e-01  9.997679e-01  9.996977e-01 -3.998931e+00  1.972171e-02  3.762381e+03
 3.480000e-01  9.995698e-01  9.991415e-01  9.995735e-01  9.995681e-01 -3.998283e+00  3.472369e-02  2.789986e+03
 3.560000e-01  9.996128e-01  9.992273e-01  9.995735e-01  9.995843e-01 -3.998316e+00  3.053052e-02  2.940966e+03
 3.640000e-01  9.993120e-01  9.986273e-01  9.993792e-01  9.993198e-01 -3.997398e+00  4.993613e-02  2.236887e+03
 3.720000e-01  9.993332e-01  9.986704e-01  9.992982e-01  9.993252e-01 -3.997247e+00  6.140882e-02  2.276880e+03
 3.800000e-01  9.994192e-01  9.988415e-01  9.993792e-01  9.993630e-01 -3.997484e+00  4.585919e-02  2.407035e+03
 3.880000e-01  9.990755e-01  9.981556e-01  9.990283e-01  9.989905e-01 -3.996038e+00  6.309616e-02  1.899808e+03
 3.960000e-01  9.987533e-01  9.975139e-01  9.987368e-01  9.988340e-01 -3.995174e+00  8.608715e-02  1.582450e+03
 4.040000e-01  9.984734e-01  9.969558e-01  9.984453e-01  9.983643e-01 -3.993619e+00  9.970172e-02  1.500564e+03
 4.120000e-01  9.984951e-01  9.969996e-01  9.984345e-01  9.983360e-01 -3.993619e+00  9.192947e-02  1.421223e+03
 4.200000e-01  9.974646e-01  9.949475e-01  9.975060e-01  9.976247e-01 -3.990283e+00  1.579345e-01  1.111504e+03
 4.280000e-01  9.978500e-01  9.957139e-01  9.977273e-01  9.977165e-01 -3.990931e+00  1.223722e-01  1.241492e+03
 4.360000e-01  9.973117e-01  9.946392e-01  9.971713e-01  9.973440e-01 -3.989093e+00  1.179546e-01  1.101210e+03
 4.440000e-01  9.961097e-01  9.922483e-01  9.962266e-01  9.961531e-01 -3.984781e+00  1.773161e-01  9.438155e+02
 4.520000e-01  9.964755e-01  9.929784e-01  9.961996e-01  9.964155e-01 -3.985381e+00  1.650334e-01  9.351422e+02
 4.600000e-01  9.951654e-01  9.903765e-01  9.953737e-01  9.951091e-01 -3.981030e+00  2.362398e-01  8.036169e+02
 4.680000e-01  9.954900e-01  9.910194e-01  9.953197e-01  9.955572e-01 -3.981872e+00  2.026736e-01  8.417403e+02
 4.760000e-01  9.943742e-01  9.888053e-01  9.942778e-01  9.943912e-01 -3.977418e+00  2.462805e-01  7.920236e+02
 4.840000e-01  9.934935e-01  9.870555e-01  9.936354e-01  9.936752e-01 -3.974855e+00  2.742838e-01  6.934575e+02
 4.920000e-01  9.921026e-01  9.843020e-01  9.924082e-01  9.922899e-01 -3.969825e+00  3.290179e-01  6.210457e+02
 5.050000e-01  9.922322e-01  9.845580e-01  9.920619e-01  9.923473e-01 -3.969115e+00  2.917372e-01  6.407098e+02
 5.100000e-01  9.897929e-01  9.797360e-01  9.901049e-01  9.900625e-01 -3.960614e+00  4.015177e-01  5.589162e+02
 5.150000e-01  9.907778e-01  9.816875e-01  9.906705e-01  9.907514e-01 -3.963120e+00  4.611998e-01  5.664449e+02
 5.200000e-01  9.909062e-01  9.819350e-01  9.908897e-01  9.906954e-01 -3.963725e+00  3.271522e-01  5.696462e+02
 5.250000e-01  9.883777e-01  9.769495e-01  9.885543e-01  9.887798e-01 -3.955258e+00  4.825999e-01  5.123837e+02
 5.300000e-01  9.875756e-01  9.753780e-01  9.880261e-01  9.877312e-01 -3.951962e+00  5.818034e-01  4.932802e+02
 5.350000e-01  9.875250e-01  9.752620e-01  9.876906e-01  9.876960e-01 -3.951229e+00  4.284504e-01  4.947439e+02
 5.400000e-01  9.858386e-01  9.719450e-01  9.860698e-01  9.864706e-01 -3.945809e+00  5.069986e-01  4.606371e+02
 5.450000e-01  9.862397e-01  9.727255e-01  9.864930e-01  9.865631e-01 -3.946666e+00  4.087908e-01  4.703254e+02
 5.500000e-01  9.844499e-01  9.692091e-01  9.845238e-01  9.847360e-01 -3.939063e+00  5.218560e-01  4.371877e+02
 5.550000e-01  9.845134e-01  9.693406e-01  9.848871e-01  9.847784e-01 -3.939993e+00  5.722235e-01  4.478498e+02
 5.600000e-01  9.815142e-01  9.634526e-01  9.819558e-01  9.819815e-01 -3.928987e+00  5.831134e-01  4.110317e+02
 5.650000e-01  9.835092e-01  9.673604e-01  9.834288e-01  9.837190e-01 -3.934767e+00  5.104563e-01  4.387591e+02
 5.700000e-01  9.809389e-01  9.623305e-01  9.810345e-01  9.806275e-01 -3.924631e+00  5.928478e-01  3.903899e+02
 5.750000e-01  9.794463e-01  9.594097e-01  9.795407e-01  9.799248e-01 -3.919739e+00  6.548155e-01  3.806558e+02
 5.800000e-01  9.777168e-01  9.560193e-01  9.780611e-01  9.786740e-01 -3.914802e+00  6.141003e-01  3.622213e+02
 5.850000e-01  9.781715e-01  9.569250e-01  9.788343e-01  9.789045e-01 -3.916337e+00  6.654259e-01  3.668343e+02
 5.900000e-01  9.750444e-01  9.508366e-01  9.753990e-01  9.752679e-01 -3.902633e+00  8.227976e-01  3.370727e+02
 5.950000e-01  9.753733e-01  9.514775e-01  9.751919e-01  9.753453e-01 -3.903388e+00  7.359998e-01  3.426395e+02
 6.000000e-01  9.74