# Enhanced Quasi-3D Monte Carlo Simulation
# Timestamp: 20250716_042505
# Spin model: icosahedral (13 states)
# Algorithm: hybrid (hybrid Metropolis+Wolff)
# Theoretical Tc (8-state Potts): ~0.751
# Temperature range: 0.1-1.5 (optimized for critical region)
# Layer: 1/3
# System size: 16x16x3, Total sites: 768
# Void parameter D: 0.500
#
# Temperature          M^2          M^4          G^2          G^4       Energy           Cv         Corr
 1.000000e-01  1.000000e+00  1.000000e+00  1.000000e+00  1.000000e+00 -4.000000e+00  0.000000e+00  0.000000e+00
 1.080000e-01  1.000000e+00  1.000000e+00  1.000000e+00  1.000000e+00 -4.000000e+00  0.000000e+00  0.000000e+00
 1.160000e-01  1.000000e+00  1.000000e+00  1.000000e+00  1.000000e+00 -4.000000e+00  0.000000e+00  0.000000e+00
 1.240000e-01  1.000000e+00  1.000000e+00  1.000000e+00  1.000000e+00 -4.000000e+00  0.000000e+00  0.000000e+00
 1.320000e-01  1.000000e+00  1.000000e+00  1.000000e+00  1.000000e+00 -4.000000e+00  0.000000e+00  0.000000e+00
 1.400000e-01  1.000000e+00  1.000000e+00  1.000000e+00  1.000000e+00 -4.000000e+00  0.000000e+00  0.000000e+00
 1.480000e-01  1.000000e+00  1.000000e+00  1.000000e+00  1.000000e+00 -4.000000e+00  0.000000e+00  0.000000e+00
 1.560000e-01  1.000000e+00  1.000000e+00  1.000000e+00  1.000000e+00 -4.000000e+00  0.000000e+00  0.000000e+00
 1.640000e-01  1.000000e+00  1.000000e+00  1.000000e+00  1.000000e+00 -4.000000e+00  0.000000e+00  0.000000e+00
 1.720000e-01  1.000000e+00  1.000000e+00  1.000000e+00  1.000000e+00 -4.000000e+00  0.000000e+00  0.000000e+00
 1.800000e-01  1.000000e+00  1.000000e+00  1.000000e+00  1.000000e+00 -4.000000e+00  0.000000e+00  0.000000e+00
 1.880000e-01  1.000000e+00  1.000000e+00  1.000000e+00  1.000000e+00 -4.000000e+00  0.000000e+00  0.000000e+00
 1.960000e-01  1.000000e+00  1.000000e+00  1.000000e+00  1.000000e+00 -4.000000e+00  0.000000e+00  0.000000e+00
 2.040000e-01  1.000000e+00  1.000000e+00  1.000000e+00  1.000000e+00 -4.000000e+00  0.000000e+00  0.000000e+00
 2.120000e-01  1.000000e+00  1.000000e+00  1.000000e+00  1.000000e+00 -4.000000e+00  0.000000e+00  0.000000e+00
 2.200000e-01  1.000000e+00  1.000000e+00  1.000000e+00  1.000000e+00 -4.000000e+00  0.000000e+00  0.000000e+00
 2.280000e-01  1.000000e+00  1.000000e+00  9.999946e-01  1.000000e+00 -3.999989e+00  1.142347e-04  0.000000e+00
 2.360000e-01  1.000000e+00  1.000000e+00  1.000000e+00  9.999946e-01 -3.999989e+00  1.066213e-04  0.000000e+00
 2.440000e-01  1.000000e+00  1.000000e+00  1.000000e+00  1.000000e+00 -4.000000e+00  0.000000e+00  0.000000e+00
 2.520000e-01  9.999355e-01  9.998712e-01  9.999406e-01  9.999514e-01 -3.999784e+00  1.015003e-02  7.205032e+03
 2.600000e-01  9.999785e-01  9.999571e-01  9.999784e-01  9.999838e-01 -3.999924e+00  3.244998e-03  1.247975e+04
 2.680000e-01  1.000000e+00  1.000000e+00  1.000000e+00  9.999892e-01 -3.999978e+00  1.645282e-04  0.000000e+00
 2.760000e-01  1.000000e+00  1.000000e+00  9.999946e-01  9.999892e-01 -3.999968e+00  2.315176e-04  0.000000e+00
 2.840000e-01  9.999570e-01  9.999141e-01  9.999568e-01  9.999406e-01 -3.999795e+00  5.860111e-03  8.824421e+03
 2.920000e-01  1.000000e+00  1.000000e+00  9.999892e-01  9.999946e-01 -3.999968e+00  2.068410e-04  0.000000e+00
 3.000000e-01  9.998279e-01  9.996566e-01  9.998327e-01  9.998219e-01 -3.999309e+00  1.880122e-02  4.411925e+03
 3.080000e-01  9.999140e-01  9.998283e-01  9.998974e-01  9.998974e-01 -3.999590e+00  9.486086e-03  6.239673e+03
 3.160000e-01  9.996989e-01  9.993990e-01  9.997517e-01  9.997517e-01 -3.999007e+00  2.807195e-02  3.334886e+03
 3.240000e-01  9.997849e-01  9.995707e-01  9.997463e-01  9.998165e-01 -3.999125e+00  2.116047e-02  3.946061e+03
 3.320000e-01  9.996127e-01  9.992275e-01  9.995951e-01  9.996437e-01 -3.998478e+00  4.058778e-02  2.895401e+03
 3.400000e-01  9.997849e-01  9.995707e-01  9.997139e-01  9.997787e-01 -3.998985e+00  1.816383e-02  3.946061e+03
 3.480000e-01  9.995915e-01  9.991851e-01  9.995843e-01  9.995843e-01 -3.998337e+00  3.979108e-02  2.874794e+03
 3.560000e-01  9.994624e-01  9.989276e-01  9.994710e-01  9.994980e-01 -3.997938e+00  4.580119e-02  2.534401e+03
 3.640000e-01  9.995913e-01  9.991844e-01  9.995303e-01  9.995196e-01 -3.998100e+00  2.923930e-02  2.862496e+03
 3.720000e-01  9.992042e-01  9.984123e-01  9.992280e-01  9.992334e-01 -3.996923e+00  5.748417e-02  2.081757e+03
 3.800000e-01  9.992688e-01  9.985414e-01  9.992496e-01  9.993036e-01 -3.997107e+00  5.608142e-02  2.098951e+03
 3.880000e-01  9.989035e-01  9.978126e-01  9.988610e-01  9.989419e-01 -3.995606e+00  7.479917e-02  1.794682e+03
 3.960000e-01  9.987098e-01  9.974270e-01  9.987962e-01  9.987152e-01 -3.995023e+00  8.473378e-02  1.615551e+03
 4.040000e-01  9.983878e-01  9.967855e-01  9.982995e-01  9.984021e-01 -3.993425e+00  1.063568e-01  1.397624e+03
 4.120000e-01  9.982802e-01  9.965708e-01  9.981808e-01  9.983265e-01 -3.993047e+00  9.930342e-02  1.344703e+03
 4.200000e-01  9.975924e-01  9.951989e-01  9.977057e-01  9.975600e-01 -3.990531e+00  1.183276e-01  1.191127e+03
 4.280000e-01  9.973549e-01  9.947263e-01  9.973332e-01  9.974790e-01 -3.989646e+00  1.271483e-01  1.104696e+03
 4.360000e-01  9.967551e-01  9.935335e-01  9.969068e-01  9.968839e-01 -3.987681e+00  1.647525e-01  1.011497e+03
 4.440000e-01  9.965827e-01  9.931933e-01  9.965559e-01  9.964608e-01 -3.986040e+00  2.018638e-01  9.832191e+02
 4.520000e-01  9.953595e-01  9.907571e-01  9.955896e-01  9.956348e-01 -3.982596e+00  1.791097e-01  8.382723e+02
 4.600000e-01  9.959185e-01  9.918690e-01  9.956261e-01  9.957515e-01 -3.982831e+00  1.826970e-01  8.805572e+02
 4.680000e-01  9.947402e-01  9.895288e-01  9.950174e-01  9.949526e-01 -3.980026e+00  2.174891e-01  7.728046e+02
 4.760000e-01  9.940512e-01  9.881686e-01  9.941835e-01  9.941266e-01 -3.976874e+00  2.951020e-01  7.198993e+02
 4.840000e-01  9.939448e-01  9.879522e-01  9.939863e-01  9.938621e-01 -3.975986e+00  2.552268e-01  7.044822e+02
 4.920000e-01  9.930662e-01  9.862168e-01  9.930012e-01  9.928676e-01 -3.971984e+00  3.420836e-01  6.885438e+02
 5.050000e-01  9.912639e-01  9.826410e-01  9.916650e-01  9.915969e-01 -3.966628e+00  3.215407e-01  6.197754e+02
 5.100000e-01  9.908422e-01  9.818107e-01  9.907514e-01  9.905908e-01 -3.963084e+00  3.511978e-01  5.871516e+02
 5.150000e-01  9.902431e-01  9.806400e-01  9.902630e-01  9.904288e-01 -3.961768e+00  5.371063e-01  5.527910e+02
 5.200000e-01  9.905853e-01  9.813091e-01  9.904479e-01  9.907373e-01 -3.962674e+00  4.113949e-01  5.827190e+02
 5.250000e-01  9.888738e-01  9.779139e-01  9.891103e-01  9.887947e-01 -3.956333e+00  3.769201e-01  5.243589e+02
 5.300000e-01  9.889999e-01  9.781766e-01  9.888039e-01  9.887299e-01 -3.955456e+00  4.561192e-01  5.355330e+02
 5.350000e-01  9.877802e-01  9.757578e-01  9.879135e-01  9.878168e-01 -3.951776e+00  3.991032e-01  4.890916e+02
 5.400000e-01  9.860679e-01  9.723828e-01  9.865063e-01  9.861724e-01 -3.945824e+00  4.258077e-01  4.644244e+02
 5.450000e-01  9.870337e-01  9.742909e-01  9.870536e-01  9.869343e-01 -3.948312e+00  4.106113e-01  5.017220e+02
 5.500000e-01  9.844283e-01  9.691743e-01  9.846352e-01  9.844827e-01 -3.938866e+00  5.498919e-01  4.595762e+02
 5.550000e-01  9.857464e-01  9.717496e-01  9.855706e-01  9.855213e-01 -3.942615e+00  4.328414e-01  4.531590e+02
 5.600000e-01  9.831339e-01  9.666352e-01  9.832494e-01  9.827926e-01 -3.932867e+00  5.549210e-01  4.116882e+02
 5.650000e-01  9.827457e-01  9.658662e-01  9.831851e-01  9.830625e-01 -3.933261e+00  5.601057e-01  4.153850e+02
 5.700000e-01  9.808552e-01  9.621602e-01  9.806188e-01  9.809841e-01 -3.924269e+00  5.641734e-01  3.960355e+02
 5.750000e-01  9.775722e-01  9.557483e-01  9.785911e-01  9.785819e-01 -3.915162e+00  6.569488e-01  3.494923e+02
 5.800000e-01  9.782943e-01  9.571469e-01  9.789730e-01  9.784174e-01 -3.916052e+00  6.033367e-01  3.653634e+02
 5.850000e-01  9.795479e-01  9.595964e-01  9.798467e-01  9.794539e-01 -3.919640e+00  5.503810e-01  3.851840e+02
 5.900000e-01  9.749181e-01  9.505737e-01  9.751987e-01  9.752957e-01 -3.902060e+00  7.496823e-01  3.428956e+02
 5.950000e-01  9.736369e-01  9.481027e-01  9.742183e-01  9.744487e-01 -3.898827e+00  7.798569e-01  3.240878e+02
 6.000000e-01  9.71