# Enhanced Quasi-3D Monte Carlo Simulation
# Timestamp: 20250716_042505
# Spin model: icosahedral (13 states)
# Algorithm: hybrid (hybrid Metropolis+Wolff)
# Theoretical Tc (8-state Potts): ~0.751
# Temperature range: 0.1-1.5 (optimized for critical region)
# Layer: 2/3
# System size: 16x16x3, Total sites: 768
# Void parameter D: 0.500
#
# Temperature          M^2          M^4          G^2          G^4       Energy           Cv         Corr
 1.000000e-01  1.000000e+00  1.000000e+00  1.000000e+00  1.000000e+00 -4.000000e+00  0.000000e+00  0.000000e+00
 1.080000e-01  1.000000e+00  1.000000e+00  1.000000e+00  1.000000e+00 -4.000000e+00  0.000000e+00  0.000000e+00
 1.160000e-01  1.000000e+00  1.000000e+00  1.000000e+00  1.000000e+00 -4.000000e+00  0.000000e+00  0.000000e+00
 1.240000e-01  1.000000e+00  1.000000e+00  1.000000e+00  1.000000e+00 -4.000000e+00  0.000000e+00  0.000000e+00
 1.320000e-01  1.000000e+00  1.000000e+00  1.000000e+00  1.000000e+00 -4.000000e+00  0.000000e+00  0.000000e+00
 1.400000e-01  1.000000e+00  1.000000e+00  1.000000e+00  1.000000e+00 -4.000000e+00  0.000000e+00  0.000000e+00
 1.480000e-01  1.000000e+00  1.000000e+00  1.000000e+00  1.000000e+00 -4.000000e+00  0.000000e+00  0.000000e+00
 1.560000e-01  1.000000e+00  1.000000e+00  1.000000e+00  1.000000e+00 -4.000000e+00  0.000000e+00  0.000000e+00
 1.640000e-01  1.000000e+00  1.000000e+00  1.000000e+00  1.000000e+00 -4.000000e+00  0.000000e+00  0.000000e+00
 1.720000e-01  1.000000e+00  1.000000e+00  1.000000e+00  1.000000e+00 -4.000000e+00  0.000000e+00  0.000000e+00
 1.800000e-01  1.000000e+00  1.000000e+00  1.000000e+00  1.000000e+00 -4.000000e+00  0.000000e+00  0.000000e+00
 1.880000e-01  1.000000e+00  1.000000e+00  1.000000e+00  1.000000e+00 -4.000000e+00  0.000000e+00  0.000000e+00
 1.960000e-01  1.000000e+00  1.000000e+00  1.000000e+00  1.000000e+00 -4.000000e+00  0.000000e+00  0.000000e+00
 2.040000e-01  1.000000e+00  1.000000e+00  1.000000e+00  1.000000e+00 -4.000000e+00  0.000000e+00  0.000000e+00
 2.120000e-01  1.000000e+00  1.000000e+00  1.000000e+00  1.000000e+00 -4.000000e+00  0.000000e+00  0.000000e+00
 2.200000e-01  1.000000e+00  1.000000e+00  1.000000e+00  1.000000e+00 -4.000000e+00  0.000000e+00  0.000000e+00
 2.280000e-01  9.999785e-01  9.999571e-01  9.999838e-01  9.999838e-01 -3.999935e+00  4.112450e-03  1.247975e+04
 2.360000e-01  1.000000e+00  1.000000e+00  9.999946e-01  1.000000e+00 -3.999989e+00  1.066213e-04  0.000000e+00
 2.440000e-01  1.000000e+00  1.000000e+00  1.000000e+00  1.000000e+00 -4.000000e+00  0.000000e+00  0.000000e+00
 2.520000e-01  9.999570e-01  9.999141e-01  9.999676e-01  9.999514e-01 -3.999838e+00  6.942904e-03  8.824421e+03
 2.600000e-01  9.999785e-01  9.999571e-01  9.999838e-01  9.999784e-01 -3.999924e+00  3.244998e-03  1.247975e+04
 2.680000e-01  1.000000e+00  1.000000e+00  9.999892e-01  1.000000e+00 -3.999978e+00  1.645282e-04  0.000000e+00
 2.760000e-01  9.999785e-01  9.999571e-01  9.999730e-01  9.999838e-01 -3.999914e+00  2.952144e-03  1.247975e+04
 2.840000e-01  9.999570e-01  9.999141e-01  9.999406e-01  9.999568e-01 -3.999795e+00  6.600071e-03  8.824421e+03
 2.920000e-01  9.999570e-01  9.999141e-01  9.999622e-01  9.999676e-01 -3.999860e+00  5.050629e-03  8.824421e+03
 3.000000e-01  9.998494e-01  9.996995e-01  9.998381e-01  9.998434e-01 -3.999363e+00  1.668416e-02  4.716597e+03
 3.080000e-01  9.998494e-01  9.996995e-01  9.998488e-01  9.998650e-01 -3.999428e+00  1.566261e-02  4.716597e+03
 3.160000e-01  9.999140e-01  9.998283e-01  9.999136e-01  9.998596e-01 -3.999547e+00  9.155301e-03  6.239673e+03
 3.240000e-01  9.996343e-01  9.992703e-01  9.997031e-01  9.996707e-01 -3.998748e+00  3.312948e-02  3.026262e+03
 3.320000e-01  9.995484e-01  9.990994e-01  9.995951e-01  9.995627e-01 -3.998316e+00  5.210604e-02  2.806651e+03
 3.400000e-01  9.995055e-01  9.990132e-01  9.995681e-01  9.995735e-01 -3.998283e+00  4.102350e-02  2.618316e+03
 3.480000e-01  9.995698e-01  9.991415e-01  9.995681e-01  9.995735e-01 -3.998283e+00  3.669496e-02  2.789986e+03
 3.560000e-01  9.995056e-01  9.990138e-01  9.995303e-01  9.994926e-01 -3.998046e+00  4.385159e-02  2.773673e+03
 3.640000e-01  9.993547e-01  9.987122e-01  9.993414e-01  9.994116e-01 -3.997506e+00  4.244072e-02  2.277768e+03
 3.720000e-01  9.993121e-01  9.986276e-01  9.993144e-01  9.992820e-01 -3.997214e+00  5.335704e-02  2.151251e+03
 3.800000e-01  9.992042e-01  9.984122e-01  9.992550e-01  9.992172e-01 -3.996945e+00  5.375344e-02  2.047593e+03
 3.880000e-01  9.987526e-01  9.975109e-01  9.988286e-01  9.987854e-01 -3.995228e+00  6.831435e-02  1.655035e+03
 3.960000e-01  9.990754e-01  9.981556e-01  9.989905e-01  9.989797e-01 -3.995940e+00  6.116496e-02  1.883704e+03
 4.040000e-01  9.980656e-01  9.961449e-01  9.981592e-01  9.981376e-01 -3.992637e+00  1.436467e-01  1.282790e+03
 4.120000e-01  9.979150e-01  9.958431e-01  9.980512e-01  9.979972e-01 -3.992216e+00  1.116613e-01  1.212862e+03
 4.200000e-01  9.980222e-01  9.960569e-01  9.979055e-01  9.979217e-01 -3.991676e+00  1.262256e-01  1.286456e+03
 4.280000e-01  9.972718e-01  9.945649e-01  9.974250e-01  9.972901e-01 -3.989538e+00  1.696854e-01  1.070093e+03
 4.360000e-01  9.974197e-01  9.948569e-01  9.973980e-01  9.972415e-01 -3.989376e+00  1.381642e-01  1.110603e+03
 4.440000e-01  9.963481e-01  9.927271e-01  9.962718e-01  9.964425e-01 -3.985418e+00  2.195573e-01  9.725671e+02
 4.520000e-01  9.962628e-01  9.925540e-01  9.963184e-01  9.960646e-01 -3.984788e+00  1.590499e-01  8.957762e+02
 4.600000e-01  9.948653e-01  9.897794e-01  9.949338e-01  9.950971e-01 -3.980164e+00  2.529096e-01  7.838795e+02
 4.680000e-01  9.956576e-01  9.913513e-01  9.956436e-01  9.954384e-01 -3.982226e+00  1.891066e-01  9.012115e+02
 4.760000e-01  9.944796e-01  9.890151e-01  9.944397e-01  9.944128e-01 -3.977875e+00  2.578549e-01  7.530538e+02
 4.840000e-01  9.940506e-01  9.881592e-01  9.939593e-01  9.940228e-01 -3.976161e+00  2.354024e-01  7.215885e+02
 4.920000e-01  9.925106e-01  9.851141e-01  9.925221e-01  9.927380e-01 -3.970817e+00  3.598712e-01  6.589350e+02
 5.050000e-01  9.924434e-01  9.849697e-01  9.924285e-01  9.922056e-01 -3.969558e+00  2.288568e-01  6.327864e+02
 5.100000e-01  9.906253e-01  9.813837e-01  9.904990e-01  9.906638e-01 -3.962641e+00  3.865704e-01  5.903078e+02
 5.150000e-01  9.904358e-01  9.810074e-01  9.905417e-01  9.903777e-01 -3.962041e+00  4.480969e-01  5.987779e+02
 5.200000e-01  9.898749e-01  9.799036e-01  9.901879e-01  9.900712e-01 -3.960871e+00  4.238517e-01  5.671354e+02
 5.250000e-01  9.896558e-01  9.794600e-01  9.894301e-01  9.895247e-01 -3.958120e+00  3.794065e-01  5.633829e+02
 5.300000e-01  9.880271e-01  9.762548e-01  9.879510e-01  9.883122e-01 -3.952911e+00  4.264816e-01  5.216636e+02
 5.350000e-01  9.877809e-01  9.757706e-01  9.878027e-01  9.878192e-01 -3.951850e+00  4.707205e-01  5.057108e+02
 5.400000e-01  9.873570e-01  9.749260e-01  9.871806e-01  9.871366e-01 -3.949154e+00  3.968939e-01  5.011577e+02
 5.450000e-01  9.865576e-01  9.733530e-01  9.866752e-01  9.868281e-01 -3.947332e+00  4.088029e-01  4.898886e+02
 5.500000e-01  9.849252e-01  9.701624e-01  9.849540e-01  9.849179e-01 -3.940392e+00  6.412473e-01  4.513988e+02
 5.550000e-01  9.848591e-01  9.700177e-01  9.848925e-01  9.851164e-01 -3.941182e+00  5.470508e-01  4.531714e+02
 5.600000e-01  9.829341e-01  9.662261e-01  9.827221e-01  9.830920e-01 -3.932375e+00  4.706857e-01  4.171087e+02
 5.650000e-01  9.834676e-01  9.672797e-01  9.836979e-01  9.834802e-01 -3.935066e+00  4.876469e-01  4.401470e+02
 5.700000e-01  9.792431e-01  9.589890e-01  9.797425e-01  9.798153e-01 -3.919919e+00  4.900430e-01  3.870941e+02
 5.750000e-01  9.805766e-01  9.616121e-01  9.805366e-01  9.799942e-01 -3.922036e+00  5.358318e-01  3.956297e+02
 5.800000e-01  9.802742e-01  9.610416e-01  9.799356e-01  9.799783e-01 -3.920837e+00  6.854586e-01  3.879036e+02
 5.850000e-01  9.798739e-01  9.602531e-01  9.797513e-01  9.800374e-01 -3.920298e+00  6.642574e-01  3.903826e+02
 5.900000e-01  9.747602e-01  9.502837e-01  9.751726e-01  9.750068e-01 -3.902513e+00  8.416014e-01  3.379381e+02
 5.950000e-01  9.741378e-01  9.490708e-01  9.747193e-01  9.744193e-01 -3.899753e+00  7.723752e-01  3.371829e+02
 6.000000e-01  9.74