# Enhanced Quasi-3D Monte Carlo Simulation
# Timestamp: 20250716_042028
# Spin model: icosahedral (13 states)
# Algorithm: hybrid (hybrid Metropolis+Wolff)
# Theoretical Tc (8-state Potts): ~0.751
# Temperature range: 0.1-1.5 (optimized for critical region)
# Layer: 2/3
# System size: 8x8x3, Total sites: 192
# Void parameter D: 0.500
#
# Temperature          M^2          M^4          G^2          G^4       Energy           Cv         Corr
 1.000000e-01  1.000000e+00  1.000000e+00  1.000000e+00  1.000000e+00 -4.000000e+00  0.000000e+00  0.000000e+00
 1.080000e-01  1.000000e+00  1.000000e+00  1.000000e+00  1.000000e+00 -4.000000e+00  0.000000e+00  0.000000e+00
 1.160000e-01  1.000000e+00  1.000000e+00  1.000000e+00  1.000000e+00 -4.000000e+00  0.000000e+00  0.000000e+00
 1.240000e-01  1.000000e+00  1.000000e+00  1.000000e+00  1.000000e+00 -4.000000e+00  0.000000e+00  0.000000e+00
 1.320000e-01  1.000000e+00  1.000000e+00  1.000000e+00  1.000000e+00 -4.000000e+00  0.000000e+00  0.000000e+00
 1.400000e-01  1.000000e+00  1.000000e+00  1.000000e+00  1.000000e+00 -4.000000e+00  0.000000e+00  0.000000e+00
 1.480000e-01  1.000000e+00  1.000000e+00  1.000000e+00  1.000000e+00 -4.000000e+00  0.000000e+00  0.000000e+00
 1.560000e-01  1.000000e+00  1.000000e+00  1.000000e+00  1.000000e+00 -4.000000e+00  0.000000e+00  0.000000e+00
 1.640000e-01  1.000000e+00  1.000000e+00  1.000000e+00  1.000000e+00 -4.000000e+00  0.000000e+00  0.000000e+00
 1.720000e-01  1.000000e+00  1.000000e+00  1.000000e+00  1.000000e+00 -4.000000e+00  0.000000e+00  0.000000e+00
 1.800000e-01  1.000000e+00  1.000000e+00  1.000000e+00  1.000000e+00 -4.000000e+00  0.000000e+00  0.000000e+00
 1.880000e-01  1.000000e+00  1.000000e+00  1.000000e+00  1.000000e+00 -4.000000e+00  0.000000e+00  0.000000e+00
 1.960000e-01  1.000000e+00  1.000000e+00  1.000000e+00  1.000000e+00 -4.000000e+00  0.000000e+00  0.000000e+00
 2.040000e-01  1.000000e+00  1.000000e+00  1.000000e+00  1.000000e+00 -4.000000e+00  0.000000e+00  0.000000e+00
 2.120000e-01  1.000000e+00  1.000000e+00  1.000000e+00  1.000000e+00 -4.000000e+00  0.000000e+00  0.000000e+00
 2.200000e-01  1.000000e+00  1.000000e+00  1.000000e+00  1.000000e+00 -4.000000e+00  0.000000e+00  0.000000e+00
 2.280000e-01  1.000000e+00  1.000000e+00  1.000000e+00  1.000000e+00 -4.000000e+00  0.000000e+00  0.000000e+00
 2.360000e-01  1.000000e+00  1.000000e+00  1.000000e+00  1.000000e+00 -4.000000e+00  0.000000e+00  0.000000e+00
 2.440000e-01  1.000000e+00  1.000000e+00  1.000000e+00  1.000000e+00 -4.000000e+00  0.000000e+00  0.000000e+00
 2.520000e-01  1.000000e+00  1.000000e+00  1.000000e+00  1.000000e+00 -4.000000e+00  0.000000e+00  0.000000e+00
 2.600000e-01  1.000000e+00  1.000000e+00  1.000000e+00  9.999568e-01 -3.999914e+00  6.992351e-04  0.000000e+00
 2.680000e-01  1.000000e+00  1.000000e+00  1.000000e+00  9.999352e-01 -3.999870e+00  9.821835e-04  0.000000e+00
 2.760000e-01  9.998300e-01  9.996628e-01  9.998704e-01  9.998704e-01 -3.999482e+00  2.233851e-02  1.124591e+03
 2.840000e-01  1.000000e+00  1.000000e+00  1.000000e+00  1.000000e+00 -4.000000e+00  0.000000e+00  0.000000e+00
 2.920000e-01  9.999150e-01  9.998314e-01  9.999352e-01  9.999352e-01 -3.999741e+00  1.002916e-02  1.590479e+03
 3.000000e-01  1.000000e+00  1.000000e+00  1.000000e+00  9.999568e-01 -3.999914e+00  5.252033e-04  0.000000e+00
 3.080000e-01  9.999150e-01  9.998314e-01  9.998920e-01  9.999136e-01 -3.999611e+00  9.712574e-03  1.590479e+03
 3.160000e-01  9.997449e-01  9.994942e-01  9.998057e-01  9.997625e-01 -3.999136e+00  2.581989e-02  9.181850e+02
 3.240000e-01  1.000000e+00  1.000000e+00  1.000000e+00  9.998273e-01 -3.999655e+00  1.746530e-03  0.000000e+00
 3.320000e-01  9.996599e-01  9.993256e-01  9.997193e-01  9.996761e-01 -3.998791e+00  3.120558e-02  7.951374e+02
 3.400000e-01  9.994899e-01  9.989884e-01  9.995681e-01  9.995465e-01 -3.998229e+00  4.390358e-02  6.491713e+02
 3.480000e-01  9.999150e-01  9.998314e-01  9.997409e-01  9.999136e-01 -3.999309e+00  8.815522e-03  1.590479e+03
 3.560000e-01  9.994899e-01  9.989884e-01  9.995681e-01  9.994386e-01 -3.998013e+00  4.057801e-02  6.491713e+02
 3.640000e-01  9.994048e-01  9.988198e-01  9.994386e-01  9.993954e-01 -3.997668e+00  4.782287e-02  6.009901e+02
 3.720000e-01  9.995749e-01  9.991570e-01  9.996545e-01  9.995249e-01 -3.998359e+00  3.118669e-02  7.111620e+02
 3.800000e-01  9.990631e-01  9.981480e-01  9.990499e-01  9.989851e-01 -3.996070e+00  8.953899e-02  4.793416e+02
 3.880000e-01  9.985546e-01  9.971338e-01  9.986180e-01  9.987260e-01 -3.994688e+00  9.314123e-02  3.854833e+02
 3.960000e-01  9.986423e-01  9.973134e-01  9.986396e-01  9.985964e-01 -3.994472e+00  1.096213e-01  4.064476e+02
 4.040000e-01  9.991498e-01  9.983140e-01  9.990283e-01  9.988556e-01 -3.995768e+00  5.353026e-02  5.027597e+02
 4.120000e-01  9.983900e-01  9.968128e-01  9.984237e-01  9.984021e-01 -3.993652e+00  1.101152e-01  4.025595e+02
 4.200000e-01  9.975389e-01  9.951339e-01  9.977111e-01  9.973656e-01 -3.990153e+00  1.702607e-01  2.887355e+02
 4.280000e-01  9.978763e-01  9.957973e-01  9.979918e-01  9.977975e-01 -3.991579e+00  1.306965e-01  3.222536e+02
 4.360000e-01  9.966865e-01  9.934436e-01  9.967178e-01  9.965667e-01 -3.986569e+00  2.041224e-01  2.543509e+02
 4.440000e-01  9.971173e-01  9.943006e-01  9.965883e-01  9.969769e-01 -3.987130e+00  1.673557e-01  2.721374e+02
 4.520000e-01  9.944840e-01  9.890901e-01  9.950767e-01  9.950120e-01 -3.979961e+00  2.815519e-01  1.985511e+02
 4.600000e-01  9.974493e-01  9.949420e-01  9.969554e-01  9.966962e-01 -3.987303e+00  1.139287e-01  2.900194e+02
 4.680000e-01  9.956756e-01  9.914471e-01  9.958109e-01  9.954006e-01 -3.982596e+00  2.010939e-01  2.129849e+02
 4.760000e-01  9.942328e-01  9.886149e-01  9.946233e-01  9.941051e-01 -3.977716e+00  3.125845e-01  1.847508e+02
 4.840000e-01  9.943166e-01  9.887552e-01  9.939971e-01  9.946449e-01 -3.977457e+00  2.231387e-01  1.915376e+02
 4.920000e-01  9.907600e-01  9.817506e-01  9.912116e-01  9.918162e-01 -3.966055e+00  3.588880e-01  1.472077e+02
 5.050000e-01  9.906683e-01  9.815976e-01  9.904342e-01  9.906501e-01 -3.962514e+00  3.709650e-01  1.429446e+02
 5.100000e-01  9.906471e-01  9.815545e-01  9.904558e-01  9.912763e-01 -3.963723e+00  3.847562e-01  1.446815e+02
 5.150000e-01  9.935501e-01  9.872350e-01  9.927879e-01  9.918162e-01 -3.968863e+00  2.190656e-01  1.808656e+02
 5.200000e-01  9.884115e-01  9.771917e-01  9.887715e-01  9.875490e-01 -3.952452e+00  5.666272e-01  1.348510e+02
 5.250000e-01  9.875517e-01  9.754531e-01  9.880374e-01  9.881402e-01 -3.952398e+00  4.498087e-01  1.284590e+02
 5.300000e-01  9.881322e-01  9.766022e-01  9.882965e-01  9.880754e-01 -3.953219e+00  4.164837e-01  1.301032e+02
 5.350000e-01  9.894021e-01  9.790745e-01  9.884260e-01  9.889176e-01 -3.954860e+00  3.294887e-01  1.403752e+02
 5.400000e-01  9.829559e-01  9.665937e-01  9.840540e-01  9.841804e-01 -3.938057e+00  7.271499e-01  1.033784e+02
 5.450000e-01  9.865498e-01  9.735449e-01  9.866401e-01  9.856900e-01 -3.945697e+00  5.035264e-01  1.181412e+02
 5.500000e-01  9.821576e-01  9.649281e-01  9.825743e-01  9.819646e-01 -3.930217e+00  5.353541e-01  1.035151e+02
 5.550000e-01  9.856074e-01  9.716769e-01  9.846040e-01  9.853198e-01 -3.940608e+00  4.929239e-01  1.166014e+02
 5.600000e-01  9.859506e-01  9.723867e-01  9.850359e-01  9.854246e-01 -3.941877e+00  5.163257e-01  1.145175e+02
 5.650000e-01  9.826744e-01  9.659817e-01  9.823183e-01  9.826391e-01 -3.930632e+00  5.916981e-01  1.085122e+02
 5.700000e-01  9.825928e-01  9.658027e-01  9.811656e-01  9.819697e-01 -3.926770e+00  6.295687e-01  1.089005e+02
 5.750000e-01  9.814782e-01  9.636525e-01  9.814412e-01  9.812355e-01 -3.926141e+00  6.489353e-01  1.065555e+02
 5.800000e-01  9.754463e-01  9.520135e-01  9.763071e-01  9.768038e-01 -3.908042e+00  8.205800e-01  8.582917e+01
 5.850000e-01  9.741734e-01  9.494575e-01  9.753704e-01  9.748337e-01 -3.901634e+00  7.413358e-01  8.563798e+01
 5.900000e-01  9.777379e-01  9.563770e-01  9.770661e-01  9.768933e-01 -3.910131e+00  6.773239e-01  8.909806e+01
 5.950000e-01  9.752651e-01  9.516325e-01  9.753582e-01  9.760912e-01 -3.905002e+00  8.063249e-01  8.788159e+01
 6.000000e-01  9.735645e-01  9.483401e-01  9.735546e-01  9.732739e-01 -3.895462e+00  8.440364e-01  8.553823e+01
 6.050000e-01  9.719285e-01  9.452634e-01  9.724800e-01  9.722158e-01 -3.890794e+00  9.793553e-01  8.241764e+01
 6.100000e-01  9.668996e-01  9.354528e-01  9.674221e-01  9.688524e-01 -3.875134e+00  8.234043e-01  7.337171e+01
 6.150000e-01  9.655218e-01  9.327881e-01  9.674952e-01  9.662263e-01 -3.869310e+00  8.761497e-01  7.344663e+01
 6.200000e-01  9.729552e-01  9.471113e-01  9.724914e-01  9.726496e-01 -3.892090e+00  6.610180e-01  8.622453e+01
 6.250000e-01  9.731973e-01  9.475782e-01  9.718507e-01  9.726909e-01 -3.890648e+00  6.995980e-01  8.076904e+01
 6.300000e-01  9.612114e-01  9.246823e-01  9.628546e-01  9.634922e-01 -3.856082e+00  1.112103e+00  6.598419e+01
 6.350000e-01  9.629764e-01  9.280540e-01  9.630792e-01  9.621514e-01 -3.853698e+00  1.122935e+00  6.868692e+01
 6.400000e-01  9.628715e-01  9.277956e-01  9.619273e-01  9.626151e-01 -3.851752e+00  9.349836e-01  7.176166e+01
 6.450000e-01  9.623037e-01  9.268141e-01  9.627262e-01  9.621679e-01 -3.853673e+00  1.051096e+00  6.764967e+01
 6.500000e-01  9.578398e-01  9.180806e-01  9.577052e-01  9.582215e-01 -3.835475e+00  7.933739e-01  6.414754e+01
 6.550000e-01  9.588079e-01  9.201280e-01  9.581288e-01  9.583726e-01 -3.836661e+00  1.038663e+00  6.441981e+01
 6.600000e-01  9.563518e-01  9.152919e-01  9.565054e-01  9.570135e-01 -3.831142e+00  9.773260e-01  6.246602e+01
 6.650000e-01  9.492301e-01  9.018781e-01  9.510239e-01  9.515465e-01 -3.808517e+00  1.087285e+00  5.876862e+01
 6.700000e-01  9.529525e-01  9.091030e-01  9.530968e-01  9.515040e-01 -3.812066e+00  1.185897e+00  6.301162e+01
 6.750000e-01  9.461545e-01  8.964016e-01  9.469149e-01  9.456688e-01 -3.791513e+00  1.462660e+00  5.475815e+01
 6.800000e-01  9.468193e-01  8.975511e-01  9.448215e-01  9.475957e-01 -3.789763e+00  1.330245e+00  5.445544e+01
 6.850000e-01  9.469922e-01  8.978696e-01  9.466837e-01  9.472902e-01 -3.792116e+00  1.301285e+00  5.692094e+01
 6.900000e-01  9.431305e-01  8.905619e-01  9.431074e-01  9.426717e-01 -3.778353e+00  1.168081e+00  5.371073e+01
 6.950000e-01  9.368415e-01  8.789811e-01  9.392446e-01  9.375800e-01 -3.760861e+00  1.432312e+00  5.125764e+01
 7.000000e-01  9.357499e-01  8.766571e-01  9.366079e-01  9.353909e-01 -3.751443e+00  1.221601e+00  5.271477e+01
 7.050000e-01  9.379243e-01  8.809468e-01  9.367799e-01  9.360639e-01 -3.753065e+00  1.416374e+00  5.127849e+01
 7.100000e-01  9.307748e-01  8.677575e-01  9.321405e-01  9.319634e-01 -3.739980e+00  1.324545e+00  4.721659e+01
 7.150000e-01  9.257458e-01  8.585283e-01  9.283672e-01  9.280174e-01 -3.724068e+00  1.623644e+00  4.586507e+01
 7.200000e-01  9.220730e-01  8.515932e-01  9.225499e-01  9.231043e-01 -3.700200e+00  1.234569e+00  4.464776e+01
 7.250000e-01  9.212855e-01  8.498160e-01  9.240352e-01  9.230992e-01 -3.704613e+00  9.684811e-01  4.498531e+01
 7.300000e-01  9.154121e-01  8.398477e-01  9.162990e-01  9.167057e-01 -3.676659e+00  1.734649e+00  4.226742e+01
 7.350000e-01  9.183422e-01  8.448978e-01  9.181619e-01  9.204001e-01 -3.688497e+00  1.595609e+00  4.376833e+01
 7.400000e-01  9.121090e-01  8.335560e-01  9.132328e-01  9.152252e-01 -3.672395e+00  1.508225e+00  3.964124e+01
 7.450000e-01  9.104067e-01  8.303938e-01  9.112137e-01  9.130242e-01 -3.663726e+00  1.518288e+00  3.949526e+01
 7.500000e-01  9.156166e-01  8.400438e-01  9.155244e-01  9.146662e-01 -3.672018e+00  1.504345e+00  4.307545e+01
 7.550000e-01  8.983430e-01  8.091331e-01  9.039637e-01  9.028382e-01 -3.629029e+00  1.923842e+00  3.948234e+01
 7.600000e-01  8.992982e-01  8.106265e-01  9.026031e-01  9.023529e-01 -3.627537e+00  1.569596e+00  3.867603e+01
 7.650000e-01  8.884722e-01  7.918877e-01  8.936513e-01  8.951597e-01 -3.595791e+00  2.255161e+00  3.476489e+01
 7.700000e-01  8.929087e-01  7.993951e-01  8.940114e-01  8.947953e-01 -3.598499e+00  1.584653e+00  3.509853e+01
 7.750000e-01  8.922189e-01  7.983004e-01  8.946776e-01  8.951707e-01 -3.595149e+00  2.019661e+00  3.544764e+01
 7.800000e-01  8.849857e-01  7.854279e-01  8.891585e-01  8.867337e-01 -3.570695e+00  1.985889e+00  3.460289e+01
 7.850000e-01  8.792051e-01  7.751767e-01  8.827174e-01  8.855786e-01 -3.557441e+00  1.649388e+00  3.288817e+01
 7.900000e-01  8.741538e-01  7.663234e-01  8.771676e-01  8.769212e-01 -3.535099e+00  1.697322e+00  3.164598e+01
 7.950000e-01  8.716647e-01  7.625210e-01  8.767310e-01  8.755336e-01 -3.526987e+00  2.073070e+00  3.310357e+01
 8.000000e-01  8.717174e-01  7.628086e-01  8.731601e-01  8.794961e-01 -3.531756e+00  2.007838e+00  3.115123e+01
 8.050000e-01  8.602524e-01  7.435839e-01  8.661912e-01  8.615387e-01 -3.481530e+00  2.318254e+00  2.981923e+01
 8.100000e-01  8.513639e-01  7.276073e-01  8.615072e-01  8.630967e-01 -3.478132e+00  1.811508e+00  2.809673e+01
 8.150000e-01  8.376275e-01  7.047235e-01  8.491335e-01  8.476353e-01 -3.423738e+00  2.195742e+00  2.758124e+01
 8.200000e-01  8.517839e-01  7.284638e-01  8.546010e-01  8.600855e-01 -3.457445e+00  2.064417e+00  2.875334e+01
 8.250000e-01  8.454606e-01  7.171561e-01  8.522842e-01  8.521405e-01 -3.442020e+00  1.578860e+00  2.852665e+01
 8.300000e-01  8.387793e-01  7.067844e-01  8.482130e-01  8.476501e-01 -3.423516e+00  1.960202e+00  2.702351e+01
 8.350000e-01  8.304786e-01  6.926204e-01  8.378226e-01  8.406804e-01 -3.400260e+00  2.081036e+00  2.605564e+01
 8.400000e-01  8.249965e-01  6.841544e-01  8.341565e-01  8.346611e-01 -3.372214e+00  2.324234e+00  2.587756e+01
 8.450000e-01  8.232303e-01  6.810246e-01  8.305136e-01  8.303546e-01 -3.359883e+00  1.961404e+00  2.594893e+01
 8.500000e-01  8.119711e-01  6.631394e-01  8.213507e-01  8.231983e-01 -3.328368e+00  2.620398e+00  2.401783e+01
 8.550000e-01  8.037798e-01  6.495367e-01  8.145723e-01  8.178806e-01 -3.310394e+00  2.085095e+00  2.359733e+01
 8.600000e-01  7.890608e-01  6.278722e-01  8.024641e-01  8.055846e-01 -3.270572e+00  3.007098e+00  2.131969e+01
 8.650000e-01  7.905604e-01  6.290323e-01  8.037170e-01  8.062354e-01 -3.272181e+00  2.427852e+00  2.202218e+01
 8.700000e-01  7.792615e-01  6.115390e-01  7.955695e-01  7.987382e-01 -3.246035e+00  1.902403e+00  1.970182e+01
 8.750000e-01  7.802045e-01  6.121126e-01  7.918384e-01  7.948460e-01 -3.231684e+00  1.833675e+00  2.145071e+01
 8.800000e-01  7.679978e-01  5.948936e-01  7.801208e-01  7.829068e-01 -3.199070e+00  2.469321e+00  1.981751e+01
 8.850000e-01  7.708855e-01  5.984248e-01  7.851587e-01  7.864163e-01 -3.208075e+00  2.085655e+00  2.005313e+01
 8.900000e-01  7.692901e-01  5.960133e-01  7.874756e-01  7.857790e-01 -3.200893e+00  2.361075e+00  2.060550e+01
 8.950000e-01  7.757555e-01  6.054279e-01  7.897684e-01  7.920224e-01 -3.216886e+00  1.933047e+00  2.082407e+01
 9.000000e-01  7.637185e-01  5.877487e-01  7.797467e-01  7.801065e-01 -3.186368e+00  2.171967e+00  2.009955e+01
 9.050000e-01  7.334173e-01  5.422870e-01  7.555150e-01  7.578651e-01 -3.110789e+00  2.130379e+00  1.783573e+01
 9.100000e-01  7.336417e-01  5.432293e-01  7.488545e-01  7.561551e-01 -3.091723e+00  2.456705e+00  1.776194e+01
 9.150000e-01  7.529239e-01  5.708753e-01  7.659005e-01  7.706098e-01 -3.136216e+00  2.152387e+00  1.936666e+01
 9.200000e-01  7.438316e-01  5.583211e-01  7.585080e-01  7.620125e-01 -3.117017e+00  2.392463e+00  1.930671e+01
 9.250000e-01  7.213572e-01  5.258316e-01  7.434055e-01  7.454509e-01 -3.059151e+00  2.512397e+00  1.747049e+01
 9.300000e-01  7.034177e-01  5.018319e-01  7.262975e-01  7.346860e-01 -3.015314e+00  2.796616e+00  1.577261e+01
 9.350000e-01  6.762597e-01  4.653367e-01  7.076204e-01  7.132942e-01 -2.960173e+00  3.227661e+00  1.411392e+01
 9.400000e-01  6.920903e-01  4.845952e-01  7.123895e-01  7.253992e-01 -2.988152e+00  2.439176e+00  1.520765e+01
 9.450000e-01  6.824933e-01  4.716659e-01  7.102818e-01  7.152422e-01 -2.956359e+00  2.545046e+00  1.469832e+01
 9.500000e-01  6.582736e-01  4.423140e-01  6.934939e-01  7.001521e-01 -2.913750e+00  3.204703e+00  1.292588e+01
 9.550000e-01  6.433428e-01  4.209522e-01  6.787745e-01  6.894768e-01 -2.875475e+00  2.587162e+00  1.234833e+01
 9.600000e-01  6.818253e-01  4.692134e-01  7.054631e-01  7.101706e-01 -2.936113e+00  2.088290e+00  1.560803e+01
 9.650000e-01  6.362591e-01  4.127794e-01  6.715257e-01  6.818334e-01 -2.845493e+00  2.464027e+00  1.244305e+01
 9.700000e-01  6.152477e-01  3.850772e-01  6.574073e-01  6.655107e-01 -2.797311e+00  1.879717e+00  1.127845e+01
 9.750000e-01  6.283960e-01  4.012168e-01  6.651229e-01  6.743329e-01 -2.819352e+00  2.134514e+00  1.230861e+01
 9.800000e-01  6.302970e-01  4.057140e-01  6.652097e-01  6.734188e-01 -2.806812e+00  3.294755e+00  1.293351e+01
 9.850000e-01  5.933896e-01  3.607295e-01  6.380238e-01  6.502388e-01 -2.746505e+00  2.483715e+00  1.044656e+01
 9.900000e-01  6.112029e-01  3.824340e-01  6.484946e-01  6.538439e-01 -2.757508e+00  2.908322e+00  1.198211e+01
 9.950000e-01  5.970052e-01  3.649668e-01  6.356667e-01  6.478113e-01 -2.733497e+00  2.795404e+00  1.141696e+01
 1.000000e+00  5.636422e-01  3.245797e-01  6.087979e-01  6.244756e-01 -2.648531e+00  2.443837e+00  1.025841e+01
 1.010000e+00  5.511609e-01  3.103079e-01  5.997704e-01  6.159404e-01 -2.633317e+00  2.126901e+00  9.781288e+00
 1.020000e+00  5.498747e-01  3.103934e-01  6.031568e-01  6.159644e-01 -2.621416e+00  2.175807e+00  9.832796e+00
 1.030000e+00  5.356635e-01  2.928123e-01  5.824652e-01  6.040198e-01 -2.574104e+00  1.895902e+00  9.345760e+00
 1.040000e+00  5.092089e-01  2.677048e-01  5.629046e-01  5.873553e-01 -2.519364e+00  2.667249e+00  8.807455e+00
 1.050000e+00  5.136384e-01  2.708204e-01  5.647069e-01  5.891435e-01 -2.515972e+00  1.973259e+00  9.070701e+00
 1.060000e+00  4.972351e-01  2.548426e-01  5.563247e-01  5.742745e-01 -2.501801e+00  2.053206e+00  8.402415e+00
 1.070000e+00  4.836582e-01  2.407259e-01  5.462038e-01  5.684494e-01 -2.465883e+00  1.888232e+00  8.000222e+00
 1.080000e+00  4.396622e-01  1.995498e-01  5.147682e-01  5.396797e-01 -2.370842e+00  1.897320e+00  7.235610e+00
 1.090000e+00  4.718722e-01  2.304672e-01  5.263884e-01  5.478680e-01 -2.388395e+00  2.209431e+00  8.376955e+00
 1.100000e+00  4.560475e-01  2.149436e-01  5.162800e-01  5.382097e-01 -2.367571e+00  1.532336e+00  7.891775e+00
 1.110000e+00  4.539315e-01  2.118813e-01  5.198332e-01  5.389204e-01 -2.349387e+00  1.471881e+00  7.686384e+00
 1.120000e+00  4.279284e-01  1.898466e-01  4.934119e-01  5.193869e-01 -2.300823e+00  1.482929e+00  7.131406e+00
 1.130000e+00  4.176561e-01  1.814178e-01  4.864205e-01  5.145855e-01 -2.265660e+00  1.878798e+00  7.088212e+00
 1.140000e+00  4.294840e-01  1.906795e-01  4.950942e-01  5.149182e-01 -2.264610e+00  2.029600e+00  7.577617e+00
 1.150000e+00  4.095969e-01  1.744203e-01  4.729782e-01  5.005618e-01 -2.236014e+00  1.340003e+00  7.118158e+00
 1.160000e+00  3.814451e-01  1.533109e-01  4.488044e-01  4.830419e-01 -2.167227e+00  1.879853e+00  6.564027e+00
 1.170000e+00  3.799951e-01  1.517092e-01  4.544979e-01  4.855916e-01 -2.166501e+00  1.708976e+00  6.507007e+00
 1.180000e+00  4.013334e-01  1.681270e-01  4.657417e-01  4.904385e-01 -2.192629e+00  1.695807e+00  7.020713e+00
 1.190000e+00  3.805178e-01  1.508092e-01  4.572165e-01  4.828878e-01 -2.123715e+00  1.461181e+00  6.679859e+00
 1.200000e+00  3.638301e-01  1.406071e-01  4.372300e-01  4.681184e-01 -2.091673e+00  2.194284e+00  6.453500e+00
 1.210000e+00  3.610361e-01  1.363348e-01  4.363774e-01  4.591503e-01 -2.057223e+00  1.826069e+00  6.442349e+00
 1.220000e+00  3.520214e-01  1.310443e-01  4.243768e-01  4.483654e-01 -2.039398e+00  1.890803e+00  6.303603e+00
 1.230000e+00  3.443157e-01  1.242379e-01  4.241219e-01  4.397597e-01 -2.010229e+00  1.759553e+00  6.227488e+00
 1.240000e+00  3.169397e-01  1.097125e-01  3.979549e-01  4.284242e-01 -1.967843e+00  2.002613e+00  5.534520e+00
 1.250000e+00  3.219100e-01  1.113979e-01  4.056821e-01  4.274403e-01 -1.980624e+00  1.691350e+00  5.689424e+00
 1.260000e+00  3.182413e-01  1.095435e-01  3.928721e-01  4.244961e-01 -1.939222e+00  1.626675e+00  5.750432e+00
 1.270000e+00  3.166024e-01  1.069831e-01  3.938357e-01  4.180188e-01 -1.925969e+00  1.655826e+00  5.763390e+00
 1.280000e+00  2.937030e-01  9.356496e-02  3.730966e-01  4.014413e-01 -1.883920e+00  1.427206e+00  5.359531e+00
 1.290000e+00  2.989934e-01  9.775384e-02  3.706284e-01  4.032471e-01 -1.867634e+00  1.546221e+00  5.608570e+00
 1.300000e+00  2.847325e-01  8.806000e-02  3.725875e-01  3.950947e-01 -1.830035e+00  1.453273e+00  5.438113e+00
 1.310000e+00  2.948608e-01  9.408510e-02  3.648988e-01  3.973862e-01 -1.836971e+00  1.649288e+00  5.555611e+00
 1.320000e+00  2.657205e-01  7.822751e-02  3.409929e-01  3.785486e-01 -1.807484e+00  1.407242e+00  4.948490e+00
 1.330000e+00  2.598010e-01  7.462666e-02  3.407815e-01  3.687637e-01 -1.772346e+00  1.526934e+00  5.061974e+00
 1.340000e+00  2.242917e-01  5.955013e-02  3.066700e-01  3.463329e-01 -1.686318e+00  1.902862e+00  4.541537e+00
 1.350000e+00  2.407509e-01  6.592415e-02  3.315948e-01  3.641805e-01 -1.719588e+00  1.529114e+00  4.747987e+00
 1.360000e+00  2.294091e-01  6.096168e-02  3.214212e-01  3.549789e-01 -1.695264e+00  1.567110e+00  4.448819e+00
 1.370000e+00  2.169293e-01  5.606125e-02  3.100995e-01  3.388617e-01 -1.624346e+00  1.799291e+00  4.373627e+00
 1.380000e+00  2.098512e-01  5.117492e-02  3.093824e-01  3.391213e-01 -1.625236e+00  1.555660e+00  4.242007e+00
 1.390000e+00  1.845518e-01  4.206808e-02  2.801228e-01  3.200824e-01 -1.585558e+00  1.524327e+00  3.844936e+00
 1.400000e+00  1.808042e-01  3.967683e-02  2.697355e-01  3.070405e-01 -1.559571e+00  1.522910e+00  3.785224e+00
 1.410000e+00  1.794872e-01  3.912687e-02  2.768509e-01  3.038539e-01 -1.525547e+00  1.544183e+00  3.884225e+00
 1.420000e+00  1.520321e-01  3.079809e-02  2.562990e-01  2.855977e-01 -1.460087e+00  1.966506e+00  3.380940e+00
 1.430000e+00  1.703538e-01  3.509609e-02  2.518641e-01  2.999127e-01 -1.492565e+00  1.217880e+00  3.658382e+00
 1.440000e+00  1.471585e-01  2.824206e-02  2.489957e-01  2.866282e-01 -1.441641e+00  1.490054e+00  3.226519e+00
 1.450000e+00  1.416900e-01  2.882474e-02  2.467290e-01  2.776005e-01 -1.428855e+00  1.779508e+00  3.198863e+00
 1.460000e+00  1.358220e-01  2.393032e-02  2.459984e-01  2.836964e-01 -1.413509e+00  1.328430e+00  3.019081e+00
 1.470000e+00  1.313118e-01  2.395355e-02  2.380257e-01  2.637326e-01 -1.383377e+00  1.352946e+00  3.076383e+00
 1.480000e+00  1.348408e-01  2.454079e-02  2.321505e-01  2.670118e-01 -1.392335e+00  1.137444e+00  3.176316e+00
 1.490000e+00  1.196622e-01  1.949104e-02  2.285340e-01  2.528561e-01 -1.328141e+00  1.124805e+00  2.955096e+00
 1.500000e+00  1.100652e-01  1.675476e-02  2.041571e-01  2.444187e-01 -1.302804e+00  1.083756e+00  2.681378e+00
 1.510000e+00  1.224096e-01  1.933943e-02  2.158620e-01  2.517851e-01 -1.302518e+00  1.200177e+00  3.009247e+00
