# Enhanced Quasi-3D Monte Carlo Simulation
# Timestamp: 20250716_042028
# Spin model: icosahedral (13 states)
# Algorithm: hybrid (hybrid Metropolis+Wolff)
# Theoretical Tc (8-state Potts): ~0.751
# Temperature range: 0.1-1.5 (optimized for critical region)
# Layer: 3/3
# System size: 8x8x3, Total sites: 192
# Void parameter D: 0.500
#
# Temperature          M^2          M^4          G^2          G^4       Energy           Cv         Corr
 1.000000e-01  1.000000e+00  1.000000e+00  1.000000e+00  1.000000e+00 -4.000000e+00  0.000000e+00  0.000000e+00
 1.080000e-01  1.000000e+00  1.000000e+00  1.000000e+00  1.000000e+00 -4.000000e+00  0.000000e+00  0.000000e+00
 1.160000e-01  1.000000e+00  1.000000e+00  1.000000e+00  1.000000e+00 -4.000000e+00  0.000000e+00  0.000000e+00
 1.240000e-01  1.000000e+00  1.000000e+00  1.000000e+00  1.000000e+00 -4.000000e+00  0.000000e+00  0.000000e+00
 1.320000e-01  1.000000e+00  1.000000e+00  1.000000e+00  1.000000e+00 -4.000000e+00  0.000000e+00  0.000000e+00
 1.400000e-01  1.000000e+00  1.000000e+00  1.000000e+00  1.000000e+00 -4.000000e+00  0.000000e+00  0.000000e+00
 1.480000e-01  1.000000e+00  1.000000e+00  1.000000e+00  1.000000e+00 -4.000000e+00  0.000000e+00  0.000000e+00
 1.560000e-01  1.000000e+00  1.000000e+00  1.000000e+00  1.000000e+00 -4.000000e+00  0.000000e+00  0.000000e+00
 1.640000e-01  1.000000e+00  1.000000e+00  1.000000e+00  1.000000e+00 -4.000000e+00  0.000000e+00  0.000000e+00
 1.720000e-01  1.000000e+00  1.000000e+00  1.000000e+00  1.000000e+00 -4.000000e+00  0.000000e+00  0.000000e+00
 1.800000e-01  1.000000e+00  1.000000e+00  1.000000e+00  1.000000e+00 -4.000000e+00  0.000000e+00  0.000000e+00
 1.880000e-01  1.000000e+00  1.000000e+00  1.000000e+00  1.000000e+00 -4.000000e+00  0.000000e+00  0.000000e+00
 1.960000e-01  1.000000e+00  1.000000e+00  1.000000e+00  1.000000e+00 -4.000000e+00  0.000000e+00  0.000000e+00
 2.040000e-01  1.000000e+00  1.000000e+00  1.000000e+00  1.000000e+00 -4.000000e+00  0.000000e+00  0.000000e+00
 2.120000e-01  1.000000e+00  1.000000e+00  1.000000e+00  1.000000e+00 -4.000000e+00  0.000000e+00  0.000000e+00
 2.200000e-01  1.000000e+00  1.000000e+00  1.000000e+00  1.000000e+00 -4.000000e+00  0.000000e+00  0.000000e+00
 2.280000e-01  1.000000e+00  1.000000e+00  1.000000e+00  1.000000e+00 -4.000000e+00  0.000000e+00  0.000000e+00
 2.360000e-01  1.000000e+00  1.000000e+00  1.000000e+00  1.000000e+00 -4.000000e+00  0.000000e+00  0.000000e+00
 2.440000e-01  1.000000e+00  1.000000e+00  1.000000e+00  1.000000e+00 -4.000000e+00  0.000000e+00  0.000000e+00
 2.520000e-01  1.000000e+00  1.000000e+00  1.000000e+00  1.000000e+00 -4.000000e+00  0.000000e+00  0.000000e+00
 2.600000e-01  1.000000e+00  1.000000e+00  9.999568e-01  1.000000e+00 -3.999914e+00  6.992351e-04  0.000000e+00
 2.680000e-01  1.000000e+00  1.000000e+00  9.999352e-01  1.000000e+00 -3.999870e+00  9.821835e-04  0.000000e+00
 2.760000e-01  1.000000e+00  1.000000e+00  1.000000e+00  9.999568e-01 -3.999914e+00  6.205143e-04  0.000000e+00
 2.840000e-01  1.000000e+00  1.000000e+00  1.000000e+00  1.000000e+00 -4.000000e+00  0.000000e+00  0.000000e+00
 2.920000e-01  1.000000e+00  1.000000e+00  1.000000e+00  9.999784e-01 -3.999957e+00  2.785878e-04  0.000000e+00
 3.000000e-01  1.000000e+00  1.000000e+00  9.999568e-01  1.000000e+00 -3.999914e+00  5.252033e-04  0.000000e+00
 3.080000e-01  9.998300e-01  9.996628e-01  9.998488e-01  9.998488e-01 -3.999395e+00  1.837575e-02  1.124591e+03
 3.160000e-01  1.000000e+00  1.000000e+00  9.999568e-01  9.999352e-01 -3.999784e+00  1.165481e-03  0.000000e+00
 3.240000e-01  1.000000e+00  1.000000e+00  9.998273e-01  1.000000e+00 -3.999655e+00  1.746530e-03  0.000000e+00
 3.320000e-01  9.999150e-01  9.998314e-01  9.998704e-01  9.998488e-01 -3.999439e+00  9.130145e-03  1.590479e+03
 3.400000e-01  9.998300e-01  9.996628e-01  9.998057e-01  9.997409e-01 -3.999093e+00  1.627217e-02  1.124591e+03
 3.480000e-01  9.992348e-01  9.984826e-01  9.993954e-01  9.993954e-01 -3.997582e+00  6.117247e-02  5.299780e+02
 3.560000e-01  9.998300e-01  9.996628e-01  9.996977e-01  9.997409e-01 -3.998877e+00  1.556288e-02  1.124591e+03
 3.640000e-01  9.995749e-01  9.991570e-01  9.995249e-01  9.995249e-01 -3.998100e+00  3.789506e-02  7.111620e+02
 3.720000e-01  9.999150e-01  9.998314e-01  9.997841e-01  9.998273e-01 -3.999223e+00  8.001098e-03  1.590479e+03
 3.800000e-01  9.990647e-01  9.981454e-01  9.989851e-01  9.990499e-01 -3.996070e+00  7.135328e-02  4.793420e+02
 3.880000e-01  9.988939e-01  9.978095e-01  9.989851e-01  9.987908e-01 -3.995552e+00  8.879621e-02  4.372332e+02
 3.960000e-01  9.987247e-01  9.974710e-01  9.986612e-01  9.986828e-01 -3.994688e+00  8.089080e-02  4.104136e+02
 4.040000e-01  9.987247e-01  9.974710e-01  9.985748e-01  9.988124e-01 -3.994774e+00  7.983100e-02  4.104136e+02
 4.120000e-01  9.986410e-01  9.973079e-01  9.985964e-01  9.985533e-01 -3.994299e+00  8.985238e-02  4.064473e+02
 4.200000e-01  9.983846e-01  9.967966e-01  9.980134e-01  9.981430e-01 -3.992313e+00  8.926344e-02  3.645994e+02
 4.280000e-01  9.984696e-01  9.969652e-01  9.982509e-01  9.982941e-01 -3.993090e+00  8.079954e-02  3.746064e+02
 4.360000e-01  9.970309e-01  9.941236e-01  9.969122e-01  9.968906e-01 -3.987605e+00  1.744546e-01  2.740427e+02
 4.440000e-01  9.952427e-01  9.905749e-01  9.956382e-01  9.956382e-01 -3.982380e+00  2.038911e-01  2.136704e+02
 4.520000e-01  9.968522e-01  9.937724e-01  9.968042e-01  9.961996e-01 -3.986051e+00  1.728623e-01  2.523479e+02
 4.600000e-01  9.954999e-01  9.911076e-01  9.952063e-01  9.959621e-01 -3.982380e+00  2.517799e-01  2.178530e+02
 4.680000e-01  9.965194e-01  9.931065e-01  9.960053e-01  9.962428e-01 -3.984496e+00  1.581100e-01  2.492279e+02
 4.760000e-01  9.958403e-01  9.917683e-01  9.953689e-01  9.954438e-01 -3.981732e+00  2.105540e-01  2.353958e+02
 4.840000e-01  9.934695e-01  9.871041e-01  9.939971e-01  9.935652e-01 -3.975556e+00  2.878144e-01  1.750916e+02
 4.920000e-01  9.928696e-01  9.858945e-01  9.933061e-01  9.922912e-01 -3.971324e+00  2.755030e-01  1.726175e+02
 5.050000e-01  9.900682e-01  9.803738e-01  9.900887e-01  9.901319e-01 -3.960614e+00  3.425450e-01  1.425090e+02
 5.100000e-01  9.904253e-01  9.811013e-01  9.911036e-01  9.903262e-01 -3.963464e+00  3.404634e-01  1.391887e+02
 5.150000e-01  9.901807e-01  9.806040e-01  9.891818e-01  9.908877e-01 -3.960571e+00  3.142385e-01  1.405897e+02
 5.200000e-01  9.902710e-01  9.808080e-01  9.887499e-01  9.897648e-01 -3.957116e+00  3.975359e-01  1.424909e+02
 5.250000e-01  9.894233e-01  9.791526e-01  9.895273e-01  9.889443e-01 -3.956857e+00  4.409494e-01  1.416769e+02
 5.300000e-01  9.883048e-01  9.769156e-01  9.885124e-01  9.883397e-01 -3.954222e+00  3.518466e-01  1.291075e+02
 5.350000e-01  9.862590e-01  9.730298e-01  9.863378e-01  9.867850e-01 -3.947119e+00  6.518540e-01  1.172561e+02
 5.400000e-01  9.879596e-01  9.762663e-01  9.877998e-01  9.866452e-01 -3.949538e+00  4.580115e-01  1.260595e+02
 5.450000e-01  9.871428e-01  9.747022e-01  9.862000e-01  9.868992e-01 -3.947103e+00  5.040455e-01  1.266033e+02
 5.500000e-01  9.846926e-01  9.698927e-01  9.839562e-01  9.839429e-01 -3.936645e+00  5.475810e-01  1.118677e+02
 5.550000e-01  9.821635e-01  9.649716e-01  9.826391e-01  9.828334e-01 -3.931971e+00  6.105369e-01  1.099452e+02
 5.600000e-01  9.818194e-01  9.642574e-01  9.821373e-01  9.829280e-01 -3.931021e+00  5.344015e-01  1.046674e+02
 5.650000e-01  9.812586e-01  9.631927e-01  9.813651e-01  9.816324e-01 -3.927437e+00  5.938849e-01  1.027849e+02
 5.700000e-01  9.772621e-01  9.554344e-01  9.782918e-01  9.785776e-01 -3.913815e+00  7.677345e-01  9.142337e+01
 5.750000e-01  9.817304e-01  9.641168e-01  9.813815e-01  9.816242e-01 -3.926450e+00  5.993585e-01  1.080189e+02
 5.800000e-01  9.792660e-01  9.593535e-01  9.798433e-01  9.783071e-01 -3.917520e+00  6.773592e-01  9.119514e+01
 5.850000e-01  9.782792e-01  9.573312e-01  9.779749e-01  9.774084e-01 -3.912251e+00  5.359728e-01  9.424771e+01
 5.900000e-01  9.760855e-01  9.532144e-01  9.758219e-01  9.765427e-01 -3.905660e+00  8.134812e-01  8.692841e+01
 5.950000e-01  9.771714e-01  9.552796e-01  9.778034e-01  9.765294e-01 -3.909685e+00  7.013128e-01  8.904811e+01
 6.000000e-01  9.729898e-01  9.472691e-01  9.727659e-01  9.734651e-01 -3.893681e+00  9.313296e-01  8.283016e+01
 6.050000e-01  9.727700e-01  9.466940e-01  9.729602e-01  9.727156e-01 -3.892328e+00  6.333805e-01  8.367390e+01
 6.100000e-01  9.675720e-01  9.367979e-01  9.691704e-01  9.677409e-01 -3.875840e+00  9.372155e-01  7.558793e+01
 6.150000e-01  9.716952e-01  9.446808e-01  9.705995e-01  9.704401e-01 -3.884226e+00  7.645882e-01  8.190077e+01
 6.200000e-01  9.712475e-01  9.438955e-01  9.706883e-01  9.716944e-01 -3.887810e+00  7.721858e-01  8.083992e+01
 6.250000e-01  9.683543e-01  9.382438e-01  9.689172e-01  9.693891e-01 -3.878024e+00  7.165472e-01  7.548758e+01
 6.300000e-01  9.677824e-01  9.373097e-01  9.675199e-01  9.660720e-01 -3.870167e+00  1.025830e+00  7.792722e+01
 6.350000e-01  9.623132e-01  9.267676e-01  9.610514e-01  9.629128e-01 -3.850112e+00  1.114264e+00  7.122288e+01
 6.400000e-01  9.596732e-01  9.216636e-01  9.601115e-01  9.602124e-01 -3.843962e+00  1.034598e+00  6.667110e+01
 6.450000e-01  9.638876e-01  9.297426e-01  9.635024e-01  9.639405e-01 -3.858331e+00  8.929742e-01  6.813051e+01
 6.500000e-01  9.567689e-01  9.162493e-01  9.571666e-01  9.573248e-01 -3.833465e+00  1.118955e+00  6.443525e+01
 6.550000e-01  9.542536e-01  9.116433e-01  9.554442e-01  9.557116e-01 -3.828030e+00  1.358776e+00  6.006973e+01
 6.600000e-01  9.564561e-01  9.158456e-01  9.568356e-01  9.563625e-01 -3.830607e+00  1.352714e+00  6.214760e+01
 6.650000e-01  9.559775e-01  9.144836e-01  9.569043e-01  9.545620e-01 -3.826136e+00  7.746463e-01  6.358408e+01
 6.700000e-01  9.504536e-01  9.042650e-01  9.496368e-01  9.515999e-01 -3.807864e+00  1.072693e+00  5.829073e+01
 6.750000e-01  9.465454e-01  8.971292e-01  9.467897e-01  9.472286e-01 -3.792038e+00  1.536533e+00  5.726183e+01
 6.800000e-01  9.385014e-01  8.818220e-01  9.407644e-01  9.405791e-01 -3.771722e+00  1.316796e+00  5.114312e+01
 6.850000e-01  9.428899e-01  8.901196e-01  9.432574e-01  9.448832e-01 -3.781844e+00  1.330795e+00  5.307530e+01
 6.900000e-01  9.407073e-01  8.858524e-01  9.411817e-01  9.420855e-01 -3.771330e+00  1.063834e+00  5.170125e+01
 6.950000e-01  9.401729e-01  8.852863e-01  9.395603e-01  9.413081e-01 -3.768821e+00  1.538815e+00  5.096864e+01
 7.000000e-01  9.365895e-01  8.780958e-01  9.371940e-01  9.368682e-01 -3.753337e+00  1.067182e+00  5.303389e+01
 7.050000e-01  9.291787e-01  8.650305e-01  9.277796e-01  9.320985e-01 -3.728646e+00  1.785101e+00  4.773971e+01
 7.100000e-01  9.322633e-01  8.704116e-01  9.323705e-01  9.329147e-01 -3.739637e+00  1.327170e+00  4.992200e+01
 7.150000e-01  9.357357e-01  8.767326e-01  9.341843e-01  9.348098e-01 -3.744597e+00  1.313492e+00  5.138240e+01
 7.200000e-01  9.182150e-01  8.448600e-01  9.196741e-01  9.208834e-01 -3.693033e+00  1.653622e+00  4.384083e+01
 7.250000e-01  9.237020e-01  8.545280e-01  9.250952e-01  9.257387e-01 -3.710161e+00  1.268959e+00  4.696888e+01
 7.300000e-01  9.123863e-01  8.339566e-01  9.136736e-01  9.151223e-01 -3.669467e+00  1.543188e+00  4.157276e+01
 7.350000e-01  9.137683e-01  8.368393e-01  9.167309e-01  9.164674e-01 -3.680803e+00  1.843187e+00  4.190134e+01
 7.400000e-01  9.051881e-01  8.215650e-01  9.092934e-01  9.101214e-01 -3.652171e+00  2.130382e+00  3.995166e+01
 7.450000e-01  9.140143e-01  8.368659e-01  9.140572e-01  9.143901e-01 -3.665362e+00  1.455743e+00  4.350326e+01
 7.500000e-01  9.120234e-01  8.331480e-01  9.131377e-01  9.138476e-01 -3.665505e+00  1.211619e+00  4.202738e+01
 7.550000e-01  9.065228e-01  8.240378e-01  9.082270e-01  9.081018e-01 -3.645834e+00  1.858701e+00  4.102808e+01
 7.600000e-01  9.012611e-01  8.141190e-01  9.029105e-01  9.039108e-01 -3.628890e+00  1.707390e+00  3.835099e+01
 7.650000e-01  8.956960e-01  8.049408e-01  8.992923e-01  8.974969e-01 -3.613153e+00  2.291770e+00  3.605615e+01
 7.700000e-01  8.849454e-01  7.861640e-01  8.887948e-01  8.918140e-01 -3.578866e+00  2.363043e+00  3.417069e+01
 7.750000e-01  8.876217e-01  7.901511e-01  8.921410e-01  8.923482e-01 -3.585532e+00  2.075597e+00  3.553534e+01
 7.800000e-01  8.887671e-01  7.920273e-01  8.890925e-01  8.919137e-01 -3.579008e+00  1.801722e+00  3.619221e+01
 7.850000e-01  8.792164e-01  7.756866e-01  8.834433e-01  8.832859e-01 -3.558565e+00  1.964260e+00  3.378871e+01
 7.900000e-01  8.745406e-01  7.675807e-01  8.773802e-01  8.786826e-01 -3.531775e+00  2.333293e+00  3.299822e+01
 7.950000e-01  8.720892e-01  7.632286e-01  8.755700e-01  8.779312e-01 -3.531578e+00  2.083872e+00  3.212782e+01
 8.000000e-01  8.677622e-01  7.557648e-01  8.756496e-01  8.714707e-01 -3.519238e+00  2.024397e+00  3.125298e+01
 8.050000e-01  8.597686e-01  7.420963e-01  8.624520e-01  8.654265e-01 -3.477808e+00  2.058271e+00  3.093151e+01
 8.100000e-01  8.612829e-01  7.438430e-01  8.691520e-01  8.657376e-01 -3.500483e+00  1.674679e+00  2.989674e+01
 8.150000e-01  8.514499e-01  7.275758e-01  8.575112e-01  8.556511e-01 -3.457032e+00  1.869034e+00  2.922779e+01
 8.200000e-01  8.457923e-01  7.189467e-01  8.550060e-01  8.533473e-01 -3.442878e+00  2.631917e+00  2.892093e+01
 8.250000e-01  8.513523e-01  7.275285e-01  8.564658e-01  8.560849e-01 -3.453376e+00  1.892464e+00  2.952602e+01
 8.300000e-01  8.450354e-01  7.168533e-01  8.527071e-01  8.517533e-01 -3.439272e+00  1.940143e+00  2.757338e+01
 8.350000e-01  8.286965e-01  6.898943e-01  8.367230e-01  8.390730e-01 -3.384367e+00  2.198802e+00  2.633037e+01
 8.400000e-01  8.219774e-01  6.783279e-01  8.321056e-01  8.340325e-01 -3.369735e+00  1.789030e+00  2.510602e+01
 8.450000e-01  8.205733e-01  6.761759e-01  8.270829e-01  8.309173e-01 -3.358507e+00  1.875240e+00  2.548496e+01
 8.500000e-01  8.063335e-01  6.541304e-01  8.146119e-01  8.183427e-01 -3.315373e+00  2.494825e+00  2.392633e+01
 8.550000e-01  8.033274e-01  6.495120e-01  8.128990e-01  8.154247e-01 -3.306996e+00  2.486030e+00  2.392986e+01
 8.600000e-01  8.021275e-01  6.469910e-01  8.105074e-01  8.107435e-01 -3.294666e+00  1.936660e+00  2.350208e+01
 8.650000e-01  7.979321e-01  6.405603e-01  8.064178e-01  8.104514e-01 -3.291691e+00  2.009513e+00  2.170690e+01
 8.700000e-01  7.723553e-01  6.034429e-01  7.877095e-01  7.917138e-01 -3.233120e+00  3.111248e+00  1.995556e+01
 8.750000e-01  7.807071e-01  6.138970e-01  7.905659e-01  7.942094e-01 -3.234420e+00  2.392447e+00  2.099940e+01
 8.800000e-01  7.641893e-01  5.883979e-01  7.781519e-01  7.826905e-01 -3.187050e+00  2.313747e+00  1.968474e+01
 8.850000e-01  7.713975e-01  5.994738e-01  7.849019e-01  7.865726e-01 -3.206836e+00  1.989311e+00  2.115094e+01
 8.900000e-01  7.861566e-01  6.222947e-01  7.953130e-01  7.964932e-01 -3.236060e+00  2.460660e+00  2.196963e+01
 8.950000e-01  7.564742e-01  5.767183e-01  7.761714e-01  7.810782e-01 -3.174638e+00  2.190663e+00  1.998897e+01
 9.000000e-01  7.625240e-01  5.864061e-01  7.752792e-01  7.822864e-01 -3.187073e+00  2.220892e+00  1.950834e+01
 9.050000e-01  7.520146e-01  5.705819e-01  7.633561e-01  7.690752e-01 -3.142304e+00  2.315885e+00  1.901715e+01
 9.100000e-01  7.405150e-01  5.536461e-01  7.583110e-01  7.556737e-01 -3.101389e+00  2.779381e+00  1.825631e+01
 9.150000e-01  7.486346e-01  5.644100e-01  7.641721e-01  7.671968e-01 -3.127379e+00  2.226169e+00  1.924440e+01
 9.200000e-01  7.386586e-01  5.502629e-01  7.550030e-01  7.601777e-01 -3.107998e+00  2.482434e+00  1.827405e+01
 9.250000e-01  7.231709e-01  5.290556e-01  7.379429e-01  7.483703e-01 -3.063657e+00  2.271318e+00  1.652477e+01
 9.300000e-01  7.065869e-01  5.065477e-01  7.306225e-01  7.332256e-01 -3.022197e+00  3.043190e+00  1.612506e+01
 9.350000e-01  6.880283e-01  4.820946e-01  7.120131e-01  7.164963e-01 -2.976411e+00  3.434992e+00  1.442859e+01
 9.400000e-01  6.902535e-01  4.829458e-01  7.159434e-01  7.219483e-01 -2.974820e+00  2.734681e+00  1.525344e+01
 9.450000e-01  6.853479e-01  4.762051e-01  7.144908e-01  7.207648e-01 -2.968928e+00  2.710253e+00  1.468520e+01
 9.500000e-01  6.721945e-01  4.611013e-01  7.014574e-01  7.109226e-01 -2.945177e+00  3.052535e+00  1.354900e+01
 9.550000e-01  6.565360e-01  4.379786e-01  6.870240e-01  6.957092e-01 -2.896457e+00  2.574561e+00  1.310055e+01
 9.600000e-01  6.731018e-01  4.595757e-01  7.020673e-01  7.086281e-01 -2.926841e+00  2.823248e+00  1.475702e+01
 9.650000e-01  6.289148e-01  4.051441e-01  6.659941e-01  6.794660e-01 -2.828792e+00  2.917510e+00  1.181164e+01
 9.700000e-01  6.227729e-01  3.948848e-01  6.606094e-01  6.756223e-01 -2.822059e+00  1.952701e+00  1.111121e+01
 9.750000e-01  6.308398e-01  4.037617e-01  6.643999e-01  6.761052e-01 -2.825204e+00  2.142341e+00  1.250096e+01
 9.800000e-01  6.400888e-01  4.146996e-01  6.719915e-01  6.761714e-01 -2.827310e+00  2.130821e+00  1.307099e+01
 9.850000e-01  6.022719e-01  3.720809e-01  6.490038e-01  6.577569e-01 -2.770819e+00  2.860284e+00  1.061376e+01
 9.900000e-01  6.149390e-01  3.843323e-01  6.471305e-01  6.634688e-01 -2.774422e+00  2.228405e+00  1.193362e+01
 9.950000e-01  6.013120e-01  3.689896e-01  6.377543e-01  6.510579e-01 -2.739287e+00  3.207102e+00  1.153984e+01
 1.000000e+00  5.709968e-01  3.332367e-01  6.143270e-01  6.235555e-01 -2.670284e+00  2.627734e+00  1.044731e+01
 1.010000e+00  5.492029e-01  3.089513e-01  5.979685e-01  6.167024e-01 -2.633705e+00  2.211901e+00  9.583528e+00
 1.020000e+00  5.593243e-01  3.204434e-01  6.039137e-01  6.211602e-01 -2.643391e+00  2.630876e+00  1.008226e+01
 1.030000e+00  5.222763e-01  2.799103e-01  5.777504e-01  5.977714e-01 -2.562804e+00  2.368464e+00  8.948682e+00
 1.040000e+00  5.227772e-01  2.801973e-01  5.669355e-01  5.880432e-01 -2.545013e+00  2.344489e+00  9.072630e+00
 1.050000e+00  5.049374e-01  2.629976e-01  5.680048e-01  5.813963e-01 -2.510286e+00  2.192577e+00  8.667710e+00
 1.060000e+00  4.941282e-01  2.502228e-01  5.493344e-01  5.749952e-01 -2.494029e+00  1.584844e+00  8.255795e+00
 1.070000e+00  4.678633e-01  2.273379e-01  5.405111e-01  5.600371e-01 -2.449233e+00  1.757345e+00  7.612002e+00
 1.080000e+00  4.493948e-01  2.079075e-01  5.243916e-01  5.428521e-01 -2.393909e+00  1.759312e+00  7.238310e+00
 1.090000e+00  4.780721e-01  2.365422e-01  5.336547e-01  5.530426e-01 -2.409304e+00  2.125646e+00  8.368975e+00
 1.100000e+00  4.617878e-01  2.206839e-01  5.198801e-01  5.399519e-01 -2.362250e+00  2.087127e+00  8.263526e+00
 1.110000e+00  4.580323e-01  2.158113e-01  5.209829e-01  5.395305e-01 -2.368807e+00  1.409321e+00  7.801037e+00
 1.120000e+00  4.456777e-01  2.055803e-01  5.022544e-01  5.246078e-01 -2.320279e+00  1.556759e+00  7.638046e+00
 1.130000e+00  4.194579e-01  1.827717e-01  4.913811e-01  5.141307e-01 -2.266711e+00  1.781327e+00  7.275560e+00
 1.140000e+00  4.183555e-01  1.816030e-01  4.859154e-01  5.081674e-01 -2.264210e+00  1.746717e+00  7.302570e+00
 1.150000e+00  4.173036e-01  1.837281e-01  4.794650e-01  5.052607e-01 -2.261428e+00  1.883751e+00  7.020989e+00
 1.160000e+00  3.762385e-01  1.497983e-01  4.528684e-01  4.770271e-01 -2.155301e+00  2.050566e+00  6.342402e+00
 1.170000e+00  3.891910e-01  1.599188e-01  4.621362e-01  4.861431e-01 -2.161259e+00  2.024176e+00  6.710270e+00
 1.180000e+00  3.936325e-01  1.626759e-01  4.557050e-01  4.898009e-01 -2.185984e+00  1.840036e+00  6.847845e+00
 1.190000e+00  3.701873e-01  1.433271e-01  4.425886e-01  4.668776e-01 -2.106207e+00  1.469675e+00  6.537169e+00
 1.200000e+00  3.582807e-01  1.355241e-01  4.380612e-01  4.603767e-01 -2.091630e+00  1.753194e+00  6.245445e+00
 1.210000e+00  3.637846e-01  1.397279e-01  4.403127e-01  4.647982e-01 -2.073231e+00  1.885170e+00  6.489697e+00
 1.220000e+00  3.549470e-01  1.328708e-01  4.301042e-01  4.545576e-01 -2.044258e+00  1.533151e+00  6.218158e+00
 1.230000e+00  3.592359e-01  1.353011e-01  4.380554e-01  4.543992e-01 -2.038701e+00  1.487643e+00  6.399847e+00
 1.240000e+00  3.224537e-01  1.144559e-01  4.060149e-01  4.321793e-01 -1.974201e+00  2.035949e+00  5.650932e+00
 1.250000e+00  3.222158e-01  1.121786e-01  4.050209e-01  4.311493e-01 -1.979866e+00  1.531216e+00  5.753396e+00
 1.260000e+00  3.111470e-01  1.044119e-01  4.033106e-01  4.217470e-01 -1.941441e+00  1.404753e+00  5.463236e+00
 1.270000e+00  3.237348e-01  1.105190e-01  3.984514e-01  4.186485e-01 -1.940476e+00  1.466199e+00  5.948868e+00
 1.280000e+00  2.869791e-01  8.912723e-02  3.695965e-01  4.022249e-01 -1.892468e+00  1.771801e+00  5.027284e+00
 1.290000e+00  2.840544e-01  8.906887e-02  3.623988e-01  3.965919e-01 -1.847418e+00  1.362032e+00  5.212907e+00
 1.300000e+00  2.944841e-01  9.479071e-02  3.781025e-01  4.006522e-01 -1.849956e+00  1.655707e+00  5.502765e+00
 1.310000e+00  2.996080e-01  9.730933e-02  3.791111e-01  4.008607e-01 -1.862809e+00  1.502268e+00  5.545643e+00
 1.320000e+00  2.716963e-01  8.225269e-02  3.458750e-01  3.801793e-01 -1.794864e+00  1.697778e+00  5.091361e+00
 1.330000e+00  2.557848e-01  7.180186e-02  3.429002e-01  3.661110e-01 -1.758081e+00  1.464860e+00  5.056689e+00
 1.340000e+00  2.151800e-01  5.427426e-02  3.037417e-01  3.423904e-01 -1.681419e+00  1.664162e+00  4.274289e+00
 1.350000e+00  2.421905e-01  6.489493e-02  3.285900e-01  3.582546e-01 -1.722309e+00  1.714224e+00  4.702388e+00
 1.360000e+00  2.313386e-01  6.149094e-02  3.196707e-01  3.527933e-01 -1.690285e+00  1.287447e+00  4.597576e+00
 1.370000e+00  2.208643e-01  5.725513e-02  3.169256e-01  3.355626e-01 -1.638167e+00  1.823387e+00  4.486268e+00
 1.380000e+00  2.073696e-01  5.089011e-02  3.022208e-01  3.269986e-01 -1.618302e+00  1.466797e+00  4.395452e+00
 1.390000e+00  1.904584e-01  4.457902e-02  2.845147e-01  3.181940e-01 -1.574422e+00  1.750494e+00  3.976108e+00
 1.400000e+00  1.821959e-01  4.069531e-02  2.773608e-01  3.103771e-01 -1.546260e+00  1.642646e+00  3.832884e+00
 1.410000e+00  1.767782e-01  3.806981e-02  2.721761e-01  3.066095e-01 -1.532031e+00  1.526050e+00  3.856052e+00
 1.420000e+00  1.608668e-01  3.339521e-02  2.642126e-01  2.936094e-01 -1.477040e+00  2.016704e+00  3.553817e+00
 1.430000e+00  1.554082e-01  3.082662e-02  2.527664e-01  2.883411e-01 -1.473812e+00  1.358329e+00  3.356719e+00
 1.440000e+00  1.470640e-01  2.882640e-02  2.506685e-01  2.860903e-01 -1.453661e+00  1.703221e+00  3.214246e+00
 1.450000e+00  1.313843e-01  2.485789e-02  2.344059e-01  2.698236e-01 -1.399021e+00  1.487418e+00  3.106689e+00
 1.460000e+00  1.446243e-01  2.620931e-02  2.413129e-01  2.798911e-01 -1.428261e+00  1.396925e+00  3.227536e+00
 1.470000e+00  1.273115e-01  2.126153e-02  2.256551e-01  2.602530e-01 -1.376649e+00  1.415994e+00  3.096465e+00
 1.480000e+00  1.448879e-01  2.960847e-02  2.282581e-01  2.707762e-01 -1.387021e+00  1.588607e+00  3.397046e+00
 1.490000e+00  1.262009e-01  2.202290e-02  2.298250e-01  2.603702e-01 -1.343872e+00  1.268345e+00  3.062918e+00
 1.500000e+00  1.074992e-01  1.658712e-02  2.065741e-01  2.409256e-01 -1.309422e+00  1.223433e+00  2.661858e+00
 1.510000e+00  1.258994e-01  2.063540e-02  2.158076e-01  2.477630e-01 -1.288052e+00  1.412635e+00  3.143550e+00
