# Enhanced Quasi-3D Monte Carlo Simulation
# Timestamp: 20250716_042028
# Spin model: icosahedral (13 states)
# Algorithm: hybrid (hybrid Metropolis+Wolff)
# Theoretical Tc (8-state Potts): ~0.751
# Temperature range: 0.1-1.5 (optimized for critical region)
# Layer: 1/3
# System size: 8x8x3, Total sites: 192
# Void parameter D: 0.500
#
# Temperature          M^2          M^4          G^2          G^4       Energy           Cv         Corr
 1.000000e-01  1.000000e+00  1.000000e+00  1.000000e+00  1.000000e+00 -4.000000e+00  0.000000e+00  0.000000e+00
 1.080000e-01  1.000000e+00  1.000000e+00  1.000000e+00  1.000000e+00 -4.000000e+00  0.000000e+00  0.000000e+00
 1.160000e-01  1.000000e+00  1.000000e+00  1.000000e+00  1.000000e+00 -4.000000e+00  0.000000e+00  0.000000e+00
 1.240000e-01  1.000000e+00  1.000000e+00  1.000000e+00  1.000000e+00 -4.000000e+00  0.000000e+00  0.000000e+00
 1.320000e-01  1.000000e+00  1.000000e+00  1.000000e+00  1.000000e+00 -4.000000e+00  0.000000e+00  0.000000e+00
 1.400000e-01  1.000000e+00  1.000000e+00  1.000000e+00  1.000000e+00 -4.000000e+00  0.000000e+00  0.000000e+00
 1.480000e-01  1.000000e+00  1.000000e+00  1.000000e+00  1.000000e+00 -4.000000e+00  0.000000e+00  0.000000e+00
 1.560000e-01  1.000000e+00  1.000000e+00  1.000000e+00  1.000000e+00 -4.000000e+00  0.000000e+00  0.000000e+00
 1.640000e-01  1.000000e+00  1.000000e+00  1.000000e+00  1.000000e+00 -4.000000e+00  0.000000e+00  0.000000e+00
 1.720000e-01  1.000000e+00  1.000000e+00  1.000000e+00  1.000000e+00 -4.000000e+00  0.000000e+00  0.000000e+00
 1.800000e-01  1.000000e+00  1.000000e+00  1.000000e+00  1.000000e+00 -4.000000e+00  0.000000e+00  0.000000e+00
 1.880000e-01  1.000000e+00  1.000000e+00  1.000000e+00  1.000000e+00 -4.000000e+00  0.000000e+00  0.000000e+00
 1.960000e-01  1.000000e+00  1.000000e+00  1.000000e+00  1.000000e+00 -4.000000e+00  0.000000e+00  0.000000e+00
 2.040000e-01  1.000000e+00  1.000000e+00  1.000000e+00  1.000000e+00 -4.000000e+00  0.000000e+00  0.000000e+00
 2.120000e-01  1.000000e+00  1.000000e+00  1.000000e+00  1.000000e+00 -4.000000e+00  0.000000e+00  0.000000e+00
 2.200000e-01  1.000000e+00  1.000000e+00  1.000000e+00  1.000000e+00 -4.000000e+00  0.000000e+00  0.000000e+00
 2.280000e-01  1.000000e+00  1.000000e+00  1.000000e+00  1.000000e+00 -4.000000e+00  0.000000e+00  0.000000e+00
 2.360000e-01  1.000000e+00  1.000000e+00  1.000000e+00  1.000000e+00 -4.000000e+00  0.000000e+00  0.000000e+00
 2.440000e-01  1.000000e+00  1.000000e+00  1.000000e+00  1.000000e+00 -4.000000e+00  0.000000e+00  0.000000e+00
 2.520000e-01  1.000000e+00  1.000000e+00  1.000000e+00  1.000000e+00 -4.000000e+00  0.000000e+00  0.000000e+00
 2.600000e-01  9.998300e-01  9.996628e-01  9.998704e-01  9.998704e-01 -3.999482e+00  2.517246e-02  1.124591e+03
 2.680000e-01  9.997449e-01  9.994942e-01  9.998057e-01  9.998057e-01 -3.999223e+00  3.535861e-02  9.181850e+02
 2.760000e-01  1.000000e+00  1.000000e+00  9.999568e-01  1.000000e+00 -3.999914e+00  6.205143e-04  0.000000e+00
 2.840000e-01  1.000000e+00  1.000000e+00  1.000000e+00  1.000000e+00 -4.000000e+00  0.000000e+00  0.000000e+00
 2.920000e-01  1.000000e+00  1.000000e+00  9.999784e-01  1.000000e+00 -3.999957e+00  2.785878e-04  0.000000e+00
 3.000000e-01  9.998300e-01  9.996628e-01  9.998704e-01  9.998704e-01 -3.999482e+00  1.890732e-02  1.124591e+03
 3.080000e-01  9.999150e-01  9.998314e-01  9.999136e-01  9.998920e-01 -3.999611e+00  9.712574e-03  1.590479e+03
 3.160000e-01  9.998300e-01  9.996628e-01  9.998057e-01  9.998704e-01 -3.999352e+00  1.766152e-02  1.124591e+03
 3.240000e-01  9.993198e-01  9.986512e-01  9.994818e-01  9.994818e-01 -3.997927e+00  6.287506e-02  5.621507e+02
 3.320000e-01  9.997449e-01  9.994942e-01  9.997193e-01  9.997841e-01 -3.999007e+00  2.390125e-02  9.181850e+02
 3.400000e-01  9.997449e-01  9.994942e-01  9.996761e-01  9.997625e-01 -3.998877e+00  2.325747e-02  9.181850e+02
 3.480000e-01  9.999150e-01  9.998314e-01  9.999136e-01  9.997409e-01 -3.999309e+00  8.815522e-03  1.590479e+03
 3.560000e-01  9.993198e-01  9.986512e-01  9.993522e-01  9.994386e-01 -3.997582e+00  5.280303e-02  5.621507e+02
 3.640000e-01  9.994048e-01  9.988198e-01  9.993954e-01  9.994386e-01 -3.997668e+00  5.142643e-02  6.009901e+02
 3.720000e-01  9.994048e-01  9.988198e-01  9.994386e-01  9.995249e-01 -3.997927e+00  4.252071e-02  6.009901e+02
 3.800000e-01  9.988097e-01  9.976396e-01  9.988556e-01  9.988556e-01 -3.995422e+00  8.461645e-02  4.248366e+02
 3.880000e-01  9.993198e-01  9.986512e-01  9.991147e-01  9.992011e-01 -3.996631e+00  5.036101e-02  5.621507e+02
 3.960000e-01  9.985546e-01  9.971338e-01  9.985533e-01  9.985748e-01 -3.994256e+00  9.264334e-02  3.854833e+02
 4.040000e-01  9.980428e-01  9.961247e-01  9.982941e-01  9.982294e-01 -3.993047e+00  1.300878e-01  3.282212e+02
 4.120000e-01  9.985546e-01  9.971338e-01  9.984885e-01  9.985533e-01 -3.994083e+00  8.398416e-02  3.854833e+02
 4.200000e-01  9.970239e-01  9.941070e-01  9.971065e-01  9.973440e-01 -3.988858e+00  1.725749e-01  2.672330e+02
 4.280000e-01  9.977027e-01  9.954503e-01  9.977111e-01  9.978623e-01 -3.991147e+00  1.293933e-01  3.093070e+02
 4.360000e-01  9.964344e-01  9.929350e-01  9.964371e-01  9.966099e-01 -3.986094e+00  1.817918e-01  2.432946e+02
 4.440000e-01  9.967666e-01  9.935970e-01  9.968042e-01  9.963292e-01 -3.986267e+00  1.659510e-01  2.609330e+02
 4.520000e-01  9.968633e-01  9.937994e-01  9.961996e-01  9.968474e-01 -3.986094e+00  1.876117e-01  2.542883e+02
 4.600000e-01  9.946570e-01  9.894216e-01  9.952711e-01  9.947744e-01 -3.980264e+00  2.270806e-01  1.936169e+02
 4.680000e-01  9.947384e-01  9.896088e-01  9.948824e-01  9.950983e-01 -3.980177e+00  2.744093e-01  1.948054e+02
 4.760000e-01  9.941496e-01  9.884181e-01  9.940619e-01  9.945585e-01 -3.977327e+00  2.270455e-01  1.925558e+02
 4.840000e-01  9.960063e-01  9.920948e-01  9.955086e-01  9.952927e-01 -3.981603e+00  1.741243e-01  2.286878e+02
 4.920000e-01  9.950764e-01  9.902535e-01  9.939323e-01  9.944289e-01 -3.976809e+00  2.050508e-01  2.069747e+02
 5.050000e-01  9.904234e-01  9.811058e-01  9.905206e-01  9.902214e-01 -3.961866e+00  3.950859e-01  1.481422e+02
 5.100000e-01  9.936402e-01  9.874309e-01  9.927663e-01  9.927447e-01 -3.971108e+00  2.582047e-01  1.786708e+02
 5.150000e-01  9.863990e-01  9.732506e-01  9.881453e-01  9.872816e-01 -3.951362e+00  5.724932e-01  1.223610e+02
 5.200000e-01  9.847860e-01  9.700919e-01  9.855655e-01  9.859860e-01 -3.944160e+00  6.179892e-01  1.110007e+02
 5.250000e-01  9.905852e-01  9.814328e-01  9.896682e-01  9.901186e-01 -3.959956e+00  3.798619e-01  1.437555e+02
 5.300000e-01  9.884757e-01  9.772403e-01  9.882647e-01  9.885854e-01 -3.953920e+00  3.325167e-01  1.404729e+02
 5.350000e-01  9.873813e-01  9.751237e-01  9.878811e-01  9.870606e-01 -3.950142e+00  4.118642e-01  1.256138e+02
 5.400000e-01  9.874752e-01  9.752868e-01  9.865258e-01  9.875140e-01 -3.948349e+00  3.616888e-01  1.280459e+02
 5.450000e-01  9.831226e-01  9.668421e-01  9.839727e-01  9.842236e-01 -3.936858e+00  6.215072e-01  1.067511e+02
 5.500000e-01  9.819253e-01  9.644869e-01  9.817969e-01  9.825044e-01 -3.929304e+00  6.117892e-01  1.062824e+02
 5.550000e-01  9.848430e-01  9.701649e-01  9.850010e-01  9.841804e-01 -3.939011e+00  4.598235e-01  1.092489e+02
 5.600000e-01  9.843630e-01  9.692281e-01  9.845608e-01  9.836272e-01 -3.936485e+00  4.924181e-01  1.127990e+02
 5.650000e-01  9.826968e-01  9.660910e-01  9.824561e-01  9.820992e-01 -3.930556e+00  7.021965e-01  1.078517e+02
 5.700000e-01  9.803559e-01  9.614685e-01  9.808036e-01  9.798135e-01 -3.921820e+00  7.304855e-01  1.021410e+02
 5.750000e-01  9.806617e-01  9.620999e-01  9.807820e-01  9.808531e-01 -3.924802e+00  6.955915e-01  9.784335e+01
 5.800000e-01  9.812167e-01  9.630986e-01  9.799780e-01  9.806505e-01 -3.922390e+00  5.320857e-01  1.006446e+02
 5.850000e-01  9.760149e-01  9.530072e-01  9.754847e-01  9.767041e-01 -3.906029e+00  6.603436e-01  8.996352e+01
 5.900000e-01  9.751327e-01  9.513241e-01  9.754897e-01  9.751843e-01 -3.902962e+00  8.184030e-01  9.014320e+01
 5.950000e-01  9.799261e-01  9.605969e-01  9.787389e-01  9.789663e-01 -3.916397e+00  5.329436e-01  9.893614e+01
 6.000000e-01  9.725658e-01  9.465266e-01  9.727144e-01  9.723937e-01 -3.892100e+00  1.063329e+00  8.489177e+01
 6.050000e-01  9.730374e-01  9.473916e-01  9.727258e-01  9.728801e-01 -3.892047e+00  9.217485e-01  8.894446e+01
 6.100000e-01  9.729764e-01  9.471092e-01  9.718640e-01  9.720513e-01 -3.889180e+00  6.206344e-01  8.443673e+01
 6.150000e-01  9.665938e-01  9.348882e-01  9.670386e-01  9.678171e-01 -3.872181e+00  9.018259e-01  7.390249e+01
 6.200000e-01  9.707002e-01  9.427595e-01  9.715515e-01  9.706592e-01 -3.885817e+00  7.956508e-01  8.063642e+01
 6.250000e-01  9.709633e-01  9.434419e-01  9.715629e-01  9.701562e-01 -3.885974e+00  8.957256e-01  7.930890e+01
 6.300000e-01  9.683179e-01  9.381955e-01  9.672329e-01  9.679086e-01 -3.871103e+00  8.790161e-01  7.954791e+01
 6.350000e-01  9.595527e-01  9.214126e-01  9.602010e-01  9.598543e-01 -3.843859e+00  1.015958e+00  6.539099e+01
 6.400000e-01  9.611413e-01  9.244271e-01  9.615786e-01  9.605999e-01 -3.849035e+00  8.677617e-01  6.632444e+01
 6.450000e-01  9.617133e-01  9.257752e-01  9.618009e-01  9.624557e-01 -3.851818e+00  1.189632e+00  6.832864e+01
 6.500000e-01  9.555154e-01  9.141413e-01  9.567728e-01  9.563543e-01 -3.830161e+00  1.563422e+00  6.324477e+01
 6.550000e-01  9.580644e-01  9.186006e-01  9.581567e-01  9.574162e-01 -3.834757e+00  9.989567e-01  6.328164e+01
 6.600000e-01  9.574998e-01  9.177388e-01  9.573589e-01  9.573805e-01 -3.832563e+00  1.292422e+00  6.611821e+01
 6.650000e-01  9.567961e-01  9.163040e-01  9.552809e-01  9.569487e-01 -3.828450e+00  1.062621e+00  6.506200e+01
 6.700000e-01  9.441823e-01  8.924229e-01  9.463311e-01  9.466201e-01 -3.794586e+00  1.091896e+00  5.449071e+01
 6.750000e-01  9.419509e-01  8.885917e-01  9.432362e-01  9.442087e-01 -3.782527e+00  1.553353e+00  5.237865e+01
 6.800000e-01  9.453459e-01  8.944880e-01  9.467504e-01  9.445770e-01 -3.787333e+00  9.773360e-01  5.559484e+01
 6.850000e-01  9.430385e-01  8.904751e-01  9.445840e-01  9.432338e-01 -3.781686e+00  1.492396e+00  5.471334e+01
 6.900000e-01  9.371884e-01  8.793306e-01  9.396600e-01  9.386490e-01 -3.763098e+00  1.139214e+00  5.161621e+01
 6.950000e-01  9.355824e-01  8.767896e-01  9.365855e-01  9.373966e-01 -3.755918e+00  1.690326e+00  5.123300e+01
 7.000000e-01  9.354333e-01  8.761941e-01  9.355389e-01  9.363296e-01 -3.753284e+00  1.246167e+00  4.963853e+01
 7.050000e-01  9.236768e-01  8.544696e-01  9.286433e-01  9.255866e-01 -3.720068e+00  1.378242e+00  4.447824e+01
 7.100000e-01  9.301141e-01  8.663133e-01  9.310730e-01  9.314856e-01 -3.735776e+00  1.268021e+00  4.824621e+01
 7.150000e-01  9.279776e-01  8.627845e-01  9.285097e-01  9.307459e-01 -3.728485e+00  1.683979e+00  4.553808e+01
 7.200000e-01  9.210687e-01  8.499512e-01  9.215952e-01  9.220254e-01 -3.699141e+00  1.339298e+00  4.374907e+01
 7.250000e-01  9.240506e-01  8.553798e-01  9.246877e-01  9.252464e-01 -3.709665e+00  1.436065e+00  4.537964e+01
 7.300000e-01  9.100364e-01  8.300462e-01  9.140965e-01  9.123329e-01 -3.663921e+00  1.954386e+00  4.201623e+01
 7.350000e-01  9.199650e-01  8.476710e-01  9.208331e-01  9.201700e-01 -3.694320e+00  1.377000e+00  4.407402e+01
 7.400000e-01  9.116179e-01  8.329958e-01  9.143855e-01  9.122371e-01 -3.669405e+00  1.927036e+00  4.077102e+01
 7.450000e-01  9.086805e-01  8.273255e-01  9.120588e-01  9.113561e-01 -3.661921e+00  1.610688e+00  3.984403e+01
 7.500000e-01  9.107432e-01  8.309430e-01  9.123176e-01  9.121900e-01 -3.662066e+00  1.420253e+00  4.050638e+01
 7.550000e-01  9.039175e-01  8.190997e-01  9.058690e-01  9.071670e-01 -3.638933e+00  1.851733e+00  3.970594e+01
 7.600000e-01  8.973691e-01  8.071882e-01  9.020196e-01  9.013774e-01 -3.621410e+00  1.771935e+00  3.683691e+01
 7.650000e-01  8.968504e-01  8.064152e-01  8.997011e-01  9.008399e-01 -3.615528e+00  1.924163e+00  3.595656e+01
 7.700000e-01  8.871376e-01  7.890819e-01  8.903087e-01  8.907147e-01 -3.582804e+00  1.736446e+00  3.430076e+01
 7.750000e-01  8.931417e-01  7.996210e-01  8.954836e-01  8.951204e-01 -3.597884e+00  1.742697e+00  3.657201e+01
 7.800000e-01  8.761985e-01  7.699658e-01  8.814426e-01  8.836238e-01 -3.550884e+00  2.109051e+00  3.387823e+01
 7.850000e-01  8.819382e-01  7.801550e-01  8.860022e-01  8.858072e-01 -3.565177e+00  1.637787e+00  3.366452e+01
 7.900000e-01  8.697910e-01  7.586555e-01  8.734514e-01  8.753810e-01 -3.521705e+00  1.682281e+00  3.236773e+01
 7.950000e-01  8.693614e-01  7.586174e-01  8.747335e-01  8.753235e-01 -3.521023e+00  2.240480e+00  3.199938e+01
 8.000000e-01  8.822676e-01  7.802615e-01  8.843769e-01  8.828829e-01 -3.552738e+00  1.532188e+00  3.368148e+01
 8.050000e-01  8.421084e-01  7.118060e-01  8.523805e-01  8.530499e-01 -3.442105e+00  2.053254e+00  2.748224e+01
 8.100000e-01  8.692770e-01  7.584531e-01  8.696940e-01  8.739850e-01 -3.514329e+00  1.983330e+00  3.116190e+01
 8.150000e-01  8.461093e-01  7.188741e-01  8.497449e-01  8.572555e-01 -3.445877e+00  1.961262e+00  2.759915e+01
 8.200000e-01  8.509267e-01  7.274017e-01  8.581806e-01  8.564112e-01 -3.456137e+00  2.465701e+00  2.971785e+01
 8.250000e-01  8.522068e-01  7.285390e-01  8.575729e-01  8.577546e-01 -3.459051e+00  1.574051e+00  2.883776e+01
 8.300000e-01  8.411653e-01  7.106004e-01  8.470707e-01  8.502978e-01 -3.429728e+00  2.086091e+00  2.767795e+01
 8.350000e-01  8.329388e-01  6.974865e-01  8.403919e-01  8.394857e-01 -3.399815e+00  2.450925e+00  2.560823e+01
 8.400000e-01  8.252433e-01  6.847311e-01  8.328293e-01  8.356324e-01 -3.380830e+00  2.253272e+00  2.491027e+01
 8.450000e-01  8.140852e-01  6.658907e-01  8.255718e-01  8.268958e-01 -3.345051e+00  1.969620e+00  2.411837e+01
 8.500000e-01  8.087676e-01  6.586576e-01  8.198322e-01  8.187263e-01 -3.320541e+00  2.860911e+00  2.352453e+01
 8.550000e-01  8.086027e-01  6.572119e-01  8.186200e-01  8.199833e-01 -3.322703e+00  2.239408e+00  2.327578e+01
 8.600000e-01  7.973750e-01  6.397616e-01  8.078590e-01  8.108571e-01 -3.289192e+00  2.159451e+00  2.300449e+01
 8.650000e-01  7.893896e-01  6.276140e-01  8.019798e-01  8.056148e-01 -3.266336e+00  2.541087e+00  2.262087e+01
 8.700000e-01  7.769123e-01  6.082383e-01  7.934204e-01  7.955166e-01 -3.242805e+00  2.474769e+00  2.006739e+01
 8.750000e-01  7.789721e-01  6.113380e-01  7.932093e-01  7.946679e-01 -3.229961e+00  2.325138e+00  2.063665e+01
 8.800000e-01  7.525012e-01  5.714013e-01  7.747668e-01  7.748192e-01 -3.165896e+00  2.523810e+00  1.892272e+01
 8.850000e-01  7.749405e-01  6.051418e-01  7.852175e-01  7.894159e-01 -3.208985e+00  2.231502e+00  2.162648e+01
 8.900000e-01  7.643574e-01  5.880283e-01  7.762257e-01  7.858576e-01 -3.188034e+00  2.083475e+00  2.071562e+01
 8.950000e-01  7.720757e-01  6.006278e-01  7.881317e-01  7.848044e-01 -3.206563e+00  2.315125e+00  2.050608e+01
 9.000000e-01  7.591157e-01  5.813619e-01  7.749626e-01  7.780658e-01 -3.171941e+00  2.517386e+00  1.965314e+01
 9.050000e-01  7.399252e-01  5.535817e-01  7.577811e-01  7.641441e-01 -3.123008e+00  2.452883e+00  1.802347e+01
 9.100000e-01  7.403862e-01  5.525894e-01  7.551164e-01  7.601397e-01 -3.108546e+00  2.141744e+00  1.854725e+01
 9.150000e-01  7.512684e-01  5.690078e-01  7.670481e-01  7.670215e-01 -3.133289e+00  2.345553e+00  1.980174e+01
 9.200000e-01  7.358518e-01  5.462941e-01  7.563668e-01  7.569241e-01 -3.098652e+00  2.651926e+00  1.835238e+01
 9.250000e-01  7.155072e-01  5.170410e-01  7.382569e-01  7.406227e-01 -3.047996e+00  2.116757e+00  1.659797e+01
 9.300000e-01  7.023835e-01  5.006483e-01  7.249172e-01  7.347178e-01 -3.021050e+00  3.076193e+00  1.555214e+01
 9.350000e-01  6.778021e-01  4.691342e-01  7.062283e-01  7.121652e-01 -2.957098e+00  3.967824e+00  1.441980e+01
 9.400000e-01  6.942353e-01  4.880079e-01  7.193704e-01  7.249624e-01 -2.996592e+00  2.527215e+00  1.531012e+01
 9.450000e-01  6.869528e-01  4.778738e-01  7.104794e-01  7.199603e-01 -2.963826e+00  2.739136e+00  1.518636e+01
 9.500000e-01  6.571915e-01  4.404152e-01  6.924619e-01  7.033370e-01 -2.914965e+00  3.050556e+00  1.287910e+01
 9.550000e-01  6.467239e-01  4.244272e-01  6.781474e-01  6.907730e-01 -2.874807e+00  2.140906e+00  1.276729e+01
 9.600000e-01  6.878861e-01  4.799918e-01  7.128242e-01  7.161913e-01 -2.962823e+00  2.648771e+00  1.506102e+01
 9.650000e-01  6.303935e-01  4.064182e-01  6.715395e-01  6.803594e-01 -2.843978e+00  2.484897e+00  1.182661e+01
 9.700000e-01  5.992699e-01  3.647321e-01  6.443733e-01  6.633901e-01 -2.776653e+00  1.886641e+00  1.078554e+01
 9.750000e-01  6.292566e-01  4.026011e-01  6.614125e-01  6.708108e-01 -2.805053e+00  2.197762e+00  1.316019e+01
 9.800000e-01  6.368334e-01  4.129016e-01  6.684050e-01  6.802414e-01 -2.827751e+00  2.561920e+00  1.276533e+01
 9.850000e-01  5.959127e-01  3.634966e-01  6.381518e-01  6.580885e-01 -2.751838e+00  3.313642e+00  1.082897e+01
 9.900000e-01  6.076085e-01  3.758354e-01  6.424680e-01  6.573932e-01 -2.747101e+00  2.259050e+00  1.164360e+01
 9.950000e-01  6.021748e-01  3.701209e-01  6.408861e-01  6.495162e-01 -2.738910e+00  2.889085e+00  1.178909e+01
 1.000000e+00  5.730691e-01  3.371838e-01  6.141063e-01  6.333983e-01 -2.683597e+00  2.944996e+00  1.025229e+01
 1.010000e+00  5.589646e-01  3.197023e-01  6.046397e-01  6.171116e-01 -2.637688e+00  2.219359e+00  9.996433e+00
 1.020000e+00  5.581055e-01  3.185679e-01  6.033206e-01  6.188720e-01 -2.634854e+00  2.138574e+00  1.023525e+01
 1.030000e+00  5.300636e-01  2.885672e-01  5.811301e-01  6.000058e-01 -2.571400e+00  2.226058e+00  9.288033e+00
 1.040000e+00  5.227204e-01  2.797009e-01  5.744565e-01  5.943678e-01 -2.548562e+00  2.083427e+00  8.881440e+00
 1.050000e+00  5.026535e-01  2.604229e-01  5.619341e-01  5.835314e-01 -2.517066e+00  1.875012e+00  8.592200e+00
 1.060000e+00  4.929062e-01  2.496921e-01  5.488904e-01  5.676277e-01 -2.481554e+00  1.786654e+00  8.304168e+00
 1.070000e+00  4.715780e-01  2.314344e-01  5.409291e-01  5.620796e-01 -2.454108e+00  2.165566e+00  7.867919e+00
 1.080000e+00  4.581252e-01  2.167648e-01  5.168149e-01  5.499971e-01 -2.409157e+00  1.821464e+00  7.450365e+00
 1.090000e+00  4.762976e-01  2.341429e-01  5.302146e-01  5.522292e-01 -2.402575e+00  2.052730e+00  8.402569e+00
 1.100000e+00  4.614831e-01  2.206712e-01  5.169638e-01  5.400141e-01 -2.368536e+00  1.920949e+00  7.984090e+00
 1.110000e+00  4.513717e-01  2.109240e-01  5.185455e-01  5.410357e-01 -2.356695e+00  2.032387e+00  7.689451e+00
 1.120000e+00  4.389972e-01  2.003829e-01  4.957296e-01  5.220130e-01 -2.305602e+00  1.961473e+00  7.618755e+00
 1.130000e+00  4.267788e-01  1.888641e-01  4.874769e-01  5.165035e-01 -2.287332e+00  1.733243e+00  7.309982e+00
 1.140000e+00  4.204862e-01  1.839966e-01  4.926209e-01  5.175463e-01 -2.271045e+00  2.000649e+00  7.067127e+00
 1.150000e+00  4.088040e-01  1.742781e-01  4.716634e-01  4.979558e-01 -2.227557e+00  1.670012e+00  7.109132e+00
 1.160000e+00  3.805525e-01  1.520048e-01  4.560394e-01  4.776398e-01 -2.167241e+00  1.799173e+00  6.452261e+00
 1.170000e+00  3.887567e-01  1.571502e-01  4.741639e-01  4.891866e-01 -2.176726e+00  1.452249e+00  6.581714e+00
 1.180000e+00  3.952190e-01  1.633175e-01  4.652850e-01  4.836008e-01 -2.171801e+00  1.391674e+00  7.066636e+00
 1.190000e+00  3.758110e-01  1.482337e-01  4.546900e-01  4.706609e-01 -2.124958e+00  1.714281e+00  6.550337e+00
 1.200000e+00  3.687445e-01  1.433498e-01  4.444788e-01  4.664474e-01 -2.114068e+00  1.676737e+00  6.470344e+00
 1.210000e+00  3.614459e-01  1.372962e-01  4.376452e-01  4.670281e-01 -2.083499e+00  1.851435e+00  6.217720e+00
 1.220000e+00  3.509890e-01  1.300921e-01  4.154732e-01  4.484435e-01 -2.033846e+00  1.590974e+00  6.265316e+00
 1.230000e+00  3.495986e-01  1.295585e-01  4.157222e-01  4.488913e-01 -2.015223e+00  1.756707e+00  6.317290e+00
 1.240000e+00  3.239472e-01  1.134229e-01  4.142509e-01  4.378550e-01 -1.975296e+00  1.625241e+00  5.750423e+00
 1.250000e+00  3.210632e-01  1.111049e-01  3.986627e-01  4.301815e-01 -1.982100e+00  1.672565e+00  5.772022e+00
 1.260000e+00  3.235421e-01  1.134363e-01  4.079834e-01  4.309821e-01 -1.953637e+00  1.526332e+00  5.967565e+00
 1.270000e+00  3.179565e-01  1.080361e-01  3.918310e-01  4.233550e-01 -1.929151e+00  1.818845e+00  5.738822e+00
 1.280000e+00  2.948063e-01  9.627419e-02  3.826263e-01  4.081500e-01 -1.885680e+00  1.801025e+00  5.386821e+00
 1.290000e+00  2.824038e-01  9.076419e-02  3.608063e-01  3.951053e-01 -1.837965e+00  2.205201e+00  5.259094e+00
 1.300000e+00  2.951097e-01  9.486382e-02  3.762868e-01  4.015781e-01 -1.853465e+00  1.606061e+00  5.522786e+00
 1.310000e+00  2.963074e-01  9.506666e-02  3.679639e-01  4.053808e-01 -1.867467e+00  1.631683e+00  5.457352e+00
 1.320000e+00  2.677491e-01  8.057724e-02  3.507499e-01  3.770496e-01 -1.796981e+00  1.501907e+00  5.074581e+00
 1.330000e+00  2.566185e-01  7.257856e-02  3.446995e-01  3.733296e-01 -1.764602e+00  1.423603e+00  4.912692e+00
 1.340000e+00  2.273567e-01  6.216388e-02  3.212918e-01  3.491937e-01 -1.689012e+00  2.197728e+00  4.415366e+00
 1.350000e+00  2.457774e-01  6.669759e-02  3.391254e-01  3.642125e-01 -1.730498e+00  1.460478e+00  4.780575e+00
 1.360000e+00  2.276841e-01  6.013973e-02  3.174124e-01  3.504109e-01 -1.691605e+00  1.399251e+00  4.459891e+00
 1.370000e+00  2.089431e-01  5.131715e-02  2.985398e-01  3.351462e-01 -1.627275e+00  1.422900e+00  4.323583e+00
 1.380000e+00  2.065697e-01  4.876660e-02  3.013214e-01  3.340939e-01 -1.629760e+00  1.526145e+00  4.216047e+00
 1.390000e+00  1.886107e-01  4.409580e-02  2.782524e-01  3.175459e-01 -1.575377e+00  1.850366e+00  3.955814e+00
 1.400000e+00  1.841924e-01  4.173207e-02  2.768457e-01  3.085994e-01 -1.565149e+00  1.668466e+00  3.866324e+00
 1.410000e+00  1.889836e-01  4.384028e-02  2.823363e-01  3.125128e-01 -1.542369e+00  1.463350e+00  4.019262e+00
 1.420000e+00  1.559710e-01  3.202216e-02  2.489139e-01  2.905036e-01 -1.473208e+00  1.770206e+00  3.579918e+00
 1.430000e+00  1.611916e-01  3.321388e-02  2.642412e-01  2.936222e-01 -1.486674e+00  1.424406e+00  3.494923e+00
 1.440000e+00  1.461697e-01  2.657678e-02  2.432742e-01  2.806765e-01 -1.442870e+00  1.602744e+00  3.402216e+00
 1.450000e+00  1.345039e-01  2.384354e-02  2.392819e-01  2.768731e-01 -1.409922e+00  1.434556e+00  3.109662e+00
 1.460000e+00  1.417465e-01  2.592692e-02  2.498854e-01  2.766251e-01 -1.407855e+00  1.326117e+00  3.245020e+00
 1.470000e+00  1.355413e-01  2.554643e-02  2.340929e-01  2.657730e-01 -1.369990e+00  1.598046e+00  3.244634e+00
 1.480000e+00  1.346588e-01  2.453080e-02  2.421880e-01  2.643313e-01 -1.367644e+00  1.402982e+00  3.180023e+00
 1.490000e+00  1.280168e-01  2.208152e-02  2.191205e-01  2.577893e-01 -1.349188e+00  1.383617e+00  3.050975e+00
 1.500000e+00  1.172769e-01  1.855413e-02  2.207016e-01  2.502235e-01 -1.299237e+00  1.080734e+00  2.886837e+00
 1.510000e+00  1.229062e-01  2.017572e-02  2.241706e-01  2.463244e-01 -1.287978e+00  1.331657e+00  3.027090e+00
