# Temperature          M^2          M^4          G^2          G^4       Energy           Cv         Corr
 0.000000e+00  1.000000e+00  1.000000e+00  1.000000e+00  1.000000e+00 -4.000000e+00  0.000000e+00  0.000000e+00
 1.000000e-02  1.000000e+00  1.000000e+00  5.146667e-01  4.810000e-01 -1.991333e+00  6.206946e+06  0.000000e+00
 2.000000e-02  1.000000e+00  1.000000e+00  4.856667e-01  4.830000e-01 -1.937333e+00  1.532773e+06  0.000000e+00
 3.000000e-02  1.000000e+00  1.000000e+00  4.896667e-01  4.913333e-01 -1.962000e+00  7.690119e+05  0.000000e+00
 4.000000e-02  1.000000e+00  1.000000e+00  4.916667e-01  5.023333e-01 -1.988000e+00  4.095078e+05  0.000000e+00
 5.000000e-02  1.000000e+00  1.000000e+00  5.176667e-01  4.746667e-01 -1.984667e+00  2.715140e+05  0.000000e+00
 6.000000e-02  1.000000e+00  1.000000e+00  4.893333e-01  5.120000e-01 -2.002667e+00  2.012582e+05  0.000000e+00
 7.000000e-02  1.000000e+00  1.000000e+00  5.046667e-01  5.183333e-01 -2.046000e+00  1.403636e+05  0.000000e+00
 8.000000e-02  1.000000e+00  1.000000e+00  4.976667e-01  5.066667e-01 -2.008667e+00  1.049480e+05  0.000000e+00
 9.000000e-02  1.000000e+00  1.000000e+00  5.046667e-01  4.933333e-01 -1.996000e+00  8.450256e+04  0.000000e+00
 1.000000e-01  1.000000e+00  1.000000e+00  4.943333e-01  4.913333e-01 -1.971333e+00  6.727229e+04  0.000000e+00
 1.100000e-01  1.000000e+00  1.000000e+00  5.016667e-01  4.960000e-01 -1.995333e+00  5.506284e+04  0.000000e+00
 1.200000e-01  1.000000e+00  1.000000e+00  5.163333e-01  5.080000e-01 -2.048667e+00  4.862960e+04  0.000000e+00
 1.300000e-01  1.000000e+00  1.000000e+00  5.073333e-01  4.790000e-01 -1.972667e+00  3.808712e+04  0.000000e+00
 1.400000e-01  1.000000e+00  1.000000e+00  4.793333e-01  4.970000e-01 -1.952667e+00  3.350544e+04  0.000000e+00
 1.500000e-01  1.000000e+00  1.000000e+00  4.773333e-01  4.740000e-01 -1.902667e+00  2.780595e+04  0.000000e+00
 1.600000e-01  1.000000e+00  1.000000e+00  4.866667e-01  5.013333e-01 -1.976000e+00  2.643029e+04  0.000000e+00
 1.700000e-01  1.000000e+00  1.000000e+00  5.170000e-01  4.903333e-01 -2.014667e+00  2.254321e+04  0.000000e+00
 1.800000e-01  1.000000e+00  1.000000e+00  4.970000e-01  4.826667e-01 -1.959333e+00  2.124244e+04  0.000000e+00
 1.900000e-01  1.000000e+00  1.000000e+00  4.956667e-01  4.840000e-01 -1.959333e+00  1.881310e+04  0.000000e+00
 2.000000e-01  1.000000e+00  1.000000e+00  4.880000e-01  4.923333e-01 -1.960667e+00  1.652644e+04  0.000000e+00
 2.100000e-01  1.000000e+00  1.000000e+00  5.270000e-01  4.893333e-01 -2.032667e+00  1.611567e+04  0.000000e+00
 2.200000e-01  1.000000e+00  1.000000e+00  4.986667e-01  5.150000e-01 -2.027333e+00  1.405126e+04  0.000000e+00
 2.300000e-01  1.000000e+00  1.000000e+00  5.256667e-01  4.970000e-01 -2.045333e+00  1.276183e+04  0.000000e+00
 2.400000e-01  1.000000e+00  1.000000e+00  4.883333e-01  5.316667e-01 -2.040000e+00  1.248711e+04  0.000000e+00
 2.500000e-01  1.000000e+00  1.000000e+00  4.916667e-01  5.240000e-01 -2.031333e+00  1.172214e+04  0.000000e+00
 2.600000e-01  1.000000e+00  1.000000e+00  5.106667e-01  4.973333e-01 -2.016000e+00  1.001395e+04  0.000000e+00
 2.700000e-01  1.000000e+00  1.000000e+00  4.930000e-01  5.033333e-01 -1.992667e+00  8.964122e+03  0.000000e+00
 2.800000e-01  1.000000e+00  1.000000e+00  5.003333e-01  4.846667e-01 -1.970000e+00  8.602848e+03  0.000000e+00
 2.900000e-01  1.000000e+00  1.000000e+00  5.180000e-01  4.956667e-01 -2.027333e+00  7.718592e+03  0.000000e+00
 3.000000e-01  1.000000e+00  1.000000e+00  4.920000e-01  5.130000e-01 -2.010000e+00  7.968363e+03  0.000000e+00
 3.100000e-01  1.000000e+00  1.000000e+00  4.893333e-01  5.110000e-01 -2.000667e+00  7.179480e+03  0.000000e+00
 3.200000e-01  1.000000e+00  1.000000e+00  4.836667e-01  5.100000e-01 -1.987333e+00  6.185062e+03  0.000000e+00
 3.300000e-01  1.000000e+00  1.000000e+00  5.120000e-01  5.190000e-01 -2.062000e+00  6.416486e+03  0.000000e+00
 3.400000e-01  1.000000e+00  1.000000e+00  5.020000e-01  5.143333e-01 -2.032667e+00  6.179429e+03  0.000000e+00
 3.500000e-01  1.000000e+00  1.000000e+00  4.956667e-01  5.046667e-01 -2.000667e+00  5.379595e+03  0.000000e+00
 3.600000e-01  1.000000e+00  1.000000e+00  4.860000e-01  5.036667e-01 -1.979333e+00  5.278162e+03  0.000000e+00
 3.700000e-01  1.000000e+00  1.000000e+00  4.976667e-01  4.900000e-01 -1.975333e+00  5.075140e+03  0.000000e+00
 3.800000e-01  1.000000e+00  1.000000e+00  4.703333e-01  5.180000e-01 -1.976667e+00  4.723748e+03  0.000000e+00
 3.900000e-01  1.000000e+00  1.000000e+00  5.080059e-01  4.950000e-01 -2.006012e+00  4.763138e+03  0.000000e+00
 4.000000e-01  9.999935e-01  9.999870e-01  5.013288e-01  4.826631e-01 -1.967984e+00  4.009779e+03  9.047470e+04
 4.100000e-01  9.998153e-01  9.996311e-01  4.942474e-01  4.842435e-01 -1.956982e+00  3.681028e+03  1.697576e+04
 4.200000e-01  9.999623e-01  9.999247e-01  5.083158e-01  5.329818e-01 -2.082595e+00  4.253331e+03  3.756699e+04
 4.300000e-01  9.999076e-01  9.998155e-01  4.926338e-01  4.956172e-01 -1.976502e+00  3.757860e+03  2.400846e+04
 4.400000e-01  9.999844e-01  9.999688e-01  4.833258e-01  4.819928e-01 -1.930637e+00  3.359810e+03  5.840090e+04
 4.500000e-01  9.999519e-01  9.999039e-01  5.176439e-01  5.136432e-01 -2.062574e+00  3.531324e+03  3.325847e+04
 4.600000e-01  9.998959e-01  9.997921e-01  5.236182e-01  4.992897e-01 -2.045816e+00  3.482328e+03  2.261757e+04
 4.700000e-01  9.999818e-01  9.999636e-01  4.963164e-01  5.303281e-01 -2.053289e+00  3.397717e+03  5.406866e+04
 4.800000e-01  9.999233e-01  9.998467e-01  4.976221e-01  4.896318e-01 -1.974508e+00  2.904207e+03  2.633728e+04
 4.900000e-01  9.999883e-01  9.999766e-01  4.956598e-01  5.019948e-01 -1.995309e+00  2.880851e+03  6.743568e+04
 5.000000e-01  9.997255e-01  9.994518e-01  5.128682e-01  5.028786e-01 -2.031493e+00  2.965884e+03  1.392556e+04
 5.100000e-01  9.997984e-01  9.995973e-01  5.179180e-01  4.942360e-01 -2.024308e+00  2.628319e+03  1.624815e+04
 5.200000e-01  9.997281e-01  9.994571e-01  4.838773e-01  4.812074e-01 -1.930169e+00  2.417701e+03  1.435215e+04
 5.300000e-01  9.998530e-01  9.997064e-01  4.859209e-01  5.115934e-01 -1.995029e+00  2.390189e+03  1.903016e+04
 5.400000e-01  9.994941e-01  9.989896e-01  4.921211e-01  5.067568e-01 -1.997756e+00  2.239999e+03  1.013349e+04
 5.500000e-01  9.993133e-01  9.986288e-01  5.213236e-01  5.059840e-01 -2.054618e+00  2.449122e+03  9.025376e+03
 5.600000e-01  9.992926e-01  9.985877e-01  5.052868e-01  5.136266e-01 -2.037827e+00  2.227004e+03  8.237493e+03
 5.700000e-01  9.993067e-01  9.986155e-01  4.963190e-01  4.909987e-01 -1.974635e+00  2.196943e+03  8.876121e+03
 5.800000e-01  9.993965e-01  9.987951e-01  5.209922e-01  4.880391e-01 -2.018072e+00  2.013084e+03  9.100725e+03
 5.900000e-01  9.989883e-01  9.979806e-01  5.188161e-01  4.928275e-01 -2.023322e+00  1.996586e+03  6.766640e+03
 6.000000e-01  9.983373e-01  9.966823e-01  4.921598e-01  5.101576e-01 -2.004740e+00  1.939941e+03  5.464728e+03
 6.100000e-01  9.985334e-01  9.970734e-01  4.779658e-01  4.926276e-01 -1.941257e+00  1.816908e+03  5.791682e+03
 6.200000e-01  9.981717e-01  9.963512e-01  4.996973e-01  5.037324e-01 -2.006904e+00  1.823283e+03  5.290362e+03
 6.300000e-01  9.984644e-01  9.969351e-01  4.855837e-01  4.955749e-01 -1.962361e+00  1.551229e+03  5.639515e+03
 6.400000e-01  9.979403e-01  9.958931e-01  5.092992e-01  5.032835e-01 -2.025273e+00  1.600230e+03  4.555290e+03
 6.500000e-01  9.976024e-01  9.952159e-01  4.788971e-01  5.127617e-01 -1.983393e+00  1.570208e+03  4.640873e+03
 6.600000e-01  9.971858e-01  9.943871e-01  4.633138e-01  5.305739e-01 -1.987838e+00  1.534759e+03  4.018803e+03
 6.700000e-01  9.971003e-01  9.942166e-01  4.992005e-01  4.919512e-01 -1.982486e+00  1.552772e+03  4.028790e+03
 6.800000e-01  9.970439e-01  9.941033e-01  5.068760e-01  4.932695e-01 -2.000372e+00  1.487325e+03  3.940483e+03
 6.900000e-01  9.967512e-01  9.935236e-01  5.289219e-01  4.906836e-01 -2.039455e+00  1.491784e+03  3.787515e+03
 7.000000e-01  9.965119e-01  9.930454e-01  4.959281e-01  5.055443e-01 -2.003059e+00  1.262408e+03  3.736637e+03
 7.100000e-01  9.950168e-01  9.900768e-01  5.012367e-01  5.077917e-01 -2.018524e+00  1.309327e+03  2.813171e+03
 7.200000e-01  9.934664e-01  9.869933e-01  5.088626e-01  5.085967e-01 -2.035303e+00  1.309325e+03  2.862565e+03
 7.300000e-01  9.948166e-01  9.896761e-01  4.688154e-01  4.821507e-01 -1.902441e+00  1.144625e+03  2.829601e+03
 7.400000e-01  9.938093e-01  9.876760e-01  4.843206e-01  4.926006e-01 -1.954415e+00  1.160922e+03  2.652384e+03
 7.500000e-01  9.933229e-01  9.867128e-01  5.118701e-01  5.062471e-01 -2.036704e+00  1.211017e+03  2.548365e+03
 7.600000e-01  9.899971e-01  9.801266e-01  5.052201e-01  4.936921e-01 -1.998544e+00  1.261106e+03  2.300970e+03
 7.700000e-01  9.908480e-01  9.818083e-01  5.080111e-01  4.726312e-01 -1.961701e+00  1.170492e+03  2.322179e+03
 7.800000e-01  9.892576e-01  9.786576e-01  4.855205e-01  4.978473e-01 -1.967485e+00  1.132225e+03  2.104874e+03
 7.900000e-01  9.881586e-01  9.764996e-01  5.167741e-01  4.812809e-01 -1.997430e+00  1.091539e+03  1.874514e+03
 8.000000e-01  9.879704e-01  9.761241e-01  4.920540e-01  4.819909e-01 -1.948893e+00  1.046819e+03  1.965636e+03
 8.100000e-01  9.837395e-01  9.678028e-01  4.673551e-01  5.055215e-01 -1.947663e+00  9.539575e+02  1.574259e+03
 8.200000e-01  9.865874e-01  9.733947e-01  4.898776e-01  4.871048e-01 -1.955408e+00  9.988942e+02  1.803741e+03
 8.300000e-01  9.840756e-01  9.684611e-01  5.012295e-01  5.060130e-01 -2.016492e+00  1.007063e+03  1.502745e+03
 8.400000e-01  9.814258e-01  9.632491e-01  4.742028e-01  4.709147e-01 -1.892568e+00  8.592221e+02  1.401152e+03
 8.500000e-01  9.803152e-01  9.610700e-01  4.981393e-01  5.271051e-01 -2.052626e+00  1.001040e+03  1.446486e+03
 8.600000e-01  9.775711e-01  9.556956e-01  4.902344e-01  4.566504e-01 -1.896698e+00  8.378472e+02  1.265637e+03
 8.700000e-01  9.759383e-01  9.525738e-01  4.956325e-01  4.935273e-01 -1.981102e+00  8.935605e+02  1.340670e+03
 8.800000e-01  9.768743e-01  9.543879e-01  4.711094e-01  4.998353e-01 -1.944946e+00  8.588907e+02  1.275248e+03
 8.900000e-01  9.722938e-01  9.454492e-01  4.742207e-01  4.846921e-01 -1.923012e+00  8.477630e+02  1.033497e+03
 9.000000e-01  9.712447e-01  9.434146e-01  5.078646e-01  4.845296e-01 -1.988777e+00  8.169256e+02  1.215259e+03
 9.100000e-01  9.686301e-01  9.383579e-01  4.635329e-01  4.869460e-01 -1.906650e+00  7.588447e+02  9.785434e+02
 9.200000e-01  9.629581e-01  9.274423e-01  4.640182e-01  4.895003e-01 -1.913777e+00  7.584159e+02  9.449821e+02
 9.300000e-01  9.631175e-01  9.277708e-01  4.900280e-01  4.735573e-01 -1.934278e+00  7.255839e+02  9.669997e+02
 9.400000e-01  9.541752e-01  9.106669e-01  4.903402e-01  4.704066e-01 -1.931172e+00  7.386866e+02  7.772382e+02
 9.500000e-01  9.549473e-01  9.121254e-01  4.723047e-01  4.909437e-01 -1.935732e+00  6.656447e+02  8.311741e+02
 9.600000e-01  9.526135e-01  9.076314e-01  4.555332e-01  4.677428e-01 -1.857352e+00  6.200222e+02  7.490430e+02
 9.700000e-01  9.497081e-01  9.021145e-01  4.569098e-01  4.489098e-01 -1.822156e+00  5.985110e+02  7.876073e+02
 9.800000e-01  9.466322e-01  8.964041e-01  4.534792e-01  4.778096e-01 -1.875312e+00  6.338465e+02  7.403018e+02
 9.900000e-01  9.411629e-01  8.860800e-01  4.725563e-01  4.996195e-01 -1.958292e+00  6.731507e+02  6.953753e+02
 1.000000e+00  9.358550e-01  8.761156e-01  4.504053e-01  4.681549e-01 -1.853025e+00  6.013614e+02  6.188643e+02
 1.010000e+00  9.317794e-01  8.684613e-01  4.579069e-01  4.568206e-01 -1.844622e+00  5.624270e+02  6.767648e+02
 1.020000e+00  9.262014e-01  8.582081e-01  4.414733e-01  4.700866e-01 -1.841100e+00  5.439555e+02  5.931288e+02
 1.030000e+00  9.116009e-01  8.319297e-01  4.639642e-01  4.386878e-01 -1.835539e+00  5.419557e+02  4.395263e+02
 1.040000e+00  9.138049e-01  8.355729e-01  4.534574e-01  4.674616e-01 -1.868312e+00  5.848423e+02  4.976381e+02
 1.050000e+00  8.959312e-01  8.034546e-01  4.679674e-01  4.517334e-01 -1.873965e+00  5.205488e+02  4.383236e+02
 1.060000e+00  9.028490e-01  8.155690e-01  4.492220e-01  4.523955e-01 -1.834012e+00  5.031384e+02  4.488076e+02
 1.070000e+00  8.855837e-01  7.847590e-01  4.489990e-01  4.494554e-01 -1.837704e+00  4.994980e+02  4.159398e+02
 1.080000e+00  8.847116e-01  7.834727e-01  4.132985e-01  4.470706e-01 -1.763014e+00  4.129199e+02  3.815525e+02
 1.090000e+00  8.715923e-01  7.604078e-01  4.340778e-01  4.054385e-01 -1.724316e+00  3.777390e+02  3.846292e+02
 1.100000e+00  8.654775e-01  7.499307e-01  4.400319e-01  4.286572e-01 -1.785270e+00  4.309631e+02  3.610257e+02
 1.110000e+00  8.550722e-01  7.323746e-01  4.417764e-01  4.467135e-01 -1.836943e+00  4.457053e+02  3.650930e+02
 1.120000e+00  8.380960e-01  7.039382e-01  4.049723e-01  4.298379e-01 -1.742772e+00  3.617807e+02  2.781595e+02
 1.130000e+00  8.268489e-01  6.849868e-01  4.019593e-01  4.026312e-01 -1.683475e+00  3.345856e+02  2.647668e+02
 1.140000e+00  8.129911e-01  6.630285e-01  4.049274e-01  4.087764e-01 -1.720349e+00  3.611844e+02  2.353924e+02
 1.150000e+00  7.610270e-01  5.818897e-01  3.748952e-01  3.759808e-01 -1.637827e+00  2.895296e+02  1.746450e+02
 1.160000e+00  7.733421e-01  6.013848e-01  3.828906e-01  3.909508e-01 -1.663992e+00  2.994225e+02  1.835517e+02
 1.170000e+00  7.565688e-01  5.745749e-01  3.862497e-01  3.719163e-01 -1.653198e+00  2.884162e+02  1.763102e+02
 1.180000e+00  7.146169e-01  5.169056e-01  3.554245e-01  3.520951e-01 -1.588637e+00  2.668954e+02  1.254961e+02
 1.190000e+00  7.052935e-01  5.025653e-01  3.615176e-01  3.531312e-01 -1.622425e+00  2.307514e+02  1.229454e+02
 1.200000e+00  5.859042e-01  3.508903e-01  2.945843e-01  2.854326e-01 -1.471686e+00  1.475214e+02  7.410959e+01
 1.210000e+00  4.811193e-01  2.639756e-01  2.353490e-01  2.570026e-01 -1.446993e+00  1.332736e+02  4.626422e+01
 1.220000e+00  1.907655e-01  5.263419e-02  9.686328e-02  1.074561e-01 -1.194468e+00  4.757689e+01  1.990186e+01
 1.230000e+00  8.450398e-02  1.147188e-02  3.063965e-02  4.133268e-02 -1.109264e+00  1.250723e+01  1.151485e+01
 1.240000e+00  5.539449e-02  5.796983e-03  1.052018e-02  3.421615e-02 -1.028171e+00  9.870053e+00  9.164560e+00
 1.250000e+00  7.901941e-02  1.588038e-02  2.489779e-02  3.807520e-02 -1.051846e+00  1.587265e+01  1.308987e+01
 1.260000e+00  4.201770e-02  3.357438e-03  1.319694e-02  3.131673e-02 -1.024848e+00  3.098271e+00  7.973362e+00
 1.270000e+00  6.821136e-02  7.070241e-03  3.581934e-02  5.186068e-02 -1.064878e+00  2.540111e+00  1.143355e+01
 1.280000e+00  3.425256e-02  1.600821e-03  8.264648e-03  1.231087e-02 -9.822741e-01  2.187655e+00  7.912355e+00
 1.290000e+00  2.789339e-02  1.304309e-03 -1.371680e-02  1.864974e-02 -9.483216e-01  1.307841e+00  8.247750e+00
 1.300000e+00  2.809699e-02  1.661918e-03  1.048958e-02  2.902018e-02 -1.026302e+00  4.961224e+00  7.184599e+00
 1.310000e+00  1.977620e-02  7.222144e-04  1.116699e-02  1.027799e-02 -9.751380e-01  2.793065e+00  6.863946e+00
 1.320000e+00  1.989061e-02  5.835451e-04 -1.890332e-02  7.438477e-03 -9.048242e-01  2.236511e+00  7.103529e+00
 1.330000e+00  1.312364e-02  2.758939e-04  1.065104e-02  2.647786e-02 -8.918587e-01  1.507034e+00  5.017615e+00
 1.340000e+00  1.914878e-02  5.282932e-04 -1.716569e-02  1.799382e-02 -8.557448e-01  3.733964e+00  6.736181e+00
 1.350000e+00  1.452256e-02  2.969739e-04 -3.369141e-03  7.903320e-03 -8.539779e-01  2.001660e+00  5.758213e+00
 1.360000e+00  1.744599e-02  4.506180e-04 -1.089518e-02  1.111491e-02 -8.398626e-01  7.199082e-01  6.849986e+00
 1.370000e+00  1.409742e-02  2.686755e-04  7.651042e-03 -1.529948e-05 -8.451400e-01  1.368565e+00  6.879472e+00
 1.380000e+00  9.398571e-03  1.846628e-04 -2.919271e-02 -5.217448e-03 -8.762754e-01  1.049823e+00  5.252264e+00
 1.390000e+00  1.656286e-02  3.714492e-04  1.211035e-02  6.855794e-03 -8.867122e-01  1.975944e+00  6.500897e+00
 1.400000e+00  1.239007e-02  2.211604e-04 -3.697917e-03  2.523438e-03 -7.812845e-01  2.112758e+00  7.003610e+00
 1.410000e+00  1.099469e-02  2.148433e-04 -2.265072e-02  1.558724e-02 -8.003411e-01  2.259021e+00  4.734515e+00
 1.420000e+00  1.114471e-02  1.916768e-04 -2.148893e-02  8.932292e-04 -7.859844e-01  1.043503e+00  5.637208e+00
 1.430000e+00  1.088335e-02  1.720883e-04 -3.201172e-03  7.827148e-03 -8.024297e-01  2.001675e+00  5.288122e+00
 1.440000e+00  7.013364e-03  7.485176e-05  7.708008e-03  6.998698e-05 -8.640814e-01  5.055761e-01  4.451315e+00
 1.450000e+00  1.566543e-02  4.491134e-04 -1.596973e-02 -6.929036e-03 -8.305299e-01  5.032332e-01  9.091273e+00
 1.460000e+00  5.981028e-03  5.729402e-05  2.461621e-02 -4.346354e-03 -7.612116e-01  1.695297e+00  4.603437e+00
 1.470000e+00  1.667928e-02  4.054553e-04 -9.127930e-03  1.968424e-03 -7.863066e-01  8.064629e-01  8.693111e+00
 1.480000e+00  1.185970e-02  1.980024e-04 -8.177409e-03  1.364095e-02 -8.011940e-01  9.363765e-01  7.845180e+00
 1.490000e+00  8.230097e-03  9.370736e-05  2.456706e-03  1.282552e-04 -7.840391e-01  6.534301e-01  5.350174e+00
 1.500000e+00  1.018653e-02  2.807516e-04  1.962565e-03  5.458333e-03 -7.667246e-01  7.162618e-01  7.463581e+00
 1.510000e+00  9.086840e-03  1.362662e-04  1.488997e-02 -1.495247e-02 -7.327617e-01  1.261110e+00  7.591332e+00
 1.520000e+00  8.769435e-03  1.094263e-04 -6.869141e-03  2.399805e-02 -7.607689e-01  1.329650e+00  4.917364e+00
 1.530000e+00  7.591852e-03  7.238159e-05  1.911133e-02  2.045280e-02 -7.572975e-01  9.385732e-01  4.365977e+00
 1.540000e+00  5.032314e-03  3.790497e-05 -2.864648e-02 -2.755208e-03 -6.928008e-01  5.379301e-01  3.492893e+00
 1.550000e+00  1.505154e-02  2.917051e-04  1.107813e-02  4.947917e-03 -8.010039e-01  1.190388e+00  9.334837e+00
 1.560000e+00  1.197654e-02  2.001277e-04  1.174805e-02  5.894531e-03 -7.714753e-01  2.221651e+00  7.902988e+00
 1.570000e+00  1.189431e-02  2.521222e-04  3.378906e-04 -7.558594e-04 -8.272962e-01  5.739875e-01  7.238464e+00
 1.580000e+00  5.653186e-03  4.650659e-05 -1.693229e-02 -6.791667e-03 -7.148470e-01  1.280719e+00  4.134930e+00
 1.590000e+00  7.909651e-03  9.769314e-05 -2.742839e-03 -5.611003e-03 -7.888366e-01  1.605264e+00  6.567362e+00
 1.600000e+00  8.971293e-03  1.133991e-04 -4.910807e-03 -1.378646e-02 -7.057760e-01  7.087916e-01  6.825326e+00
 1.610000e+00  3.044749e-03  1.454363e-05 -1.406868e-02 -1.542546e-02 -7.141348e-01  1.253053e+00  0.000000e+00
 1.620000e+00  4.482170e-03  3.219096e-05  1.455436e-02 -5.684245e-03 -7.517298e-01  4.908606e-01  3.514833e+00
 1.630000e+00  1.882603e-03  4.869197e-06 -3.443034e-03  1.434798e-02 -6.961042e-01  3.874538e-01  0.000000e+00
 1.640000e+00  5.772363e-03  5.053032e-05  1.397493e-02 -1.745931e-02 -7.324460e-01  3.011675e+00  4.160879e+00
 1.650000e+00  4.212996e-03  2.466463e-05  2.579785e-02  7.168945e-03 -7.044115e-01  8.463753e-01  5.102038e+00
 1.660000e+00  5.664533e-03  5.608167e-05  1.003809e-02  6.413737e-03 -6.785475e-01  2.285407e+00  7.032713e+00
 1.670000e+00  2.813173e-03  1.289051e-05  5.763997e-03 -6.758138e-03 -6.838529e-01  1.578305e+00  0.000000e+00
 1.680000e+00  4.793207e-03  2.787221e-05 -2.389323e-04 -3.947266e-03 -6.868047e-01  3.954327e-01  2.673617e+00
 1.690000e+00  1.399370e-02  3.470475e-04  4.267253e-03  1.939225e-02 -7.293001e-01  9.702169e-01  9.339357e+00
 1.700000e+00  6.342676e-03  4.610281e-05  3.752083e-02  1.865723e-02 -7.397396e-01  1.999887e+00  4.888043e+00
 1.710000e+00  4.001085e-03  2.182069e-05  3.297201e-03  2.964518e-03 -6.956165e-01  3.754542e+00  2.731835e+00
 1.720000e+00  7.659134e-03  9.211457e-05  1.848730e-02 -4.623047e-03 -6.948437e-01  4.242195e-01  8.416609e+00
 1.730000e+00  1.031391e-02  1.883566e-04  2.783138e-02  1.174772e-02 -6.830007e-01  5.124750e-01  1.079311e+01
 1.740000e+00  5.951085e-03  5.150073e-05 -1.347689e-02  5.414062e-03 -6.481309e-01  2.525756e+00  4.534393e+00
 1.750000e+00  4.506849e-03  2.681183e-05  5.025716e-03 -1.268880e-03 -7.207806e-01  1.812620e+00  5.207289e+00
 1.760000e+00  4.441915e-03  3.417539e-05 -6.011719e-03 -2.164062e-03 -6.213516e-01  8.234959e-01  5.488378e+00
 1.770000e+00  7.443656e-03  6.392202e-05  8.036133e-03  3.486979e-03 -7.069382e-01  2.119108e+00  6.271985e+00
 1.780000e+00  7.507825e-03  7.015191e-05 -1.066276e-02  1.290397e-02 -6.621432e-01  4.180121e-01  6.480559e+00
 1.790000e+00  6.148219e-03  4.545041e-05  2.957194e-02 -9.159831e-03 -7.274935e-01  5.455406e-01  5.605089e+00
 1.800000e+00  3.477159e-03  1.426942e-05 -1.279102e-02 -1.038249e-02 -6.640729e-01  2.813244e+00  2.597131e+00
 1.810000e+00  9.722993e-03  1.076736e-04  5.036458e-03  1.484375e-04 -7.248066e-01  7.004036e-01  9.710947e+00
 1.820000e+00  4.829211e-03  5.266293e-05  5.161458e-03 -1.308594e-03 -6.644043e-01  9.827926e-01  5.553150e+00
 1.830000e+00  1.384913e-02  2.384108e-04 -8.159505e-03 -1.122070e-03 -7.225319e-01  5.032153e-01  8.923114e+00
 1.840000e+00  1.025069e-02  1.333923e-04 -2.771810e-03 -2.104948e-02 -7.158919e-01  5.013062e-01  9.224746e+00
 1.850000e+00  7.681931e-03  6.821615e-05  1.518522e-02 -6.350586e-03 -6.292520e-01  1.581612e+00  7.549657e+00
 1.860000e+00  3.639748e-03  1.628546e-05 -7.249023e-03  3.867513e-03 -6.873607e-01  3.157837e+00  3.171809e+00
 1.870000e+00  1.616545e-02  3.153577e-04  1.636719e-03 -4.734701e-03 -6.995807e-01  1.185260e+00  1.306000e+01
 1.880000e+00  3.633925e-03  1.677252e-05 -3.339844e-03 -1.225260e-02 -6.299466e-01  4.877412e-01  2.819319e+00
 1.890000e+00  7.597368e-03  7.858210e-05  4.181966e-03  2.041602e-02 -6.589388e-01  2.513409e+00  7.009321e+00
 1.900000e+00  3.931744e-03  2.223432e-05  2.489193e-02  2.778971e-03 -6.691888e-01  7.615016e-01  0.000000e+00
 1.910000e+00  5.741984e-03  4.950751e-05  9.600260e-03  1.498698e-03 -6.889512e-01  5.346611e-01  7.120349e+00
 1.920000e+00  2.068707e-03  5.934897e-06 -2.083008e-03  4.654948e-03 -6.102435e-01  2.101301e-01  0.000000e+00
 1.930000e+00  4.004917e-03  2.358210e-05 -1.354427e-02 -1.987077e-02 -6.654987e-01  1.627337e+00  2.960103e+00
 1.940000e+00  6.270725e-03  6.437212e-05 -1.650228e-02  1.480501e-02 -6.092240e-01  2.641025e+00  7.478809e+00
 1.950000e+00  4.088184e-03  2.148567e-05  3.007292e-02 -9.459635e-04 -6.834310e-01  3.383413e+00  5.298586e+00
 1.960000e+00  1.908624e-03  5.547436e-06  8.639974e-03  1.121777e-02 -6.193698e-01  1.717815e+00  0.000000e+00
 1.970000e+00  5.270496e-03  3.691399e-05  8.194661e-03  1.285807e-02 -6.694251e-01  1.350192e+00  4.316454e+00
 1.980000e+00  6.661101e-03  5.235097e-05 -3.388346e-03  2.395768e-02 -7.160931e-01  2.631969e+00  4.510554e+00
 1.990000e+00  1.438432e-02  2.903598e-04  1.981152e-02  1.285482e-03 -6.519043e-01  3.954014e-01  1.049797e+01
 2.000000e+00  2.497325e-03  9.730243e-06  3.262370e-03  4.417643e-03 -6.371484e-01  2.107830e+00  0.000000e+00
