# Temperature Magnetization2 Magnetization4 Correlation2 Correlation4 Energy Energy2 HeatCapacity CorrelationLength
0.000000e+000 1.000000e+000 1.000000e+000 1.000000e+000 1.000000e+000 -2.000000e+000 -1.#IND00e+000 2.456717e+016
1.000000e-002 1.000000e+000 1.000000e+000 1.000000e+000 1.000000e+000 -2.000000e+000 0.000000e+000 2.456717e+016
2.000000e-002 1.000000e+000 1.000000e+000 1.000000e+000 1.000000e+000 -2.000000e+000 0.000000e+000 2.456717e+016
3.000000e-002 1.000000e+000 1.000000e+000 1.000000e+000 1.000000e+000 -2.000000e+000 0.000000e+000 2.456717e+016
4.000000e-002 1.000000e+000 1.000000e+000 1.000000e+000 1.000000e+000 -2.000000e+000 0.000000e+000 2.456717e+016
5.000000e-002 1.000000e+000 1.000000e+000 1.000000e+000 1.000000e+000 -2.000000e+000 0.000000e+000 2.456717e+016
6.000000e-002 1.000000e+000 1.000000e+000 1.000000e+000 1.000000e+000 -2.000000e+000 0.000000e+000 2.456717e+016
7.000000e-002 1.000000e+000 1.000000e+000 1.000000e+000 1.000000e+000 -2.000000e+000 0.000000e+000 2.456717e+016
8.000000e-002 1.000000e+000 1.000000e+000 1.000000e+000 1.000000e+000 -2.000000e+000 0.000000e+000 2.456717e+016
9.000000e-002 1.000000e+000 1.000000e+000 1.000000e+000 1.000000e+000 -2.000000e+000 0.000000e+000 2.456717e+016
1.000000e-001 1.000000e+000 1.000000e+000 1.000000e+000 1.000000e+000 -2.000000e+000 0.000000e+000 2.456717e+016
1.100000e-001 1.000000e+000 1.000000e+000 1.000000e+000 1.000000e+000 -2.000000e+000 0.000000e+000 2.456717e+016
1.200000e-001 1.000000e+000 1.000000e+000 1.000000e+000 1.000000e+000 -2.000000e+000 0.000000e+000 2.456717e+016
1.300000e-001 1.000000e+000 1.000000e+000 1.000000e+000 1.000000e+000 -2.000000e+000 0.000000e+000 2.456717e+016
1.400000e-001 1.000000e+000 1.000000e+000 1.000000e+000 1.000000e+000 -2.000000e+000 0.000000e+000 2.456717e+016
1.500000e-001 1.000000e+000 1.000000e+000 1.000000e+000 1.000000e+000 -2.000000e+000 0.000000e+000 2.456717e+016
1.600000e-001 1.000000e+000 1.000000e+000 1.000000e+000 1.000000e+000 -2.000000e+000 0.000000e+000 2.456717e+016
1.700000e-001 1.000000e+000 1.000000e+000 1.000000e+000 1.000000e+000 -2.000000e+000 0.000000e+000 2.456717e+016
1.800000e-001 1.000000e+000 1.000000e+000 1.000000e+000 1.000000e+000 -2.000000e+000 0.000000e+000 2.456717e+016
1.900000e-001 1.000000e+000 1.000000e+000 1.000000e+000 1.000000e+000 -2.000000e+000 0.000000e+000 2.456717e+016
2.000000e-001 1.000000e+000 1.000000e+000 1.000000e+000 1.000000e+000 -2.000000e+000 0.000000e+000 2.456717e+016
2.100000e-001 1.000000e+000 1.000000e+000 1.000000e+000 1.000000e+000 -2.000000e+000 0.000000e+000 2.456717e+016
2.200000e-001 1.000000e+000 1.000000e+000 1.000000e+000 1.000000e+000 -2.000000e+000 0.000000e+000 2.456717e+016
2.300000e-001 1.000000e+000 1.000000e+000 1.000000e+000 1.000000e+000 -2.000000e+000 0.000000e+000 2.456717e+016
2.400000e-001 1.000000e+000 1.000000e+000 1.000000e+000 1.000000e+000 -2.000000e+000 0.000000e+000 2.456717e+016
2.500000e-001 1.000000e+000 1.000000e+000 1.000000e+000 1.000000e+000 -2.000000e+000 0.000000e+000 2.456717e+016
2.600000e-001 1.000000e+000 1.000000e+000 1.000000e+000 1.000000e+000 -2.000000e+000 0.000000e+000 2.456717e+016
2.700000e-001 1.000000e+000 1.000000e+000 1.000000e+000 1.000000e+000 -2.000000e+000 0.000000e+000 2.456717e+016
2.800000e-001 1.000000e+000 1.000000e+000 1.000000e+000 1.000000e+000 -2.000000e+000 0.000000e+000 2.456717e+016
2.900000e-001 1.000000e+000 1.000000e+000 1.000000e+000 1.000000e+000 -2.000000e+000 0.000000e+000 2.456717e+016
3.000000e-001 1.000000e+000 1.000000e+000 1.000000e+000 1.000000e+000 -2.000000e+000 0.000000e+000 2.456717e+016
3.100000e-001 1.000000e+000 1.000000e+000 1.000000e+000 1.000000e+000 -2.000000e+000 0.000000e+000 2.456717e+016
3.200000e-001 9.999997e-001 9.999995e-001 9.999997e-001 9.999997e-001 -1.999999e+000 2.712402e-005 4.523749e+005
3.300000e-001 1.000000e+000 1.000000e+000 1.000000e+000 1.000000e+000 -2.000000e+000 0.000000e+000 2.456717e+016
3.400000e-001 9.999999e-001 9.999997e-001 9.999999e-001 9.999999e-001 -2.000000e+000 1.201400e-005 6.397548e+005
3.500000e-001 9.999997e-001 9.999995e-001 9.999997e-001 9.999997e-001 -1.999999e+000 2.267348e-005 4.523749e+005
3.600000e-001 9.999971e-001 9.999943e-001 9.999971e-001 9.999971e-001 -1.999994e+000 2.355088e-004 1.363960e+005
3.700000e-001 9.999965e-001 9.999930e-001 9.999965e-001 9.999965e-001 -1.999993e+000 2.735528e-004 1.231207e+005
3.800000e-001 9.999853e-001 9.999706e-001 9.999853e-001 9.999853e-001 -1.999971e+000 1.234626e-003 5.981766e+004
3.900000e-001 9.999875e-001 9.999751e-001 9.999875e-001 9.999875e-001 -1.999975e+000 8.724086e-004 6.529429e+004
4.000000e-001 9.999779e-001 9.999558e-001 9.999779e-001 9.999779e-001 -1.999956e+000 1.463151e-003 4.906641e+004
4.100000e-001 9.999822e-001 9.999644e-001 9.999822e-001 9.999822e-001 -1.999964e+000 1.124178e-003 5.465746e+004
4.200000e-001 9.999585e-001 9.999171e-001 9.999585e-001 9.999585e-001 -1.999917e+000 2.471592e-003 3.581865e+004
4.300000e-001 9.999667e-001 9.999335e-001 9.999667e-001 9.999667e-001 -1.999933e+000 2.123695e-003 4.095572e+004
4.400000e-001 9.999670e-001 9.999340e-001 9.999669e-001 9.999669e-001 -1.999934e+000 1.831522e-003 3.984049e+004
4.500000e-001 9.999272e-001 9.998545e-001 9.999271e-001 9.999271e-001 -1.999855e+000 3.746676e-003 2.670501e+004
4.600000e-001 9.999506e-001 9.999013e-001 9.999505e-001 9.999505e-001 -1.999901e+000 2.446834e-003 3.281792e+004
4.700000e-001 9.999105e-001 9.998212e-001 9.999104e-001 9.999104e-001 -1.999821e+000 4.290107e-003 2.440133e+004
4.800000e-001 9.998690e-001 9.997384e-001 9.998689e-001 9.998689e-001 -1.999739e+000 6.016706e-003 2.012142e+004
4.900000e-001 9.998413e-001 9.996831e-001 9.998411e-001 9.998413e-001 -1.999685e+000 6.900270e-003 1.805746e+004
5.000000e-001 9.998196e-001 9.996397e-001 9.998194e-001 9.998194e-001 -1.999640e+000 7.537374e-003 1.707664e+004
5.100000e-001 9.997742e-001 9.995491e-001 9.997740e-001 9.997740e-001 -1.999550e+000 9.508634e-003 1.536054e+004
5.200000e-001 9.997231e-001 9.994470e-001 9.997228e-001 9.997228e-001 -1.999451e+000 1.059643e-002 1.350351e+004
5.300000e-001 9.996482e-001 9.992974e-001 9.996478e-001 9.996478e-001 -1.999300e+000 1.381107e-002 1.212091e+004
5.400000e-001 9.995857e-001 9.991728e-001 9.995853e-001 9.995853e-001 -1.999177e+000 1.494491e-002 1.111313e+004
5.500000e-001 9.994723e-001 9.989463e-001 9.994720e-001 9.994717e-001 -1.998953e+000 1.828463e-002 9.858569e+003
5.600000e-001 9.994221e-001 9.988461e-001 9.994215e-001 9.994215e-001 -1.998855e+000 1.861505e-002 9.441571e+003
5.700000e-001 9.993058e-001 9.986139e-001 9.993049e-001 9.993049e-001 -1.998626e+000 2.247645e-002 8.608206e+003
5.800000e-001 9.992087e-001 9.984201e-001 9.992108e-001 9.992077e-001 -1.998436e+000 2.533163e-002 7.989509e+003
5.900000e-001 9.990149e-001 9.980333e-001 9.990137e-001 9.990137e-001 -1.998059e+000 2.897780e-002 7.150814e+003
6.000000e-001 9.987821e-001 9.975692e-001 9.987805e-001 9.987805e-001 -1.997600e+000 3.715414e-002 6.444398e+003
6.100000e-001 9.987250e-001 9.974552e-001 9.987233e-001 9.987233e-001 -1.997492e+000 3.649005e-002 6.238482e+003
6.200000e-001 9.983982e-001 9.968034e-001 9.983960e-001 9.983963e-001 -1.996838e+000 4.386243e-002 5.514789e+003
6.300000e-001 9.981126e-001 9.962342e-001 9.981098e-001 9.981100e-001 -1.996306e+000 5.294154e-002 5.020260e+003
6.400000e-001 9.979388e-001 9.958876e-001 9.979355e-001 9.979379e-001 -1.995938e+000 5.535952e-002 4.910310e+003
6.500000e-001 9.976640e-001 9.953400e-001 9.976649e-001 9.976616e-001 -1.995430e+000 5.849729e-002 4.480703e+003
6.600000e-001 9.973033e-001 9.946214e-001 9.973007e-001 9.972995e-001 -1.994707e+000 6.529163e-002 4.267323e+003
6.700000e-001 9.969627e-001 9.939433e-001 9.969580e-001 9.969587e-001 -1.994045e+000 7.294263e-002 4.001893e+003
6.800000e-001 9.965803e-001 9.931824e-001 9.965756e-001 9.965765e-001 -1.993302e+000 8.391079e-002 3.799065e+003
6.900000e-001 9.962497e-001 9.925248e-001 9.962463e-001 9.962477e-001 -1.992672e+000 9.038287e-002 3.568994e+003
7.000000e-001 9.956610e-001 9.913538e-001 9.956557e-001 9.956598e-001 -1.991537e+000 9.799072e-002 3.342851e+003
7.100000e-001 9.952035e-001 9.904444e-001 9.951955e-001 9.951981e-001 -1.990665e+000 1.054166e-001 3.124621e+003
7.200000e-001 9.945006e-001 9.890473e-001 9.944959e-001 9.944905e-001 -1.989302e+000 1.128791e-001 2.927699e+003
7.300000e-001 9.938537e-001 9.877640e-001 9.938470e-001 9.938452e-001 -1.988100e+000 1.275797e-001 2.702718e+003
7.400000e-001 9.932230e-001 9.865128e-001 9.932100e-001 9.932161e-001 -1.986932e+000 1.371990e-001 2.586232e+003
7.500000e-001 9.924422e-001 9.849657e-001 9.924321e-001 9.924336e-001 -1.985375e+000 1.549336e-001 2.480581e+003
7.600000e-001 9.915973e-001 9.832912e-001 9.915863e-001 9.915859e-001 -1.983808e+000 1.612532e-001 2.318227e+003
7.700000e-001 9.906432e-001 9.814022e-001 9.906333e-001 9.906341e-001 -1.982062e+000 1.675831e-001 2.161134e+003
7.800000e-001 9.897252e-001 9.795854e-001 9.897093e-001 9.897079e-001 -1.980283e+000 1.703810e-001 2.073770e+003
7.900000e-001 9.883679e-001 9.769090e-001 9.883575e-001 9.883545e-001 -1.977720e+000 2.130544e-001 1.950263e+003
8.000000e-001 9.874041e-001 9.750053e-001 9.873956e-001 9.873993e-001 -1.975892e+000 2.122884e-001 1.867494e+003
8.100000e-001 9.863811e-001 9.729923e-001 9.863662e-001 9.863594e-001 -1.974093e+000 2.340798e-001 1.751533e+003
8.200000e-001 9.854221e-001 9.711043e-001 9.854180e-001 9.854112e-001 -1.972332e+000 2.375988e-001 1.679381e+003
8.300000e-001 9.838899e-001 9.680915e-001 9.838618e-001 9.838780e-001 -1.969513e+000 2.507106e-001 1.607734e+003
8.400000e-001 9.821512e-001 9.646819e-001 9.821186e-001 9.821237e-001 -1.966247e+000 2.863762e-001 1.511258e+003
8.500000e-001 9.805748e-001 9.615919e-001 9.805278e-001 9.805456e-001 -1.963502e+000 2.836101e-001 1.410167e+003
8.600000e-001 9.788166e-001 9.581587e-001 9.787840e-001 9.787823e-001 -1.960360e+000 3.327290e-001 1.337825e+003
8.700000e-001 9.769361e-001 9.544827e-001 9.769082e-001 9.769030e-001 -1.956925e+000 3.318863e-001 1.283370e+003
8.800000e-001 9.748401e-001 9.504049e-001 9.748073e-001 9.747907e-001 -1.953224e+000 3.622117e-001 1.218486e+003
8.900000e-001 9.725557e-001 9.459664e-001 9.725011e-001 9.724992e-001 -1.948934e+000 4.000065e-001 1.180157e+003
9.000000e-001 9.700517e-001 9.411106e-001 9.700027e-001 9.700251e-001 -1.944660e+000 4.138516e-001 1.098099e+003
9.100000e-001 9.681072e-001 9.373455e-001 9.680520e-001 9.680479e-001 -1.941187e+000 4.189203e-001 1.076042e+003
9.200000e-001 9.655289e-001 9.323859e-001 9.654510e-001 9.654770e-001 -1.936809e+000 4.784770e-001 9.894496e+002
9.300000e-001 9.622114e-001 9.260078e-001 9.621628e-001 9.621614e-001 -1.930969e+000 5.251908e-001 9.496422e+002
9.400000e-001 9.590290e-001 9.199135e-001 9.590137e-001 9.589430e-001 -1.925685e+000 5.667476e-001 9.053963e+002
9.500000e-001 9.560825e-001 9.142863e-001 9.560204e-001 9.560042e-001 -1.920697e+000 5.905662e-001 8.563276e+002
9.600000e-001 9.518651e-001 9.062596e-001 9.517976e-001 9.517218e-001 -1.913582e+000 6.080377e-001 8.023929e+002
9.700000e-001 9.494052e-001 9.016015e-001 9.492738e-001 9.493346e-001 -1.909367e+000 6.558442e-001 7.804715e+002
9.800000e-001 9.450054e-001 8.933022e-001 9.449343e-001 9.448861e-001 -1.902091e+000 7.230295e-001 7.319916e+002
9.900000e-001 9.413227e-001 8.863655e-001 9.412658e-001 9.411916e-001 -1.895884e+000 7.475980e-001 7.013540e+002
1.000000e+000 9.352571e-001 8.750216e-001 9.351623e-001 9.351148e-001 -1.885968e+000 7.866779e-001 6.464492e+002
1.010000e+000 9.314613e-001 8.679286e-001 9.312970e-001 9.313141e-001 -1.879712e+000 7.481840e-001 6.258185e+002
1.020000e+000 9.252982e-001 8.565439e-001 9.251770e-001 9.251654e-001 -1.870073e+000 8.243563e-001 5.899243e+002
1.030000e+000 9.203838e-001 8.475446e-001 9.201514e-001 9.202632e-001 -1.862781e+000 9.383665e-001 5.466544e+002
1.040000e+000 9.152099e-001 8.380731e-001 9.150728e-001 9.151098e-001 -1.854061e+000 9.768957e-001 5.266324e+002
1.050000e+000 9.074118e-001 8.239454e-001 9.071476e-001 9.072214e-001 -1.842786e+000 1.061071e+000 4.849592e+002
1.060000e+000 9.008565e-001 8.121369e-001 9.007092e-001 9.006232e-001 -1.832615e+000 1.084841e+000 4.530626e+002
1.070000e+000 8.917706e-001 7.959340e-001 8.914743e-001 8.914728e-001 -1.819234e+000 1.184821e+000 4.238908e+002
1.080000e+000 8.825086e-001 7.796033e-001 8.822719e-001 8.822118e-001 -1.805814e+000 1.232785e+000 3.942064e+002
1.090000e+000 8.743831e-001 7.655556e-001 8.740542e-001 8.740811e-001 -1.794728e+000 1.507330e+000 3.651110e+002
1.100000e+000 8.653779e-001 7.498802e-001 8.649143e-001 8.650025e-001 -1.781298e+000 1.440303e+000 3.464623e+002
1.110000e+000 8.525970e-001 7.281807e-001 8.520268e-001 8.521731e-001 -1.763485e+000 1.703587e+000 3.153107e+002
1.120000e+000 8.414467e-001 7.094436e-001 8.407999e-001 8.410672e-001 -1.748983e+000 1.778346e+000 2.866737e+002
1.130000e+000 8.245306e-001 6.815179e-001 8.239777e-001 8.238312e-001 -1.727931e+000 1.897155e+000 2.610738e+002
1.140000e+000 8.097087e-001 6.574741e-001 8.089062e-001 8.089596e-001 -1.707789e+000 1.993520e+000 2.376030e+002
1.150000e+000 7.912852e-001 6.285578e-001 7.904011e-001 7.905191e-001 -1.685642e+000 2.272881e+000 2.110443e+002
1.160000e+000 7.703637e-001 5.969999e-001 7.690163e-001 7.693993e-001 -1.662465e+000 2.812081e+000 1.849448e+002
1.170000e+000 7.483154e-001 5.637027e-001 7.470313e-001 7.474607e-001 -1.637084e+000 2.832656e+000 1.619307e+002
1.180000e+000 7.151105e-001 5.163782e-001 7.126060e-001 7.142198e-001 -1.600849e+000 3.149566e+000 1.372215e+002
1.190000e+000 6.809001e-001 4.719848e-001 6.779182e-001 6.806484e-001 -1.569003e+000 4.409606e+000 1.113657e+002
1.200000e+000 6.066535e-001 3.842693e-001 6.010406e-001 6.076397e-001 -1.504265e+000 6.272582e+000 7.735447e+001
1.210000e+000 5.155141e-001 2.929114e-001 5.055627e-001 5.210165e-001 -1.432556e+000 9.212890e+000 5.393338e+001
1.220000e+000 3.498204e-001 1.607230e-001 3.308839e-001 3.654844e-001 -1.315215e+000 1.112069e+001 3.179682e+001
1.230000e+000 1.793130e-001 5.902624e-002 1.543433e-001 1.997600e-001 -1.179524e+000 1.035789e+001 1.904062e+001
1.240000e+000 1.025125e-001 2.126351e-002 7.492773e-002 1.245648e-001 -1.112826e+000 6.017376e+000 1.348333e+001
1.250000e+000 7.155441e-002 1.052846e-002 4.113437e-002 8.773040e-002 -1.072445e+000 4.102324e+000 1.137173e+001
1.260000e+000 4.399526e-002 4.038113e-003 1.630521e-002 5.548203e-002 -1.009268e+000 3.852176e+000 9.028661e+000
1.270000e+000 4.176065e-002 3.399723e-003 1.823457e-002 5.019681e-002 -1.006653e+000 3.277922e+000 8.957977e+000
1.280000e+000 3.348497e-002 2.009308e-003 1.171237e-002 3.918428e-002 -9.738277e-001 2.499562e+000 8.161454e+000
1.290000e+000 2.653580e-002 1.182334e-003 8.661654e-003 3.317279e-002 -9.552764e-001 1.790909e+000 7.248592e+000
1.300000e+000 2.243694e-002 8.746720e-004 2.721354e-004 2.316748e-002 -9.147248e-001 1.669834e+000 6.989170e+000
1.310000e+000 1.981630e-002 6.694337e-004 3.595182e-003 2.048392e-002 -8.977005e-001 1.596619e+000 6.702679e+000
1.320000e+000 1.837035e-002 5.913988e-004 -1.569727e-003 1.720973e-002 -8.968968e-001 1.845897e+000 6.349335e+000
1.330000e+000 1.596178e-002 4.223909e-004 2.118359e-003 1.449850e-002 -8.684469e-001 9.792095e-001 6.339954e+000
1.340000e+000 1.422836e-002 3.647372e-004 3.966016e-003 8.481217e-003 -8.450639e-001 1.846405e+000 6.081128e+000
1.350000e+000 1.371952e-002 3.219324e-004 2.102474e-003 9.529004e-003 -8.289796e-001 1.395873e+000 6.084860e+000
1.360000e+000 1.306126e-002 2.812424e-004 1.869141e-003 8.880924e-003 -8.145292e-001 1.340072e+000 6.184254e+000
1.370000e+000 1.159601e-002 2.170326e-004 3.716667e-003 4.595573e-003 -8.093154e-001 1.421057e+000 6.109460e+000
1.380000e+000 1.133998e-002 2.050273e-004 -2.823177e-003 6.269466e-003 -8.067650e-001 1.076518e+000 5.835777e+000
1.390000e+000 1.105012e-002 2.088770e-004 1.600586e-003 4.704232e-003 -7.841479e-001 8.043367e-001 6.012060e+000
1.400000e+000 9.746316e-003 1.746809e-004 2.524089e-004 1.204069e-003 -7.761831e-001 1.158640e+000 5.906066e+000
1.410000e+000 9.362211e-003 1.384410e-004 1.069857e-003 6.402669e-003 -7.383905e-001 8.574107e-001 6.201178e+000
1.420000e+000 8.132902e-003 1.099421e-004 3.342318e-003 3.694759e-003 -7.437668e-001 1.055820e+000 5.376719e+000
1.430000e+000 8.666544e-003 1.234456e-004 -5.614062e-003 1.350521e-003 -7.418121e-001 7.299325e-001 5.791802e+000
1.440000e+000 8.035758e-003 1.026069e-004 1.772461e-003 2.574089e-003 -7.177252e-001 7.701103e-001 5.978795e+000
1.450000e+000 7.814823e-003 9.934286e-005 -3.089258e-003 2.691341e-003 -7.305145e-001 1.027156e+000 5.366331e+000
1.460000e+000 7.372512e-003 8.802266e-005 -3.148177e-003 1.212533e-003 -6.998376e-001 1.006995e+000 5.647703e+000
1.470000e+000 7.135039e-003 8.882335e-005 -1.017578e-004 2.622070e-004 -6.893507e-001 6.937690e-001 5.724428e+000
1.480000e+000 7.010750e-003 8.717201e-005 7.665365e-004 3.721094e-003 -6.876745e-001 1.148666e+000 5.399737e+000
1.490000e+000 6.641422e-003 7.231065e-005 -1.298828e-004 2.363314e-003 -6.618883e-001 9.995967e-001 5.958787e+000
1.500000e+000 6.551388e-003 7.270154e-005 2.908398e-003 2.232910e-003 -6.808774e-001 7.815021e-001 5.386127e+000
1.510000e+000 7.082180e-003 7.964730e-005 4.303385e-005 1.900098e-003 -6.558326e-001 6.866690e-001 6.088863e+000
1.520000e+000 6.324466e-003 6.548046e-005 -1.555013e-003 1.059505e-003 -6.578031e-001 7.425163e-001 5.671616e+000
1.530000e+000 5.585664e-003 5.277233e-005 4.707617e-003 -1.425879e-003 -6.333064e-001 7.440699e-001 5.729922e+000
1.540000e+000 5.946036e-003 6.225955e-005 1.399154e-003 1.587630e-003 -6.559230e-001 8.739728e-001 5.701893e+000
1.550000e+000 6.048168e-003 6.344791e-005 7.302734e-004 -6.819010e-004 -6.438775e-001 5.866924e-001 5.775703e+000
1.560000e+000 5.578324e-003 5.281442e-005 -3.637500e-003 2.123145e-003 -6.415294e-001 7.057699e-001 5.342722e+000
1.570000e+000 5.224761e-003 4.345347e-005 -1.410221e-003 4.566569e-003 -6.032973e-001 7.250128e-001 5.003400e+000
1.580000e+000 4.616845e-003 3.650164e-005 2.152279e-003 -2.001855e-003 -5.979211e-001 6.033968e-001 4.821504e+000
1.590000e+000 4.886524e-003 4.478153e-005 -2.219792e-003 3.406771e-003 -5.970642e-001 5.684559e-001 5.192872e+000
1.600000e+000 5.065519e-003 4.201919e-005 1.766536e-003 -1.173340e-003 -6.115990e-001 5.617276e-001 5.302161e+000
1.610000e+000 4.553238e-003 3.550990e-005 3.144336e-003 3.718099e-004 -5.759987e-001 7.668689e-001 5.525304e+000
1.620000e+000 5.194959e-003 4.508618e-005 -1.115951e-003 9.669271e-004 -5.729757e-001 4.774049e-001 6.388515e+000
1.630000e+000 4.494315e-003 3.756241e-005 -2.000651e-004 -2.258203e-003 -5.809486e-001 7.480999e-001 5.059386e+000
1.640000e+000 4.574475e-003 3.475023e-005 1.792708e-003 4.137402e-003 -5.672566e-001 6.675233e-001 5.719361e+000
1.650000e+000 4.403546e-003 3.196016e-005 -8.984766e-003 2.567285e-003 -5.697255e-001 4.566938e-001 4.856121e+000
1.660000e+000 5.029767e-003 4.085925e-005 5.238802e-003 1.477474e-003 -5.715547e-001 3.787354e-001 6.050798e+000
1.670000e+000 4.375444e-003 3.052354e-005 4.888281e-003 1.905404e-003 -5.395258e-001 4.872122e-001 5.288124e+000
1.680000e+000 4.338921e-003 3.073720e-005 -4.225456e-003 3.079590e-003 -5.379060e-001 5.165395e-001 6.100283e+000
1.690000e+000 3.609098e-003 2.048547e-005 4.512695e-003 1.593880e-003 -5.406314e-001 4.546127e-001 4.799107e+000
1.700000e+000 4.158148e-003 3.209836e-005 3.039453e-003 -3.796419e-003 -5.292053e-001 4.566484e-001 5.630972e+000
1.710000e+000 4.056171e-003 2.667070e-005 4.330078e-004 3.897135e-004 -5.483344e-001 4.559326e-001 5.350067e+000
1.720000e+000 3.877637e-003 2.299836e-005 7.675781e-004 -6.883138e-004 -5.315928e-001 4.276354e-001 5.548046e+000
1.730000e+000 3.965965e-003 2.860080e-005 3.994727e-003 -2.151693e-005 -5.317682e-001 4.740095e-001 5.476758e+000
1.740000e+000 3.453500e-003 1.800902e-005 1.542643e-003 7.947721e-003 -5.099407e-001 3.783599e-001 4.328434e+000
1.750000e+000 4.019763e-003 2.797042e-005 1.546224e-003 -2.110937e-003 -5.076595e-001 4.062594e-001 6.044039e+000
1.760000e+000 3.826357e-003 2.189464e-005 -1.506901e-003 -2.105794e-004 -5.273915e-001 2.120587e-001 5.469475e+000
1.770000e+000 3.234303e-003 1.821505e-005 -1.353516e-003 3.523438e-004 -5.160370e-001 3.300518e-001 4.803560e+000
1.780000e+000 3.370309e-003 1.802818e-005 3.153060e-003 -6.313151e-004 -4.922342e-001 3.243870e-001 4.646583e+000
1.790000e+000 3.442080e-003 2.087266e-005 2.928385e-003 -4.104362e-003 -4.894382e-001 3.400518e-001 5.135677e+000
1.800000e+000 3.477768e-003 2.146907e-005 -1.856185e-003 -1.791536e-003 -5.016262e-001 3.384899e-001 5.434440e+000
1.810000e+000 3.257236e-003 1.995356e-005 7.072266e-003 -4.563607e-003 -4.813030e-001 2.750258e-001 5.279740e+000
1.820000e+000 3.421665e-003 1.885715e-005 -4.927604e-003 -2.766927e-005 -4.853386e-001 3.032190e-001 5.413860e+000
1.830000e+000 3.082228e-003 1.414570e-005 2.957422e-003 9.047852e-004 -4.555199e-001 4.362518e-001 5.262241e+000
1.840000e+000 3.181806e-003 1.645846e-005 -3.690951e-003 -4.952799e-004 -4.784602e-001 4.598101e-001 4.910734e+000
1.850000e+000 3.195773e-003 1.817093e-005 -1.736328e-003 -3.063053e-003 -4.735307e-001 5.651113e-001 5.229401e+000
1.860000e+000 3.362234e-003 1.793190e-005 7.897526e-003 -4.009212e-003 -4.778973e-001 2.661599e-001 5.555980e+000
1.870000e+000 3.571968e-003 1.983108e-005 5.250651e-004 2.300846e-003 -4.730002e-001 2.700468e-001 5.738894e+000
1.880000e+000 2.787667e-003 1.294478e-005 -9.501953e-004 1.975391e-003 -4.756603e-001 5.117754e-001 4.746881e+000
1.890000e+000 3.273380e-003 1.746751e-005 3.756706e-003 -3.141536e-003 -4.661777e-001 2.866315e-001 5.006836e+000
1.900000e+000 3.199076e-003 1.609196e-005 -5.528516e-003 4.486230e-003 -4.552047e-001 3.471838e-001 5.753517e+000
1.910000e+000 3.108658e-003 1.481163e-005 -1.244401e-003 -1.087435e-003 -4.474413e-001 6.386489e-001 5.663083e+000
1.920000e+000 3.502454e-003 1.904565e-005 1.785937e-003 -1.722005e-004 -4.429680e-001 3.898690e-001 5.799170e+000
1.930000e+000 3.149725e-003 1.625692e-005 4.046940e-003 1.455697e-003 -4.443187e-001 2.892408e-001 5.389019e+000
1.940000e+000 2.496469e-003 1.064403e-005 1.122005e-003 -1.998470e-003 -4.432421e-001 3.129096e-001 4.289410e+000
1.950000e+000 2.965356e-003 1.386513e-005 -4.945313e-004 -2.505501e-003 -4.462160e-001 2.677212e-001 5.081859e+000
1.960000e+000 2.949777e-003 1.320341e-005 -2.311198e-005 -3.017773e-003 -4.466714e-001 1.842997e-001 5.303170e+000
1.970000e+000 2.782838e-003 1.346199e-005 -1.155469e-003 2.703776e-004 -4.238415e-001 2.865427e-001 4.934243e+000
1.980000e+000 2.549309e-003 1.131818e-005 -4.853646e-003 -2.920540e-003 -4.390724e-001 2.044017e-001 4.829269e+000
1.990000e+000 2.666882e-003 1.176404e-005 -4.593620e-003 2.456738e-003 -4.178059e-001 3.292954e-001 4.938262e+000
2.000000e+000 2.735235e-003 1.282109e-005 1.163346e-003 -2.231478e-003 -4.250986e-001 2.480526e-001 5.430295e+000
