# Temperature Magnetization2 Magnetization4 Correlation2 Correlation4 Energy Energy2 HeatCapacity CorrelationLength
0.000000e+000 1.000000e+000 1.000000e+000 1.000000e+000 1.000000e+000 -2.000000e+000 -1.#IND00e+000 2.456717e+016
1.000000e-002 1.000000e+000 1.000000e+000 1.000000e+000 1.000000e+000 -2.000000e+000 0.000000e+000 2.456717e+016
2.000000e-002 1.000000e+000 1.000000e+000 1.000000e+000 1.000000e+000 -2.000000e+000 0.000000e+000 2.456717e+016
3.000000e-002 1.000000e+000 1.000000e+000 1.000000e+000 1.000000e+000 -2.000000e+000 0.000000e+000 2.456717e+016
4.000000e-002 1.000000e+000 1.000000e+000 1.000000e+000 1.000000e+000 -2.000000e+000 0.000000e+000 2.456717e+016
5.000000e-002 1.000000e+000 1.000000e+000 1.000000e+000 1.000000e+000 -2.000000e+000 0.000000e+000 2.456717e+016
6.000000e-002 1.000000e+000 1.000000e+000 1.000000e+000 1.000000e+000 -2.000000e+000 0.000000e+000 2.456717e+016
7.000000e-002 1.000000e+000 1.000000e+000 1.000000e+000 1.000000e+000 -2.000000e+000 0.000000e+000 2.456717e+016
8.000000e-002 1.000000e+000 1.000000e+000 1.000000e+000 1.000000e+000 -2.000000e+000 0.000000e+000 2.456717e+016
9.000000e-002 1.000000e+000 1.000000e+000 1.000000e+000 1.000000e+000 -2.000000e+000 0.000000e+000 2.456717e+016
1.000000e-001 1.000000e+000 1.000000e+000 1.000000e+000 1.000000e+000 -2.000000e+000 0.000000e+000 2.456717e+016
1.100000e-001 1.000000e+000 1.000000e+000 1.000000e+000 1.000000e+000 -2.000000e+000 0.000000e+000 2.456717e+016
1.200000e-001 1.000000e+000 1.000000e+000 1.000000e+000 1.000000e+000 -2.000000e+000 0.000000e+000 2.456717e+016
1.300000e-001 1.000000e+000 1.000000e+000 1.000000e+000 1.000000e+000 -2.000000e+000 0.000000e+000 2.456717e+016
1.400000e-001 1.000000e+000 1.000000e+000 1.000000e+000 1.000000e+000 -2.000000e+000 0.000000e+000 2.456717e+016
1.500000e-001 1.000000e+000 1.000000e+000 1.000000e+000 1.000000e+000 -2.000000e+000 0.000000e+000 2.456717e+016
1.600000e-001 1.000000e+000 1.000000e+000 1.000000e+000 1.000000e+000 -2.000000e+000 0.000000e+000 2.456717e+016
1.700000e-001 1.000000e+000 1.000000e+000 1.000000e+000 1.000000e+000 -2.000000e+000 0.000000e+000 2.456717e+016
1.800000e-001 1.000000e+000 1.000000e+000 1.000000e+000 1.000000e+000 -2.000000e+000 0.000000e+000 2.456717e+016
1.900000e-001 1.000000e+000 1.000000e+000 1.000000e+000 1.000000e+000 -2.000000e+000 0.000000e+000 2.456717e+016
2.000000e-001 1.000000e+000 1.000000e+000 1.000000e+000 1.000000e+000 -2.000000e+000 0.000000e+000 2.456717e+016
2.100000e-001 1.000000e+000 1.000000e+000 1.000000e+000 1.000000e+000 -2.000000e+000 0.000000e+000 2.456717e+016
2.200000e-001 1.000000e+000 1.000000e+000 1.000000e+000 1.000000e+000 -2.000000e+000 0.000000e+000 2.456717e+016
2.300000e-001 1.000000e+000 1.000000e+000 1.000000e+000 1.000000e+000 -2.000000e+000 0.000000e+000 2.456717e+016
2.400000e-001 1.000000e+000 1.000000e+000 1.000000e+000 1.000000e+000 -2.000000e+000 0.000000e+000 2.456717e+016
2.500000e-001 1.000000e+000 1.000000e+000 1.000000e+000 1.000000e+000 -2.000000e+000 0.000000e+000 2.456717e+016
2.600000e-001 1.000000e+000 1.000000e+000 1.000000e+000 1.000000e+000 -2.000000e+000 0.000000e+000 2.456717e+016
2.700000e-001 1.000000e+000 1.000000e+000 1.000000e+000 1.000000e+000 -2.000000e+000 0.000000e+000 2.456717e+016
2.800000e-001 1.000000e+000 1.000000e+000 1.000000e+000 1.000000e+000 -2.000000e+000 0.000000e+000 2.456717e+016
2.900000e-001 1.000000e+000 1.000000e+000 1.000000e+000 1.000000e+000 -2.000000e+000 0.000000e+000 2.456717e+016
3.000000e-001 1.000000e+000 1.000000e+000 1.000000e+000 1.000000e+000 -2.000000e+000 0.000000e+000 2.456717e+016
3.100000e-001 1.000000e+000 1.000000e+000 1.000000e+000 1.000000e+000 -2.000000e+000 0.000000e+000 2.456717e+016
3.200000e-001 9.999997e-001 9.999995e-001 9.999997e-001 9.999997e-001 -1.999999e+000 2.712402e-005 4.523749e+005
3.300000e-001 9.999993e-001 9.999987e-001 9.999993e-001 9.999993e-001 -1.999999e+000 6.375305e-005 2.861070e+005
3.400000e-001 1.000000e+000 1.000000e+000 1.000000e+000 1.000000e+000 -2.000000e+000 0.000000e+000 2.456717e+016
3.500000e-001 9.999987e-001 9.999974e-001 9.999987e-001 9.999987e-001 -1.999997e+000 1.133220e-004 2.023081e+005
3.600000e-001 9.999984e-001 9.999969e-001 9.999984e-001 9.999984e-001 -1.999997e+000 1.285237e-004 1.846812e+005
3.700000e-001 9.999979e-001 9.999958e-001 9.999979e-001 9.999979e-001 -1.999996e+000 1.621946e-004 1.599385e+005
3.800000e-001 9.999945e-001 9.999891e-001 9.999945e-001 9.999945e-001 -1.999989e+000 4.031221e-004 9.871604e+004
3.900000e-001 9.999854e-001 9.999709e-001 9.999854e-001 9.999854e-001 -1.999971e+000 1.016992e-003 6.045071e+004
4.000000e-001 9.999899e-001 9.999797e-001 9.999898e-001 9.999898e-001 -1.999980e+000 6.744427e-004 7.243760e+004
4.100000e-001 9.999850e-001 9.999701e-001 9.999850e-001 9.999850e-001 -1.999970e+000 9.446987e-004 5.965700e+004
4.200000e-001 9.999869e-001 9.999738e-001 9.999868e-001 9.999868e-001 -1.999974e+000 7.912096e-004 6.365756e+004
4.300000e-001 9.999566e-001 9.999132e-001 9.999565e-001 9.999565e-001 -1.999913e+000 2.481989e-003 3.499562e+004
4.400000e-001 9.999562e-001 9.999124e-001 9.999561e-001 9.999561e-001 -1.999912e+000 2.376905e-003 3.484890e+004
4.500000e-001 9.999173e-001 9.998348e-001 9.999172e-001 9.999172e-001 -1.999834e+000 4.333164e-003 2.551928e+004
4.600000e-001 9.999248e-001 9.998499e-001 9.999247e-001 9.999247e-001 -1.999850e+000 4.186710e-003 2.657282e+004
4.700000e-001 9.999209e-001 9.998420e-001 9.999208e-001 9.999208e-001 -1.999842e+000 3.907731e-003 2.595772e+004
4.800000e-001 9.998780e-001 9.997563e-001 9.998779e-001 9.998779e-001 -1.999756e+000 5.668311e-003 2.097041e+004
4.900000e-001 9.998291e-001 9.996587e-001 9.998289e-001 9.998289e-001 -1.999664e+000 7.412560e-003 1.703315e+004
5.000000e-001 9.998028e-001 9.996062e-001 9.998026e-001 9.998026e-001 -1.999605e+000 8.550485e-003 1.654830e+004
5.100000e-001 9.997764e-001 9.995534e-001 9.997762e-001 9.997762e-001 -1.999555e+000 8.949896e-003 1.523973e+004
5.200000e-001 9.996778e-001 9.993567e-001 9.996775e-001 9.996775e-001 -1.999361e+000 1.320002e-002 1.256106e+004
5.300000e-001 9.996582e-001 9.993174e-001 9.996578e-001 9.996578e-001 -1.999319e+000 1.294131e-002 1.226184e+004
5.400000e-001 9.996375e-001 9.992761e-001 9.996371e-001 9.996375e-001 -1.999280e+000 1.328870e-002 1.191629e+004
5.500000e-001 9.994474e-001 9.988966e-001 9.994492e-001 9.994467e-001 -1.998903e+000 1.989377e-002 9.718533e+003
5.600000e-001 9.993965e-001 9.987950e-001 9.993958e-001 9.993958e-001 -1.998809e+000 1.932304e-002 9.110079e+003
5.700000e-001 9.993234e-001 9.986490e-001 9.993225e-001 9.993226e-001 -1.998668e+000 2.245649e-002 8.532026e+003
5.800000e-001 9.991657e-001 9.983343e-001 9.991647e-001 9.991648e-001 -1.998346e+000 2.575417e-002 7.873278e+003
5.900000e-001 9.990050e-001 9.980137e-001 9.990038e-001 9.990038e-001 -1.998022e+000 3.022528e-002 7.229718e+003
6.000000e-001 9.988714e-001 9.977473e-001 9.988700e-001 9.988701e-001 -1.997765e+000 3.488429e-002 6.681048e+003
6.100000e-001 9.986496e-001 9.973048e-001 9.986478e-001 9.986480e-001 -1.997336e+000 3.919059e-002 6.117669e+003
6.200000e-001 9.984770e-001 9.969603e-001 9.984753e-001 9.984758e-001 -1.996992e+000 4.125494e-002 5.812198e+003
6.300000e-001 9.981891e-001 9.963863e-001 9.981870e-001 9.981883e-001 -1.996429e+000 4.714453e-002 5.256674e+003
6.400000e-001 9.979171e-001 9.958447e-001 9.979141e-001 9.979146e-001 -1.995923e+000 5.557424e-002 4.819577e+003
6.500000e-001 9.976277e-001 9.952679e-001 9.976237e-001 9.976250e-001 -1.995324e+000 6.314368e-002 4.568903e+003
6.600000e-001 9.971725e-001 9.943612e-001 9.971691e-001 9.971686e-001 -1.994456e+000 7.112413e-002 4.177249e+003
6.700000e-001 9.970734e-001 9.941638e-001 9.970687e-001 9.970699e-001 -1.994263e+000 7.163192e-002 4.055134e+003
6.800000e-001 9.965777e-001 9.931770e-001 9.965732e-001 9.965778e-001 -1.993305e+000 8.128390e-002 3.731102e+003
6.900000e-001 9.960700e-001 9.921675e-001 9.960633e-001 9.960644e-001 -1.992346e+000 9.410481e-002 3.508199e+003
7.000000e-001 9.956507e-001 9.913331e-001 9.956443e-001 9.956436e-001 -1.991551e+000 9.574681e-002 3.284006e+003
7.100000e-001 9.950501e-001 9.901389e-001 9.950422e-001 9.950439e-001 -1.990345e+000 1.057030e-001 3.124246e+003
7.200000e-001 9.944451e-001 9.889376e-001 9.944344e-001 9.944379e-001 -1.989180e+000 1.182636e-001 2.895953e+003
7.300000e-001 9.938961e-001 9.878476e-001 9.938913e-001 9.938895e-001 -1.988226e+000 1.244464e-001 2.751378e+003
7.400000e-001 9.931919e-001 9.864510e-001 9.931846e-001 9.931844e-001 -1.986816e+000 1.387591e-001 2.563678e+003
7.500000e-001 9.922704e-001 9.846246e-001 9.922610e-001 9.922588e-001 -1.985096e+000 1.550210e-001 2.411964e+003
7.600000e-001 9.916743e-001 9.834430e-001 9.916589e-001 9.916652e-001 -1.983951e+000 1.556885e-001 2.318792e+003
7.700000e-001 9.905189e-001 9.811575e-001 9.905074e-001 9.905082e-001 -1.981817e+000 1.757293e-001 2.146522e+003
7.800000e-001 9.896806e-001 9.794993e-001 9.896702e-001 9.896618e-001 -1.980193e+000 1.846906e-001 2.097081e+003
7.900000e-001 9.886571e-001 9.774814e-001 9.886288e-001 9.886463e-001 -1.978360e+000 2.113249e-001 1.939251e+003
8.000000e-001 9.877437e-001 9.756771e-001 9.877322e-001 9.877356e-001 -1.976685e+000 2.097722e-001 1.852590e+003
8.100000e-001 9.862935e-001 9.728197e-001 9.862634e-001 9.862748e-001 -1.973945e+000 2.282321e-001 1.784637e+003
8.200000e-001 9.850400e-001 9.703564e-001 9.850251e-001 9.850230e-001 -1.971594e+000 2.628728e-001 1.657548e+003
8.300000e-001 9.834508e-001 9.672334e-001 9.834182e-001 9.834352e-001 -1.968775e+000 2.757063e-001 1.560955e+003
8.400000e-001 9.815739e-001 9.635512e-001 9.815482e-001 9.815380e-001 -1.965455e+000 2.938008e-001 1.451911e+003
8.500000e-001 9.802578e-001 9.609729e-001 9.802354e-001 9.802372e-001 -1.962925e+000 3.033684e-001 1.417300e+003
8.600000e-001 9.782212e-001 9.569948e-001 9.781765e-001 9.782066e-001 -1.959197e+000 3.363146e-001 1.325280e+003
8.700000e-001 9.767783e-001 9.541820e-001 9.767548e-001 9.767413e-001 -1.956740e+000 3.518394e-001 1.259053e+003
8.800000e-001 9.750895e-001 9.508909e-001 9.750528e-001 9.750773e-001 -1.953539e+000 3.676578e-001 1.232765e+003
8.900000e-001 9.728915e-001 9.466211e-001 9.728535e-001 9.728525e-001 -1.949684e+000 3.981013e-001 1.153155e+003
9.000000e-001 9.699720e-001 9.409596e-001 9.699255e-001 9.699368e-001 -1.944682e+000 4.206478e-001 1.076035e+003
9.100000e-001 9.679250e-001 9.369920e-001 9.678704e-001 9.678817e-001 -1.940844e+000 4.207165e-001 1.065411e+003
9.200000e-001 9.651608e-001 9.316740e-001 9.651341e-001 9.651293e-001 -1.936274e+000 4.699251e-001 9.958881e+002
9.300000e-001 9.622445e-001 9.260636e-001 9.622252e-001 9.621731e-001 -1.931223e+000 4.907671e-001 9.397361e+002
9.400000e-001 9.591364e-001 9.201253e-001 9.590491e-001 9.590618e-001 -1.925928e+000 5.732796e-001 8.991424e+002
9.500000e-001 9.567907e-001 9.156260e-001 9.567173e-001 9.567217e-001 -1.921581e+000 5.580630e-001 8.752486e+002
9.600000e-001 9.522083e-001 9.069117e-001 9.521654e-001 9.521180e-001 -1.913935e+000 6.180434e-001 8.087088e+002
9.700000e-001 9.492119e-001 9.012388e-001 9.491730e-001 9.490863e-001 -1.909376e+000 6.501230e-001 7.688875e+002
9.800000e-001 9.443044e-001 8.919721e-001 9.441909e-001 9.442108e-001 -1.900943e+000 6.907439e-001 7.206036e+002
9.900000e-001 9.400935e-001 8.840630e-001 9.399479e-001 9.399837e-001 -1.894197e+000 7.314877e-001 6.822678e+002
1.000000e+000 9.355375e-001 8.755351e-001 9.353939e-001 9.353907e-001 -1.886591e+000 7.537516e-001 6.483322e+002
1.010000e+000 9.299392e-001 8.651331e-001 9.297930e-001 9.298201e-001 -1.877480e+000 8.366090e-001 6.145414e+002
1.020000e+000 9.254923e-001 8.569163e-001 9.253212e-001 9.253838e-001 -1.870483e+000 8.397096e-001 5.790965e+002
1.030000e+000 9.195094e-001 8.459230e-001 9.192762e-001 9.193876e-001 -1.860588e+000 9.364655e-001 5.494755e+002
1.040000e+000 9.130260e-001 8.341172e-001 9.129311e-001 9.128521e-001 -1.851126e+000 1.004617e+000 5.053693e+002
1.050000e+000 9.071086e-001 8.233997e-001 9.068803e-001 9.068385e-001 -1.841568e+000 1.074857e+000 4.949979e+002
1.060000e+000 8.999749e-001 8.105703e-001 8.996538e-001 8.997786e-001 -1.831710e+000 1.125270e+000 4.449923e+002
1.070000e+000 8.912782e-001 7.951190e-001 8.910030e-001 8.910799e-001 -1.818789e+000 1.234128e+000 4.221755e+002
1.080000e+000 8.834350e-001 7.812429e-001 8.832106e-001 8.831221e-001 -1.807130e+000 1.288007e+000 3.952689e+002
1.090000e+000 8.732803e-001 7.635258e-001 8.728764e-001 8.728906e-001 -1.792250e+000 1.448472e+000 3.727333e+002
1.100000e+000 8.636195e-001 7.468286e-001 8.632428e-001 8.633793e-001 -1.778608e+000 1.452477e+000 3.445884e+002
1.110000e+000 8.503745e-001 7.243997e-001 8.497945e-001 8.500065e-001 -1.762045e+000 1.629211e+000 3.054977e+002
1.120000e+000 8.404594e-001 7.077253e-001 8.400381e-001 8.399201e-001 -1.747618e+000 1.735594e+000 2.969157e+002
1.130000e+000 8.236412e-001 6.800548e-001 8.226690e-001 8.230305e-001 -1.725331e+000 1.960502e+000 2.593552e+002
1.140000e+000 8.079044e-001 6.547425e-001 8.069643e-001 8.073045e-001 -1.706399e+000 2.111621e+000 2.308880e+002
1.150000e+000 7.896799e-001 6.260821e-001 7.887888e-001 7.889406e-001 -1.684145e+000 2.269444e+000 2.078695e+002
1.160000e+000 7.717203e-001 5.985678e-001 7.705039e-001 7.709752e-001 -1.662429e+000 2.678938e+000 1.865856e+002
1.170000e+000 7.481356e-001 5.638635e-001 7.464937e-001 7.473647e-001 -1.636460e+000 3.267874e+000 1.635377e+002
1.180000e+000 7.166240e-001 5.188009e-001 7.145033e-001 7.158016e-001 -1.603218e+000 3.417124e+000 1.375706e+002
1.190000e+000 6.818360e-001 4.723971e-001 6.791406e-001 6.808439e-001 -1.567641e+000 4.084901e+000 1.156988e+002
1.200000e+000 6.188304e-001 3.971353e-001 6.137622e-001 6.191796e-001 -1.514317e+000 6.057098e+000 8.243315e+001
1.210000e+000 5.204328e-001 2.967277e-001 5.098852e-001 5.255283e-001 -1.440308e+000 8.239545e+000 5.461106e+001
1.220000e+000 3.398092e-001 1.545700e-001 3.191910e-001 3.549889e-001 -1.308289e+000 1.242381e+001 3.117232e+001
1.230000e+000 1.729957e-001 5.556354e-002 1.442901e-001 1.954323e-001 -1.183172e+000 9.324897e+000 1.825526e+001
1.240000e+000 1.042708e-001 2.208786e-002 7.555228e-002 1.246632e-001 -1.117091e+000 5.283541e+000 1.359204e+001
1.250000e+000 6.859955e-002 9.345953e-003 3.848613e-002 8.756829e-002 -1.065086e+000 4.377072e+000 1.088128e+001
1.260000e+000 4.581741e-002 4.360475e-003 2.015540e-002 5.543991e-002 -1.030141e+000 2.610194e+000 9.007752e+000
1.270000e+000 3.830970e-002 2.961118e-003 1.383548e-002 4.798867e-002 -9.950395e-001 2.735505e+000 8.476445e+000
1.280000e+000 3.615542e-002 2.464834e-003 1.533268e-002 4.616507e-002 -9.952273e-001 2.585396e+000 8.259375e+000
1.290000e+000 2.346821e-002 9.630082e-004 6.739648e-003 2.774388e-002 -9.374993e-001 1.963919e+000 6.795816e+000
1.300000e+000 2.077060e-002 8.174110e-004 3.038672e-003 2.126517e-002 -9.322016e-001 2.572700e+000 6.620300e+000
1.310000e+000 1.921496e-002 6.527587e-004 1.297461e-003 1.804017e-002 -9.005874e-001 1.683798e+000 6.646348e+000
1.320000e+000 1.730093e-002 5.236362e-004 1.237695e-003 1.627174e-002 -8.759919e-001 1.863665e+000 6.742721e+000
1.330000e+000 1.591496e-002 4.286982e-004 1.062500e-004 1.125605e-002 -8.764109e-001 1.624199e+000 6.262531e+000
1.340000e+000 1.465186e-002 3.567282e-004 3.544401e-003 8.877083e-003 -8.333038e-001 1.542493e+000 6.702030e+000
1.350000e+000 1.410952e-002 3.284442e-004 -1.469206e-003 7.836686e-003 -8.482159e-001 1.593908e+000 6.368191e+000
1.360000e+000 1.260139e-002 2.717060e-004 1.197201e-003 7.843620e-003 -8.281648e-001 1.352755e+000 5.980800e+000
1.370000e+000 1.126845e-002 2.155297e-004 4.180404e-003 5.780892e-003 -7.887079e-001 9.228780e-001 5.907871e+000
1.380000e+000 1.127304e-002 2.149390e-004 -8.395182e-004 7.300293e-003 -7.830598e-001 9.545777e-001 5.966469e+000
1.390000e+000 1.018856e-002 1.703157e-004 -1.356966e-003 2.378483e-003 -7.611305e-001 1.156901e+000 5.945866e+000
1.400000e+000 9.100462e-003 1.505175e-004 -3.170052e-003 2.035710e-003 -7.571790e-001 1.367364e+000 5.513920e+000
1.410000e+000 1.030422e-002 1.734817e-004 1.957617e-003 4.393913e-003 -7.452098e-001 1.350695e+000 6.861220e+000
1.420000e+000 7.851226e-003 1.157806e-004 -7.147852e-003 4.625618e-003 -7.590494e-001 1.143370e+000 4.976150e+000
1.430000e+000 8.001214e-003 1.130654e-004 4.360937e-003 7.615885e-004 -7.214393e-001 7.481141e-001 5.597078e+000
1.440000e+000 8.251791e-003 1.133707e-004 2.019987e-003 6.139941e-003 -7.197581e-001 1.144662e+000 5.986493e+000
1.450000e+000 7.740505e-003 9.798886e-005 -2.261719e-004 2.510482e-003 -7.191859e-001 7.233508e-001 5.761837e+000
1.460000e+000 7.578592e-003 9.161676e-005 1.609245e-003 1.636621e-003 -7.062617e-001 9.885341e-001 5.590792e+000
1.470000e+000 6.673494e-003 7.186140e-005 -3.138802e-003 2.384180e-003 -6.800510e-001 8.270863e-001 5.584497e+000
1.480000e+000 7.755139e-003 9.744076e-005 -7.414714e-004 -1.417578e-003 -6.879521e-001 7.833237e-001 6.127035e+000
1.490000e+000 6.141242e-003 6.573122e-005 -9.120443e-004 3.984375e-003 -6.617689e-001 8.846653e-001 5.313240e+000
1.500000e+000 5.757609e-003 5.351235e-005 2.354167e-004 3.204069e-003 -6.647210e-001 6.686131e-001 4.846181e+000
1.510000e+000 6.249759e-003 6.588908e-005 1.460286e-004 2.693652e-003 -6.600650e-001 1.040047e+000 5.426338e+000
1.520000e+000 5.202963e-003 5.087209e-005 -2.169531e-003 -3.778320e-003 -6.492076e-001 1.146819e+000 4.788630e+000
1.530000e+000 5.943885e-003 5.862586e-005 3.637435e-003 -2.597428e-003 -6.481049e-001 5.052793e-001 5.367105e+000
1.540000e+000 5.190723e-003 4.524651e-005 -3.223568e-003 -1.657878e-003 -6.383518e-001 7.960280e-001 5.133917e+000
1.550000e+000 5.828085e-003 5.463821e-005 -2.464974e-003 -6.937826e-004 -6.409597e-001 9.714570e-001 5.361917e+000
1.560000e+000 4.654855e-003 3.522497e-005 -3.210286e-004 1.140983e-003 -6.126618e-001 5.587448e-001 4.912826e+000
1.570000e+000 5.875600e-003 5.553007e-005 1.760677e-003 -2.847005e-004 -6.118398e-001 5.176725e-001 6.538630e+000
1.580000e+000 5.090335e-003 4.480455e-005 -2.157813e-003 5.005208e-004 -6.127949e-001 6.411448e-001 4.973046e+000
1.590000e+000 4.782677e-003 3.606339e-005 -6.007096e-003 -1.160677e-003 -6.092229e-001 4.969760e-001 5.103030e+000
1.600000e+000 4.433638e-003 3.082888e-005 -4.529167e-003 1.457617e-003 -6.056392e-001 4.792756e-001 5.006385e+000
1.610000e+000 4.980680e-003 4.152178e-005 -3.136523e-003 -1.914128e-003 -5.858038e-001 6.821919e-001 6.009169e+000
1.620000e+000 3.999059e-003 2.647938e-005 -1.947005e-003 -1.794596e-004 -5.771277e-001 5.748440e-001 4.902727e+000
1.630000e+000 5.268037e-003 4.351279e-005 -2.105404e-003 -7.915039e-004 -5.801121e-001 6.029568e-001 6.041423e+000
1.640000e+000 3.917565e-003 2.355267e-005 1.601693e-003 -4.557259e-003 -5.668761e-001 4.068394e-001 4.795134e+000
1.650000e+000 3.845606e-003 2.472380e-005 -1.146419e-003 -4.565430e-004 -5.594126e-001 7.801117e-001 4.447932e+000
1.660000e+000 4.065646e-003 2.608473e-005 4.093099e-003 5.022786e-004 -5.619198e-001 5.565381e-001 4.947150e+000
1.670000e+000 4.056850e-003 3.076131e-005 -3.546419e-003 -3.092025e-003 -5.462628e-001 5.196472e-001 5.165476e+000
1.680000e+000 4.206009e-003 2.956954e-005 -9.310547e-004 -1.519792e-003 -5.517945e-001 4.780188e-001 5.512409e+000
1.690000e+000 4.121020e-003 2.855485e-005 -1.364844e-003 -5.319108e-003 -5.404441e-001 6.123400e-001 5.409077e+000
1.700000e+000 4.638093e-003 3.741917e-005 -1.130469e-003 3.291504e-003 -5.476068e-001 4.733685e-001 5.944544e+000
1.710000e+000 4.028623e-003 2.818066e-005 1.557943e-004 4.086458e-003 -5.579738e-001 5.637620e-001 4.864771e+000
1.720000e+000 3.663967e-003 2.302760e-005 -6.060026e-003 -3.360449e-003 -5.199695e-001 3.689682e-001 5.553313e+000
1.730000e+000 4.706033e-003 3.536781e-005 -1.768099e-003 7.074870e-004 -5.324950e-001 4.275281e-001 6.573709e+000
1.740000e+000 3.509402e-003 1.833700e-005 1.140299e-003 3.048828e-004 -5.221779e-001 3.209764e-001 4.997367e+000
1.750000e+000 3.751399e-003 2.319562e-005 7.292578e-003 2.843327e-003 -5.077836e-001 3.705762e-001 5.843189e+000
1.760000e+000 4.078756e-003 2.655186e-005 -9.135417e-004 -7.632813e-004 -5.109555e-001 3.992981e-001 5.911273e+000
1.770000e+000 3.515918e-003 1.996509e-005 1.695312e-004 -2.331380e-003 -5.091157e-001 2.602637e-001 5.004386e+000
1.780000e+000 3.400632e-003 2.204960e-005 4.591471e-003 -6.066732e-004 -5.071156e-001 3.237916e-001 5.379628e+000
1.790000e+000 3.178986e-003 1.594780e-005 2.018880e-003 -1.328809e-003 -5.000735e-001 2.957810e-001 4.868650e+000
1.800000e+000 3.829893e-003 2.445282e-005 -2.758659e-003 1.651921e-003 -5.009960e-001 4.584013e-001 5.517080e+000
1.810000e+000 3.279511e-003 1.789929e-005 -3.447526e-003 -1.427018e-003 -4.789557e-001 2.456656e-001 5.301426e+000
1.820000e+000 3.004440e-003 1.312306e-005 -2.968815e-003 -9.395508e-004 -4.831133e-001 2.860925e-001 4.651813e+000
1.830000e+000 2.810876e-003 1.182619e-005 -4.587174e-003 5.381543e-003 -4.770105e-001 3.478674e-001 4.393271e+000
1.840000e+000 3.141736e-003 1.488489e-005 4.199089e-003 1.544206e-003 -4.711812e-001 3.773912e-001 5.180322e+000
1.850000e+000 3.084413e-003 1.523428e-005 -8.158854e-004 -2.995345e-003 -4.778542e-001 3.829513e-001 4.942518e+000
1.860000e+000 3.095790e-003 1.553682e-005 2.661458e-003 2.598926e-003 -4.634972e-001 2.513083e-001 5.015157e+000
1.870000e+000 3.808492e-003 2.299037e-005 2.159961e-003 1.779818e-003 -4.844822e-001 2.920279e-001 6.113647e+000
1.880000e+000 3.289066e-003 2.010234e-005 3.153711e-003 -2.894564e-003 -4.525737e-001 3.197895e-001 5.621800e+000
1.890000e+000 2.707255e-003 1.334520e-005 2.740430e-003 1.942643e-003 -4.582953e-001 2.369492e-001 4.399605e+000
1.900000e+000 3.306772e-003 1.683283e-005 -1.855469e-005 -3.029199e-003 -4.550649e-001 1.911760e-001 5.561596e+000
1.910000e+000 3.224921e-003 1.714788e-005 -4.135482e-003 3.145085e-003 -4.434097e-001 3.854074e-001 5.489865e+000
1.920000e+000 2.981501e-003 1.398447e-005 2.760742e-003 -3.742188e-003 -4.553665e-001 2.470834e-001 5.434034e+000
1.930000e+000 2.832089e-003 1.376722e-005 5.717318e-003 1.415755e-003 -4.547893e-001 4.242339e-001 4.978099e+000
1.940000e+000 2.434285e-003 1.040473e-005 6.519792e-003 4.277507e-003 -4.434788e-001 3.529813e-001 4.459074e+000
1.950000e+000 2.943539e-003 1.678810e-005 -4.061914e-003 4.214355e-003 -4.499020e-001 3.662463e-001 5.408552e+000
1.960000e+000 3.254885e-003 1.801590e-005 -2.555078e-003 2.104818e-004 -4.338056e-001 2.740788e-001 5.301466e+000
1.970000e+000 2.807823e-003 1.322453e-005 6.469401e-004 1.373730e-003 -4.344743e-001 1.724951e-001 5.111682e+000
1.980000e+000 3.449994e-003 1.710371e-005 -5.722982e-003 3.743945e-003 -4.451072e-001 2.173164e-001 6.051824e+000
1.990000e+000 3.150113e-003 1.738551e-005 1.722005e-004 7.487305e-004 -4.245885e-001 2.780563e-001 5.650958e+000
2.000000e+000 3.045853e-003 1.566350e-005 4.591146e-003 1.362435e-003 -4.278386e-001 2.630136e-001 6.201400e+000
