# Temperature Magnetization2 Magnetization4 Correlation2 Correlation4 Energy Energy2 HeatCapacity CorrelationLength
0.000000e+000 1.000000e+000 1.000000e+000 1.000000e+000 1.000000e+000 -2.000000e+000 -1.#IND00e+000 2.456717e+016
1.000000e-002 1.000000e+000 1.000000e+000 1.000000e+000 1.000000e+000 -2.000000e+000 0.000000e+000 2.456717e+016
2.000000e-002 1.000000e+000 1.000000e+000 1.000000e+000 1.000000e+000 -2.000000e+000 0.000000e+000 2.456717e+016
3.000000e-002 1.000000e+000 1.000000e+000 1.000000e+000 1.000000e+000 -2.000000e+000 0.000000e+000 2.456717e+016
4.000000e-002 1.000000e+000 1.000000e+000 1.000000e+000 1.000000e+000 -2.000000e+000 0.000000e+000 2.456717e+016
5.000000e-002 1.000000e+000 1.000000e+000 1.000000e+000 1.000000e+000 -2.000000e+000 0.000000e+000 2.456717e+016
6.000000e-002 1.000000e+000 1.000000e+000 1.000000e+000 1.000000e+000 -2.000000e+000 0.000000e+000 2.456717e+016
7.000000e-002 1.000000e+000 1.000000e+000 1.000000e+000 1.000000e+000 -2.000000e+000 0.000000e+000 2.456717e+016
8.000000e-002 1.000000e+000 1.000000e+000 1.000000e+000 1.000000e+000 -2.000000e+000 0.000000e+000 2.456717e+016
9.000000e-002 1.000000e+000 1.000000e+000 1.000000e+000 1.000000e+000 -2.000000e+000 0.000000e+000 2.456717e+016
1.000000e-001 1.000000e+000 1.000000e+000 1.000000e+000 1.000000e+000 -2.000000e+000 0.000000e+000 2.456717e+016
1.100000e-001 1.000000e+000 1.000000e+000 1.000000e+000 1.000000e+000 -2.000000e+000 0.000000e+000 2.456717e+016
1.200000e-001 1.000000e+000 1.000000e+000 1.000000e+000 1.000000e+000 -2.000000e+000 0.000000e+000 2.456717e+016
1.300000e-001 1.000000e+000 1.000000e+000 1.000000e+000 1.000000e+000 -2.000000e+000 0.000000e+000 2.456717e+016
1.400000e-001 1.000000e+000 1.000000e+000 1.000000e+000 1.000000e+000 -2.000000e+000 0.000000e+000 2.456717e+016
1.500000e-001 1.000000e+000 1.000000e+000 1.000000e+000 1.000000e+000 -2.000000e+000 0.000000e+000 2.456717e+016
1.600000e-001 1.000000e+000 1.000000e+000 1.000000e+000 1.000000e+000 -2.000000e+000 0.000000e+000 2.456717e+016
1.700000e-001 1.000000e+000 1.000000e+000 1.000000e+000 1.000000e+000 -2.000000e+000 0.000000e+000 2.456717e+016
1.800000e-001 1.000000e+000 1.000000e+000 1.000000e+000 1.000000e+000 -2.000000e+000 0.000000e+000 2.456717e+016
1.900000e-001 1.000000e+000 1.000000e+000 1.000000e+000 1.000000e+000 -2.000000e+000 0.000000e+000 2.456717e+016
2.000000e-001 1.000000e+000 1.000000e+000 1.000000e+000 1.000000e+000 -2.000000e+000 0.000000e+000 2.456717e+016
2.100000e-001 1.000000e+000 1.000000e+000 1.000000e+000 1.000000e+000 -2.000000e+000 0.000000e+000 2.456717e+016
2.200000e-001 1.000000e+000 1.000000e+000 1.000000e+000 1.000000e+000 -2.000000e+000 0.000000e+000 2.456717e+016
2.300000e-001 1.000000e+000 1.000000e+000 1.000000e+000 1.000000e+000 -2.000000e+000 0.000000e+000 2.456717e+016
2.400000e-001 1.000000e+000 1.000000e+000 1.000000e+000 1.000000e+000 -2.000000e+000 0.000000e+000 2.456717e+016
2.500000e-001 1.000000e+000 1.000000e+000 1.000000e+000 1.000000e+000 -2.000000e+000 0.000000e+000 2.456717e+016
2.600000e-001 1.000000e+000 1.000000e+000 1.000000e+000 1.000000e+000 -2.000000e+000 0.000000e+000 2.456717e+016
2.700000e-001 1.000000e+000 1.000000e+000 1.000000e+000 1.000000e+000 -2.000000e+000 0.000000e+000 2.456717e+016
2.800000e-001 1.000000e+000 1.000000e+000 1.000000e+000 1.000000e+000 -2.000000e+000 0.000000e+000 2.456717e+016
2.900000e-001 1.000000e+000 1.000000e+000 1.000000e+000 1.000000e+000 -2.000000e+000 0.000000e+000 2.456717e+016
3.000000e-001 1.000000e+000 1.000000e+000 1.000000e+000 1.000000e+000 -2.000000e+000 0.000000e+000 2.456717e+016
3.100000e-001 9.999986e-001 9.999971e-001 9.999986e-001 9.999986e-001 -1.999997e+000 1.588905e-004 1.928932e+005
3.200000e-001 1.000000e+000 1.000000e+000 1.000000e+000 1.000000e+000 -2.000000e+000 0.000000e+000 2.456717e+016
3.300000e-001 1.000000e+000 1.000000e+000 1.000000e+000 1.000000e+000 -2.000000e+000 0.000000e+000 2.456717e+016
3.400000e-001 9.999984e-001 9.999969e-001 9.999984e-001 9.999984e-001 -1.999997e+000 1.440888e-004 1.846812e+005
3.500000e-001 9.999934e-001 9.999867e-001 9.999934e-001 9.999934e-001 -1.999987e+000 5.767568e-004 8.958330e+004
3.600000e-001 9.999945e-001 9.999891e-001 9.999945e-001 9.999945e-001 -1.999989e+000 4.491576e-004 9.871604e+004
3.700000e-001 9.999953e-001 9.999906e-001 9.999953e-001 9.999953e-001 -1.999991e+000 3.645727e-004 1.066256e+005
3.800000e-001 9.999913e-001 9.999826e-001 9.999913e-001 9.999913e-001 -1.999983e+000 6.422703e-004 7.815815e+004
3.900000e-001 9.999899e-001 9.999797e-001 9.999898e-001 9.999898e-001 -1.999980e+000 7.094730e-004 7.243760e+004
4.000000e-001 9.999889e-001 9.999779e-001 9.999889e-001 9.999889e-001 -1.999978e+000 7.347115e-004 6.939077e+004
4.100000e-001 9.999796e-001 9.999592e-001 9.999796e-001 9.999796e-001 -1.999959e+000 1.303519e-003 5.102294e+004
4.200000e-001 9.999810e-001 9.999621e-001 9.999810e-001 9.999810e-001 -1.999962e+000 1.141142e-003 5.294598e+004
4.300000e-001 9.999636e-001 9.999272e-001 9.999635e-001 9.999635e-001 -1.999927e+000 2.073794e-003 3.823197e+004
4.400000e-001 9.999554e-001 9.999109e-001 9.999553e-001 9.999553e-001 -1.999911e+000 2.418486e-003 3.454274e+004
4.500000e-001 9.999510e-001 9.999020e-001 9.999509e-001 9.999509e-001 -1.999902e+000 2.536993e-003 3.294824e+004
4.600000e-001 9.999402e-001 9.998805e-001 9.999401e-001 9.999401e-001 -1.999880e+000 2.989262e-003 2.982783e+004
4.700000e-001 9.999270e-001 9.998542e-001 9.999270e-001 9.999270e-001 -1.999854e+000 3.519818e-003 2.707646e+004
4.800000e-001 9.998581e-001 9.997166e-001 9.998579e-001 9.998579e-001 -1.999716e+000 6.465663e-003 1.943044e+004
4.900000e-001 9.998577e-001 9.997158e-001 9.998576e-001 9.998576e-001 -1.999716e+000 6.109542e-003 1.916762e+004
5.000000e-001 9.998040e-001 9.996085e-001 9.998038e-001 9.998038e-001 -1.999608e+000 8.126382e-003 1.650914e+004
5.100000e-001 9.997427e-001 9.994862e-001 9.997424e-001 9.997437e-001 -1.999487e+000 1.029919e-002 1.418225e+004
5.200000e-001 9.997326e-001 9.994659e-001 9.997324e-001 9.997323e-001 -1.999468e+000 1.039583e-002 1.402245e+004
5.300000e-001 9.996629e-001 9.993267e-001 9.996625e-001 9.996625e-001 -1.999327e+000 1.224184e-002 1.255679e+004
5.400000e-001 9.995842e-001 9.991696e-001 9.995837e-001 9.995837e-001 -1.999173e+000 1.507667e-002 1.125054e+004
5.500000e-001 9.994634e-001 9.989285e-001 9.994628e-001 9.994628e-001 -1.998929e+000 1.923402e-002 9.918389e+003
5.600000e-001 9.993933e-001 9.987885e-001 9.993926e-001 9.993926e-001 -1.998790e+000 2.089622e-002 9.307889e+003
5.700000e-001 9.992906e-001 9.985836e-001 9.992906e-001 9.992898e-001 -1.998593e+000 2.395125e-002 8.419524e+003
5.800000e-001 9.991795e-001 9.983619e-001 9.991785e-001 9.991785e-001 -1.998387e+000 2.516906e-002 7.699462e+003
5.900000e-001 9.990142e-001 9.980321e-001 9.990132e-001 9.990136e-001 -1.998052e+000 3.127088e-002 7.107178e+003
6.000000e-001 9.987776e-001 9.975600e-001 9.987810e-001 9.987761e-001 -1.997587e+000 3.692160e-002 6.396533e+003
6.100000e-001 9.986976e-001 9.974005e-001 9.986961e-001 9.986959e-001 -1.997426e+000 3.791084e-002 6.257374e+003
6.200000e-001 9.983760e-001 9.967592e-001 9.983743e-001 9.983743e-001 -1.996799e+000 4.522234e-002 5.572207e+003
6.300000e-001 9.981028e-001 9.962144e-001 9.981018e-001 9.981007e-001 -1.996277e+000 4.926769e-002 5.090007e+003
6.400000e-001 9.978579e-001 9.957264e-001 9.978546e-001 9.978552e-001 -1.995818e+000 5.480181e-002 4.751914e+003
6.500000e-001 9.975822e-001 9.951770e-001 9.975790e-001 9.975819e-001 -1.995246e+000 6.035088e-002 4.502585e+003
6.600000e-001 9.972807e-001 9.945760e-001 9.972768e-001 9.972784e-001 -1.994677e+000 6.346654e-002 4.224244e+003
6.700000e-001 9.969260e-001 9.938703e-001 9.969226e-001 9.969230e-001 -1.994008e+000 7.279506e-002 3.939481e+003
6.800000e-001 9.964220e-001 9.928672e-001 9.964226e-001 9.964187e-001 -1.993032e+000 8.294496e-002 3.667439e+003
6.900000e-001 9.960696e-001 9.921666e-001 9.960657e-001 9.960655e-001 -1.992332e+000 9.290513e-002 3.489601e+003
7.000000e-001 9.955589e-001 9.911502e-001 9.955520e-001 9.955516e-001 -1.991326e+000 9.746841e-002 3.283128e+003
7.100000e-001 9.950586e-001 9.901559e-001 9.950499e-001 9.950539e-001 -1.990385e+000 1.048427e-001 3.092644e+003
7.200000e-001 9.945028e-001 9.890527e-001 9.944936e-001 9.944951e-001 -1.989333e+000 1.194651e-001 2.907417e+003
7.300000e-001 9.936855e-001 9.874308e-001 9.936732e-001 9.936791e-001 -1.987810e+000 1.334361e-001 2.668075e+003
7.400000e-001 9.930654e-001 9.862013e-001 9.930616e-001 9.930615e-001 -1.986595e+000 1.472220e-001 2.553682e+003
7.500000e-001 9.925312e-001 9.851401e-001 9.925166e-001 9.925225e-001 -1.985546e+000 1.410421e-001 2.491621e+003
7.600000e-001 9.916769e-001 9.834497e-001 9.916604e-001 9.916658e-001 -1.983942e+000 1.649849e-001 2.318976e+003
7.700000e-001 9.905941e-001 9.813072e-001 9.905915e-001 9.905875e-001 -1.981974e+000 1.813452e-001 2.167407e+003
7.800000e-001 9.895902e-001 9.793224e-001 9.895763e-001 9.895709e-001 -1.980069e+000 1.910681e-001 2.032654e+003
7.900000e-001 9.886308e-001 9.774261e-001 9.886130e-001 9.886114e-001 -1.978264e+000 1.982468e-001 1.955969e+003
8.000000e-001 9.876793e-001 9.755503e-001 9.876539e-001 9.876660e-001 -1.976498e+000 2.166491e-001 1.865417e+003
8.100000e-001 9.861487e-001 9.725335e-001 9.861309e-001 9.861356e-001 -1.973684e+000 2.309303e-001 1.735664e+003
8.200000e-001 9.848842e-001 9.700484e-001 9.848690e-001 9.848713e-001 -1.971310e+000 2.575960e-001 1.661487e+003
8.300000e-001 9.835125e-001 9.673490e-001 9.834995e-001 9.834812e-001 -1.968842e+000 2.544927e-001 1.585032e+003
8.400000e-001 9.823293e-001 9.650319e-001 9.823200e-001 9.823061e-001 -1.966654e+000 2.831367e-001 1.504432e+003
8.500000e-001 9.804173e-001 9.612840e-001 9.804021e-001 9.803908e-001 -1.963253e+000 2.917392e-001 1.400630e+003
8.600000e-001 9.786431e-001 9.578146e-001 9.786111e-001 9.786092e-001 -1.959969e+000 3.084769e-001 1.366616e+003
8.700000e-001 9.769863e-001 9.545795e-001 9.769583e-001 9.769598e-001 -1.956977e+000 3.302720e-001 1.300976e+003
8.800000e-001 9.744910e-001 9.497234e-001 9.744367e-001 9.744500e-001 -1.952584e+000 3.623822e-001 1.195060e+003
8.900000e-001 9.723598e-001 9.455876e-001 9.723383e-001 9.723136e-001 -1.948906e+000 3.959247e-001 1.138735e+003
9.000000e-001 9.705858e-001 9.421425e-001 9.705253e-001 9.705512e-001 -1.945393e+000 4.074191e-001 1.132982e+003
9.100000e-001 9.669932e-001 9.352028e-001 9.669422e-001 9.669487e-001 -1.939495e+000 4.477322e-001 1.036015e+003
9.200000e-001 9.646745e-001 9.307410e-001 9.646022e-001 9.646418e-001 -1.935360e+000 4.990298e-001 9.889480e+002
9.300000e-001 9.621452e-001 9.258744e-001 9.620885e-001 9.620972e-001 -1.930938e+000 5.019768e-001 9.550185e+002
9.400000e-001 9.589802e-001 9.198130e-001 9.589073e-001 9.589120e-001 -1.925585e+000 5.483048e-001 8.933121e+002
9.500000e-001 9.560980e-001 9.143050e-001 9.560117e-001 9.560228e-001 -1.920505e+000 5.690740e-001 8.583174e+002
9.600000e-001 9.522371e-001 9.069579e-001 9.521107e-001 9.521320e-001 -1.913950e+000 6.030227e-001 8.160350e+002
9.700000e-001 9.494152e-001 9.016212e-001 9.493467e-001 9.493530e-001 -1.909295e+000 6.659482e-001 7.884204e+002
9.800000e-001 9.445299e-001 8.923923e-001 9.444411e-001 9.444723e-001 -1.901240e+000 7.039792e-001 7.348005e+002
9.900000e-001 9.408269e-001 8.854267e-001 9.406674e-001 9.407263e-001 -1.895112e+000 7.109549e-001 7.021531e+002
1.000000e+000 9.352204e-001 8.749413e-001 9.351012e-001 9.351563e-001 -1.885981e+000 7.621041e-001 6.512515e+002
1.010000e+000 9.296710e-001 8.646476e-001 9.294759e-001 9.294837e-001 -1.877294e+000 8.417839e-001 6.121370e+002
1.020000e+000 9.257839e-001 8.574820e-001 9.256924e-001 9.256412e-001 -1.871208e+000 9.229228e-001 5.679087e+002
1.030000e+000 9.196299e-001 8.461589e-001 9.194061e-001 9.193986e-001 -1.861162e+000 9.717224e-001 5.511065e+002
1.040000e+000 9.128925e-001 8.338579e-001 9.127124e-001 9.127161e-001 -1.850799e+000 9.987189e-001 5.145466e+002
1.050000e+000 9.074862e-001 8.240474e-001 9.073853e-001 9.073326e-001 -1.842468e+000 1.025960e+000 4.920919e+002
1.060000e+000 9.005533e-001 8.116030e-001 9.002737e-001 9.003087e-001 -1.832260e+000 1.104727e+000 4.572352e+002
1.070000e+000 8.932456e-001 7.985193e-001 8.930312e-001 8.930375e-001 -1.821314e+000 1.132609e+000 4.407008e+002
1.080000e+000 8.838351e-001 7.819029e-001 8.836314e-001 8.835958e-001 -1.807002e+000 1.242755e+000 4.013573e+002
1.090000e+000 8.733209e-001 7.636305e-001 8.729863e-001 8.729743e-001 -1.792624e+000 1.420672e+000 3.583147e+002
1.100000e+000 8.628008e-001 7.454634e-001 8.625527e-001 8.623338e-001 -1.777410e+000 1.497771e+000 3.427814e+002
1.110000e+000 8.522846e-001 7.275961e-001 8.518516e-001 8.518574e-001 -1.763190e+000 1.586524e+000 3.167762e+002
1.120000e+000 8.379412e-001 7.035537e-001 8.373647e-001 8.375723e-001 -1.744901e+000 1.758377e+000 2.820850e+002
1.130000e+000 8.236179e-001 6.800464e-001 8.229158e-001 8.229658e-001 -1.725104e+000 1.954871e+000 2.579350e+002
1.140000e+000 8.117173e-001 6.607712e-001 8.109485e-001 8.111425e-001 -1.710138e+000 1.983548e+000 2.409417e+002
1.150000e+000 7.928984e-001 6.310481e-001 7.920044e-001 7.922437e-001 -1.687807e+000 2.304102e+000 2.168269e+002
1.160000e+000 7.712780e-001 5.979047e-001 7.700816e-001 7.703925e-001 -1.662299e+000 2.549655e+000 1.864450e+002
1.170000e+000 7.431853e-001 5.564764e-001 7.413543e-001 7.422213e-001 -1.631496e+000 2.914310e+000 1.567910e+002
1.180000e+000 7.149265e-001 5.162740e-001 7.126079e-001 7.138608e-001 -1.601728e+000 3.290123e+000 1.349605e+002
1.190000e+000 6.760701e-001 4.644120e-001 6.723954e-001 6.750455e-001 -1.561826e+000 4.064062e+000 1.144609e+002
1.200000e+000 6.020740e-001 3.791891e-001 5.954617e-001 6.040463e-001 -1.501626e+000 6.462950e+000 7.502335e+001
1.210000e+000 5.137657e-001 2.924663e-001 5.032133e-001 5.191921e-001 -1.430512e+000 9.006445e+000 5.379000e+001
1.220000e+000 2.878569e-001 1.282633e-001 2.649943e-001 3.039844e-001 -1.272495e+000 1.547429e+001 2.718588e+001
1.230000e+000 1.668680e-001 5.314434e-002 1.401105e-001 1.889881e-001 -1.174365e+000 9.795162e+000 1.792876e+001
1.240000e+000 1.217302e-001 3.156286e-002 9.505280e-002 1.418242e-001 -1.126876e+000 7.937405e+000 1.516858e+001
1.250000e+000 5.762203e-002 6.058426e-003 2.551517e-002 7.455807e-002 -1.055097e+000 3.150748e+000 9.920126e+000
1.260000e+000 4.520726e-002 3.999594e-003 1.895742e-002 5.496458e-002 -1.018726e+000 2.552705e+000 9.178786e+000
1.270000e+000 3.887986e-002 2.926068e-003 1.532357e-002 4.680716e-002 -9.944763e-001 3.395321e+000 8.603203e+000
1.280000e+000 3.195241e-002 1.835303e-003 8.287500e-003 3.998903e-002 -9.820404e-001 1.849619e+000 7.788466e+000
1.290000e+000 2.286383e-002 9.711064e-004 -3.329427e-004 2.331465e-002 -9.288518e-001 2.572265e+000 6.960464e+000
1.300000e+000 2.035160e-002 7.170807e-004 3.580013e-003 1.898418e-002 -9.245329e-001 1.488529e+000 6.661797e+000
1.310000e+000 2.270342e-002 8.848437e-004 3.280990e-003 2.226107e-002 -9.283885e-001 1.920044e+000 7.168956e+000
1.320000e+000 1.414421e-002 3.587392e-004 -2.582813e-003 1.050811e-002 -8.342030e-001 1.667026e+000 6.345554e+000
1.330000e+000 1.524698e-002 4.157274e-004 -4.788411e-004 1.161755e-002 -8.555287e-001 1.394925e+000 6.482643e+000
1.340000e+000 1.449868e-002 3.544148e-004 -3.100260e-003 1.348076e-002 -8.425566e-001 1.046900e+000 6.173521e+000
1.350000e+000 1.366433e-002 3.258407e-004 1.156706e-003 7.993815e-003 -8.401329e-001 1.695644e+000 5.957058e+000
1.360000e+000 1.332918e-002 3.024338e-004 5.145833e-004 6.794466e-003 -8.208557e-001 8.835374e-001 6.602434e+000
1.370000e+000 1.195105e-002 2.460886e-004 -7.106771e-004 7.644499e-003 -8.244842e-001 1.671211e+000 5.683876e+000
1.380000e+000 1.077518e-002 1.916095e-004 -1.797201e-003 5.873210e-003 -7.895660e-001 1.109623e+000 5.800645e+000
1.390000e+000 1.169564e-002 2.198025e-004 1.972201e-003 6.031836e-003 -7.830514e-001 1.052456e+000 6.491008e+000
1.400000e+000 8.988633e-003 1.413651e-004 2.415560e-003 3.707552e-003 -7.565842e-001 1.108010e+000 5.454364e+000
1.410000e+000 9.258433e-003 1.441749e-004 2.850716e-003 2.850618e-003 -7.573005e-001 9.130286e-001 5.583115e+000
1.420000e+000 9.657875e-003 1.624652e-004 1.430339e-004 4.761035e-003 -7.335777e-001 8.552688e-001 6.141589e+000
1.430000e+000 8.520736e-003 1.185151e-004 -8.009115e-004 3.531803e-003 -7.510415e-001 5.897792e-001 5.373557e+000
1.440000e+000 8.131588e-003 1.103900e-004 1.843555e-003 -1.440625e-003 -7.215935e-001 1.140578e+000 5.690282e+000
1.450000e+000 7.315380e-003 9.768665e-005 1.886328e-003 1.546289e-003 -7.148085e-001 1.126244e+000 5.094914e+000
1.460000e+000 7.021692e-003 8.277872e-005 -1.974023e-003 9.051107e-004 -7.007788e-001 7.475745e-001 5.369081e+000
1.470000e+000 7.884751e-003 1.011267e-004 1.416667e-003 4.628385e-003 -7.089525e-001 5.416982e-001 5.652937e+000
1.480000e+000 6.549782e-003 7.259507e-005 4.606315e-003 -4.635091e-004 -6.889713e-001 7.800757e-001 5.535835e+000
1.490000e+000 7.006077e-003 7.544508e-005 4.573568e-003 -3.455404e-004 -6.870270e-001 8.781945e-001 6.165765e+000
1.500000e+000 5.582021e-003 5.285781e-005 -2.602865e-004 5.663216e-003 -6.508749e-001 5.872956e-001 5.013588e+000
1.510000e+000 7.092385e-003 8.786025e-005 -1.524349e-003 1.521126e-003 -6.717962e-001 9.746948e-001 5.890941e+000
1.520000e+000 5.685471e-003 5.325970e-005 2.501888e-003 1.004329e-003 -6.379958e-001 7.098244e-001 5.392544e+000
1.530000e+000 5.758409e-003 6.210580e-005 8.404362e-003 -8.261068e-004 -6.533446e-001 6.866952e-001 5.331529e+000
1.540000e+000 5.583530e-003 5.028331e-005 -2.975651e-003 6.026042e-003 -6.404604e-001 6.263605e-001 5.121033e+000
1.550000e+000 5.830438e-003 5.589368e-005 1.203451e-003 -1.562435e-003 -6.267952e-001 7.567227e-001 5.969067e+000
1.560000e+000 4.954561e-003 3.818352e-005 -4.400781e-003 1.879167e-003 -6.120013e-001 4.433940e-001 5.262259e+000
1.570000e+000 5.226752e-003 4.639462e-005 -4.549479e-004 3.494792e-004 -6.354840e-001 7.057499e-001 4.839962e+000
1.580000e+000 4.429042e-003 3.389176e-005 3.610352e-003 -1.648958e-003 -6.019713e-001 5.518020e-001 4.846654e+000
1.590000e+000 5.025186e-003 5.255987e-005 -7.812500e-006 -2.943034e-004 -6.029150e-001 7.779598e-001 5.530765e+000
1.600000e+000 4.636307e-003 3.431910e-005 -1.562500e-005 7.043620e-004 -5.900992e-001 5.278143e-001 5.093595e+000
1.610000e+000 4.560601e-003 3.471765e-005 -2.347917e-003 -5.852865e-004 -5.822615e-001 6.737396e-001 5.158969e+000
1.620000e+000 4.386488e-003 3.194108e-005 5.173828e-004 1.284603e-003 -5.816469e-001 9.763264e-001 4.909998e+000
1.630000e+000 4.841581e-003 3.571192e-005 -2.932747e-003 -3.354167e-004 -5.768087e-001 5.537218e-001 5.601091e+000
1.640000e+000 4.629202e-003 3.505659e-005 1.138802e-003 -4.341146e-004 -5.865050e-001 6.608363e-001 5.119366e+000
1.650000e+000 5.031008e-003 4.592917e-005 -4.072526e-003 -1.950195e-003 -5.710882e-001 8.153427e-001 6.076825e+000
1.660000e+000 4.624826e-003 3.548431e-005 4.604818e-004 -5.444661e-004 -5.683831e-001 6.196225e-001 5.405227e+000
1.670000e+000 4.099565e-003 2.702902e-005 1.607747e-003 1.913509e-003 -5.526726e-001 3.218208e-001 5.054728e+000
1.680000e+000 4.592391e-003 3.428566e-005 2.535807e-004 -1.003125e-003 -5.611777e-001 6.247005e-001 5.792189e+000
1.690000e+000 3.567939e-003 1.876938e-005 7.145182e-004 2.538411e-003 -5.275788e-001 5.944488e-001 4.494950e+000
1.700000e+000 3.011675e-003 1.490666e-005 5.688802e-004 -4.315039e-003 -5.506222e-001 3.728065e-001 3.705744e+000
1.710000e+000 4.443158e-003 3.699736e-005 9.005859e-004 1.814355e-003 -5.398870e-001 5.136425e-001 5.837231e+000
1.720000e+000 4.431256e-003 3.168323e-005 1.450521e-004 -5.752279e-004 -5.271502e-001 4.392730e-001 5.735396e+000
1.730000e+000 3.988773e-003 2.809513e-005 -1.034440e-003 -3.948210e-003 -5.378200e-001 2.374986e-001 5.480278e+000
1.740000e+000 3.211392e-003 1.679583e-005 1.256055e-003 2.127181e-003 -5.234326e-001 4.131993e-001 4.599998e+000
1.750000e+000 3.173460e-003 1.530842e-005 -6.753516e-003 -8.757161e-004 -5.122110e-001 5.425180e-001 4.336400e+000
1.760000e+000 3.364928e-003 1.893033e-005 -3.198893e-003 -1.110091e-003 -5.139542e-001 4.018710e-001 5.101684e+000
1.770000e+000 3.507765e-003 1.976484e-005 2.563607e-003 -7.845052e-006 -5.065983e-001 2.327492e-001 5.396414e+000
1.780000e+000 3.869954e-003 2.467012e-005 -2.462891e-004 -1.519141e-003 -4.981212e-001 4.694211e-001 5.980548e+000
1.790000e+000 3.740361e-003 2.356257e-005 1.275391e-004 1.255599e-003 -4.869555e-001 3.642794e-001 5.879865e+000
1.800000e+000 3.084209e-003 1.786041e-005 -2.354427e-003 -2.923177e-003 -4.816186e-001 5.784570e-001 5.034887e+000
1.810000e+000 3.716251e-003 2.544498e-005 -3.358984e-003 1.709147e-003 -4.892869e-001 3.229774e-001 5.733473e+000
1.820000e+000 2.802534e-003 1.242362e-005 5.165885e-003 -2.343392e-003 -4.798153e-001 2.994896e-001 4.543236e+000
1.830000e+000 3.645411e-003 2.120686e-005 -6.882747e-003 3.505404e-003 -4.990429e-001 3.402057e-001 5.642637e+000
1.840000e+000 3.244458e-003 1.841744e-005 -3.874870e-003 -2.578548e-003 -4.639960e-001 3.081914e-001 5.250571e+000
1.850000e+000 3.232110e-003 1.743663e-005 -5.197917e-004 -2.976725e-003 -4.788275e-001 2.874640e-001 5.146305e+000
1.860000e+000 3.090671e-003 1.548144e-005 -1.714193e-003 1.417318e-003 -4.786395e-001 2.940536e-001 4.953990e+000
1.870000e+000 3.052749e-003 1.650663e-005 -1.508464e-004 -3.229818e-003 -4.604604e-001 4.523409e-001 5.505072e+000
1.880000e+000 2.729995e-003 1.166668e-005 -1.891406e-003 -2.367611e-003 -4.669997e-001 2.059921e-001 4.640648e+000
1.890000e+000 3.526322e-003 1.883280e-005 -5.150456e-003 -1.124349e-004 -4.749736e-001 3.003459e-001 6.021818e+000
1.900000e+000 3.225770e-003 1.575757e-005 3.999870e-003 7.812174e-004 -4.577882e-001 3.202352e-001 5.636459e+000
1.910000e+000 3.155155e-003 1.533045e-005 -4.538802e-003 -1.182161e-003 -4.402072e-001 3.615306e-001 5.124649e+000
1.920000e+000 2.849488e-003 1.272330e-005 -7.890625e-003 -3.071615e-004 -4.391676e-001 2.762737e-001 4.865981e+000
1.930000e+000 2.965645e-003 1.440174e-005 2.527930e-003 -4.004687e-003 -4.422590e-001 3.751368e-001 5.754998e+000
1.940000e+000 3.364069e-003 1.918238e-005 -1.943164e-003 -1.208626e-003 -4.445819e-001 3.164707e-001 5.806969e+000
1.950000e+000 2.396311e-003 9.686663e-006 4.327148e-003 -2.462891e-004 -4.324146e-001 2.086553e-001 4.176472e+000
1.960000e+000 3.207088e-003 1.674951e-005 -3.905729e-003 -5.427409e-004 -4.448468e-001 3.850160e-001 5.746909e+000
1.970000e+000 2.447747e-003 1.046009e-005 -8.736328e-004 -1.019043e-003 -4.145551e-001 2.174438e-001 4.690749e+000
1.980000e+000 2.920255e-003 1.343454e-005 4.916016e-004 1.324870e-005 -4.295855e-001 3.429356e-001 5.370158e+000
1.990000e+000 2.051601e-003 6.841862e-006 -6.776302e-003 -1.020671e-003 -4.333333e-001 1.977209e-001 3.554350e+000
2.000000e+000 2.832305e-003 1.458072e-005 1.011849e-002 -7.737305e-004 -4.292889e-001 2.559382e-001 5.117619e+000
