# Temperature Magnetization2 Magnetization4 Correlation2 Correlation4 Energy Energy2 HeatCapacity CorrelationLength
0.000000e+000 1.000000e+000 1.000000e+000 1.000000e+000 1.000000e+000 -2.000000e+000 -1.#IND00e+000 2.456717e+016
1.000000e-002 1.000000e+000 1.000000e+000 1.000000e+000 1.000000e+000 -2.000000e+000 0.000000e+000 2.456717e+016
2.000000e-002 1.000000e+000 1.000000e+000 1.000000e+000 1.000000e+000 -2.000000e+000 0.000000e+000 2.456717e+016
3.000000e-002 1.000000e+000 1.000000e+000 1.000000e+000 1.000000e+000 -2.000000e+000 0.000000e+000 2.456717e+016
4.000000e-002 1.000000e+000 1.000000e+000 1.000000e+000 1.000000e+000 -2.000000e+000 0.000000e+000 2.456717e+016
5.000000e-002 1.000000e+000 1.000000e+000 1.000000e+000 1.000000e+000 -2.000000e+000 0.000000e+000 2.456717e+016
6.000000e-002 1.000000e+000 1.000000e+000 1.000000e+000 1.000000e+000 -2.000000e+000 0.000000e+000 2.456717e+016
7.000000e-002 1.000000e+000 1.000000e+000 1.000000e+000 1.000000e+000 -2.000000e+000 0.000000e+000 2.456717e+016
8.000000e-002 1.000000e+000 1.000000e+000 1.000000e+000 1.000000e+000 -2.000000e+000 0.000000e+000 2.456717e+016
9.000000e-002 1.000000e+000 1.000000e+000 1.000000e+000 1.000000e+000 -2.000000e+000 0.000000e+000 2.456717e+016
1.000000e-001 1.000000e+000 1.000000e+000 1.000000e+000 1.000000e+000 -2.000000e+000 0.000000e+000 2.456717e+016
1.100000e-001 1.000000e+000 1.000000e+000 1.000000e+000 1.000000e+000 -2.000000e+000 0.000000e+000 2.456717e+016
1.200000e-001 1.000000e+000 1.000000e+000 1.000000e+000 1.000000e+000 -2.000000e+000 0.000000e+000 2.456717e+016
1.300000e-001 1.000000e+000 1.000000e+000 1.000000e+000 1.000000e+000 -2.000000e+000 0.000000e+000 2.456717e+016
1.400000e-001 1.000000e+000 1.000000e+000 1.000000e+000 1.000000e+000 -2.000000e+000 0.000000e+000 2.456717e+016
1.500000e-001 1.000000e+000 1.000000e+000 1.000000e+000 1.000000e+000 -2.000000e+000 0.000000e+000 2.456717e+016
1.600000e-001 1.000000e+000 1.000000e+000 1.000000e+000 1.000000e+000 -2.000000e+000 0.000000e+000 2.456717e+016
1.700000e-001 1.000000e+000 1.000000e+000 1.000000e+000 1.000000e+000 -2.000000e+000 0.000000e+000 2.456717e+016
1.800000e-001 1.000000e+000 1.000000e+000 1.000000e+000 1.000000e+000 -2.000000e+000 0.000000e+000 2.456717e+016
1.900000e-001 1.000000e+000 1.000000e+000 1.000000e+000 1.000000e+000 -2.000000e+000 0.000000e+000 2.456717e+016
2.000000e-001 1.000000e+000 1.000000e+000 1.000000e+000 1.000000e+000 -2.000000e+000 0.000000e+000 2.456717e+016
2.100000e-001 1.000000e+000 1.000000e+000 1.000000e+000 1.000000e+000 -2.000000e+000 0.000000e+000 2.456717e+016
2.200000e-001 1.000000e+000 1.000000e+000 1.000000e+000 1.000000e+000 -2.000000e+000 0.000000e+000 2.456717e+016
2.300000e-001 1.000000e+000 1.000000e+000 1.000000e+000 1.000000e+000 -2.000000e+000 0.000000e+000 2.456717e+016
2.400000e-001 1.000000e+000 1.000000e+000 1.000000e+000 1.000000e+000 -2.000000e+000 0.000000e+000 2.456717e+016
2.500000e-001 1.000000e+000 1.000000e+000 1.000000e+000 1.000000e+000 -2.000000e+000 0.000000e+000 2.456717e+016
2.600000e-001 1.000000e+000 1.000000e+000 1.000000e+000 1.000000e+000 -2.000000e+000 0.000000e+000 2.456717e+016
2.700000e-001 1.000000e+000 1.000000e+000 1.000000e+000 1.000000e+000 -2.000000e+000 0.000000e+000 2.456717e+016
2.800000e-001 1.000000e+000 1.000000e+000 1.000000e+000 1.000000e+000 -2.000000e+000 0.000000e+000 2.456717e+016
2.900000e-001 1.000000e+000 1.000000e+000 1.000000e+000 1.000000e+000 -2.000000e+000 0.000000e+000 2.456717e+016
3.000000e-001 9.999980e-001 9.999961e-001 9.999980e-001 9.999980e-001 -1.999996e+000 2.313079e-004 1.651838e+005
3.100000e-001 1.000000e+000 1.000000e+000 1.000000e+000 1.000000e+000 -2.000000e+000 0.000000e+000 2.456717e+016
3.200000e-001 1.000000e+000 1.000000e+000 1.000000e+000 1.000000e+000 -2.000000e+000 0.000000e+000 2.456717e+016
3.300000e-001 9.999926e-001 9.999852e-001 9.999926e-001 9.999926e-001 -1.999985e+000 7.248949e-004 8.473728e+004
3.400000e-001 9.999993e-001 9.999987e-001 9.999993e-001 9.999993e-001 -1.999999e+000 6.005806e-005 2.861070e+005
3.500000e-001 9.999992e-001 9.999984e-001 9.999992e-001 9.999992e-001 -1.999998e+000 6.800681e-005 2.611787e+005
3.600000e-001 9.999961e-001 9.999922e-001 9.999961e-001 9.999961e-001 -1.999992e+000 3.210199e-004 1.168025e+005
3.700000e-001 9.999987e-001 9.999974e-001 9.999987e-001 9.999987e-001 -1.999997e+000 1.014021e-004 2.023081e+005
3.800000e-001 9.999971e-001 9.999943e-001 9.999971e-001 9.999971e-001 -1.999994e+000 2.113708e-004 1.363960e+005
3.900000e-001 9.999922e-001 9.999844e-001 9.999922e-001 9.999922e-001 -1.999984e+000 5.462416e-004 8.259167e+004
4.000000e-001 9.999813e-001 9.999626e-001 9.999813e-001 9.999813e-001 -1.999963e+000 1.241000e-003 5.331240e+004
4.100000e-001 9.999931e-001 9.999862e-001 9.999931e-001 9.999931e-001 -1.999986e+000 4.367403e-004 8.787678e+004
4.200000e-001 9.999788e-001 9.999576e-001 9.999788e-001 9.999788e-001 -1.999958e+000 1.272924e-003 5.010893e+004
4.300000e-001 9.999664e-001 9.999330e-001 9.999664e-001 9.999664e-001 -1.999933e+000 1.973077e-003 3.974544e+004
4.400000e-001 9.999573e-001 9.999148e-001 9.999573e-001 9.999573e-001 -1.999915e+000 2.314486e-003 3.532380e+004
4.500000e-001 9.999357e-001 9.998716e-001 9.999357e-001 9.999357e-001 -1.999871e+000 3.304515e-003 2.878300e+004
4.600000e-001 9.999037e-001 9.998078e-001 9.999036e-001 9.999036e-001 -1.999811e+000 4.735777e-003 2.259783e+004
4.700000e-001 9.999233e-001 9.998467e-001 9.999232e-001 9.999232e-001 -1.999846e+000 3.675589e-003 2.635730e+004
4.800000e-001 9.998503e-001 9.997010e-001 9.998501e-001 9.998501e-001 -1.999704e+000 6.711046e-003 1.839026e+004
4.900000e-001 9.998464e-001 9.996932e-001 9.998462e-001 9.998462e-001 -1.999693e+000 6.780676e-003 1.869533e+004
5.000000e-001 9.998055e-001 9.996116e-001 9.998055e-001 9.998053e-001 -1.999611e+000 8.554715e-003 1.657524e+004
5.100000e-001 9.997627e-001 9.995262e-001 9.997625e-001 9.997625e-001 -1.999526e+000 9.620878e-003 1.499618e+004
5.200000e-001 9.997092e-001 9.994192e-001 9.997089e-001 9.997090e-001 -1.999425e+000 1.128322e-002 1.320731e+004
5.300000e-001 9.996535e-001 9.993081e-001 9.996531e-001 9.996531e-001 -1.999314e+000 1.337400e-002 1.206490e+004
5.400000e-001 9.996084e-001 9.992180e-001 9.996079e-001 9.996079e-001 -1.999224e+000 1.490082e-002 1.151792e+004
5.500000e-001 9.995781e-001 9.991576e-001 9.995776e-001 9.995776e-001 -1.999160e+000 1.623370e-002 1.105991e+004
5.600000e-001 9.993974e-001 9.987968e-001 9.993967e-001 9.993967e-001 -1.998803e+000 2.024758e-002 9.286687e+003
5.700000e-001 9.993297e-001 9.986619e-001 9.993289e-001 9.993294e-001 -1.998673e+000 2.392390e-002 8.684490e+003
5.800000e-001 9.991844e-001 9.983717e-001 9.991835e-001 9.991837e-001 -1.998384e+000 2.508599e-002 7.909367e+003
5.900000e-001 9.990364e-001 9.980762e-001 9.990378e-001 9.990352e-001 -1.998096e+000 2.881411e-002 7.202199e+003
6.000000e-001 9.988273e-001 9.976591e-001 9.988258e-001 9.988267e-001 -1.997688e+000 3.362242e-002 6.503436e+003
6.100000e-001 9.987139e-001 9.974329e-001 9.987122e-001 9.987126e-001 -1.997444e+000 3.655847e-002 6.272437e+003
6.200000e-001 9.984128e-001 9.968326e-001 9.984105e-001 9.984105e-001 -1.996880e+000 4.516976e-002 5.586500e+003
6.300000e-001 9.983187e-001 9.966448e-001 9.983169e-001 9.983166e-001 -1.996680e+000 4.498201e-002 5.441412e+003
6.400000e-001 9.979505e-001 9.959110e-001 9.979474e-001 9.979480e-001 -1.995990e+000 5.331506e-002 4.860837e+003
6.500000e-001 9.976631e-001 9.953384e-001 9.976599e-001 9.976594e-001 -1.995410e+000 6.067701e-002 4.571742e+003
6.600000e-001 9.972341e-001 9.944837e-001 9.972302e-001 9.972314e-001 -1.994600e+000 6.696422e-002 4.177167e+003
6.700000e-001 9.969614e-001 9.939405e-001 9.969561e-001 9.969590e-001 -1.994020e+000 7.391802e-002 4.057374e+003
6.800000e-001 9.965664e-001 9.931546e-001 9.965615e-001 9.965627e-001 -1.993289e+000 8.128292e-002 3.736639e+003
6.900000e-001 9.961218e-001 9.922702e-001 9.961168e-001 9.961167e-001 -1.992417e+000 9.210403e-002 3.545435e+003
7.000000e-001 9.957560e-001 9.915414e-001 9.957492e-001 9.957511e-001 -1.991702e+000 8.770057e-002 3.375712e+003
7.100000e-001 9.950996e-001 9.902384e-001 9.950927e-001 9.950900e-001 -1.990464e+000 1.124450e-001 3.071813e+003
7.200000e-001 9.942202e-001 9.884921e-001 9.942167e-001 9.942145e-001 -1.988805e+000 1.277498e-001 2.838869e+003
7.300000e-001 9.939858e-001 9.880255e-001 9.939768e-001 9.939804e-001 -1.988328e+000 1.218865e-001 2.768753e+003
7.400000e-001 9.930626e-001 9.861947e-001 9.930641e-001 9.930564e-001 -1.986627e+000 1.399125e-001 2.550651e+003
7.500000e-001 9.924803e-001 9.850408e-001 9.924673e-001 9.924714e-001 -1.985501e+000 1.502923e-001 2.453242e+003
7.600000e-001 9.912656e-001 9.826342e-001 9.912573e-001 9.912580e-001 -1.983162e+000 1.635067e-001 2.263759e+003
7.700000e-001 9.906717e-001 9.814592e-001 9.906622e-001 9.906698e-001 -1.982064e+000 1.742339e-001 2.176772e+003
7.800000e-001 9.896644e-001 9.794678e-001 9.896524e-001 9.896515e-001 -1.980271e+000 1.832457e-001 2.057972e+003
7.900000e-001 9.885467e-001 9.772614e-001 9.885374e-001 9.885369e-001 -1.978075e+000 2.057228e-001 1.932033e+003
8.000000e-001 9.874837e-001 9.751659e-001 9.874646e-001 9.874646e-001 -1.976147e+000 2.218070e-001 1.832732e+003
8.100000e-001 9.863421e-001 9.729173e-001 9.863284e-001 9.863270e-001 -1.974008e+000 2.422188e-001 1.755416e+003
8.200000e-001 9.848834e-001 9.700456e-001 9.848565e-001 9.848606e-001 -1.971297e+000 2.520003e-001 1.640512e+003
8.300000e-001 9.839399e-001 9.681929e-001 9.839220e-001 9.839166e-001 -1.969599e+000 2.685788e-001 1.608549e+003
8.400000e-001 9.819540e-001 9.642934e-001 9.819434e-001 9.819390e-001 -1.966029e+000 2.773480e-001 1.481671e+003
8.500000e-001 9.799329e-001 9.603392e-001 9.798946e-001 9.798954e-001 -1.962284e+000 3.182591e-001 1.411692e+003
8.600000e-001 9.784725e-001 9.574860e-001 9.784309e-001 9.784481e-001 -1.959707e+000 3.388677e-001 1.361747e+003
8.700000e-001 9.769385e-001 9.544882e-001 9.769181e-001 9.769183e-001 -1.956889e+000 3.392540e-001 1.295516e+003
8.800000e-001 9.748595e-001 9.504409e-001 9.748305e-001 9.748145e-001 -1.953189e+000 3.602301e-001 1.227871e+003
8.900000e-001 9.722426e-001 9.453596e-001 9.722188e-001 9.722092e-001 -1.948584e+000 3.969574e-001 1.149596e+003
9.000000e-001 9.701317e-001 9.412700e-001 9.701016e-001 9.700899e-001 -1.944929e+000 4.290573e-001 1.093999e+003
9.100000e-001 9.674529e-001 9.360916e-001 9.674101e-001 9.674057e-001 -1.939935e+000 4.587696e-001 1.047972e+003
9.200000e-001 9.656178e-001 9.325515e-001 9.656113e-001 9.655570e-001 -1.936858e+000 4.738988e-001 1.017610e+003
9.300000e-001 9.621649e-001 9.259104e-001 9.621035e-001 9.621125e-001 -1.930932e+000 4.883869e-001 9.513699e+002
9.400000e-001 9.592778e-001 9.203787e-001 9.592464e-001 9.592030e-001 -1.926116e+000 5.342257e-001 8.959868e+002
9.500000e-001 9.564676e-001 9.150108e-001 9.563646e-001 9.564128e-001 -1.921453e+000 5.515315e-001 8.541769e+002
9.600000e-001 9.534597e-001 9.092773e-001 9.534162e-001 9.533794e-001 -1.916028e+000 5.823312e-001 8.221286e+002
9.700000e-001 9.488385e-001 9.005302e-001 9.487784e-001 9.487253e-001 -1.908461e+000 6.744321e-001 7.676678e+002
9.800000e-001 9.457521e-001 8.947055e-001 9.456564e-001 9.456761e-001 -1.903186e+000 7.112764e-001 7.442360e+002
9.900000e-001 9.399144e-001 8.837184e-001 9.398201e-001 9.397882e-001 -1.893527e+000 7.386512e-001 6.879867e+002
1.000000e+000 9.355503e-001 8.755792e-001 9.354487e-001 9.354555e-001 -1.886825e+000 8.006248e-001 6.413851e+002
1.010000e+000 9.315691e-001 8.681728e-001 9.314717e-001 9.314683e-001 -1.879776e+000 8.607481e-001 6.322088e+002
1.020000e+000 9.251404e-001 8.562900e-001 9.250068e-001 9.249870e-001 -1.869944e+000 8.903850e-001 5.819778e+002
1.030000e+000 9.202337e-001 8.472281e-001 9.200387e-001 9.200622e-001 -1.862073e+000 8.716935e-001 5.568461e+002
1.040000e+000 9.133897e-001 8.348001e-001 9.132684e-001 9.132116e-001 -1.851781e+000 1.064195e+000 5.140821e+002
1.050000e+000 9.070491e-001 8.232782e-001 9.068075e-001 9.068450e-001 -1.841578e+000 1.031069e+000 4.897432e+002
1.060000e+000 8.998615e-001 8.103556e-001 8.996109e-001 8.996570e-001 -1.831300e+000 1.114579e+000 4.528931e+002
1.070000e+000 8.920253e-001 7.964547e-001 8.918185e-001 8.917715e-001 -1.819678e+000 1.243868e+000 4.228740e+002
1.080000e+000 8.850047e-001 7.839701e-001 8.845079e-001 8.846675e-001 -1.809387e+000 1.234838e+000 4.011602e+002
1.090000e+000 8.752094e-001 7.668532e-001 8.749007e-001 8.748992e-001 -1.794662e+000 1.389511e+000 3.824525e+002
1.100000e+000 8.648449e-001 7.489390e-001 8.644346e-001 8.645002e-001 -1.779965e+000 1.457224e+000 3.506445e+002
1.110000e+000 8.539535e-001 7.304979e-001 8.535534e-001 8.535402e-001 -1.764951e+000 1.641864e+000 3.155925e+002
1.120000e+000 8.422479e-001 7.107051e-001 8.417018e-001 8.417763e-001 -1.750061e+000 1.671028e+000 2.923908e+002
1.130000e+000 8.229496e-001 6.790406e-001 8.223477e-001 8.222796e-001 -1.725365e+000 2.089407e+000 2.614909e+002
1.140000e+000 8.074385e-001 6.542101e-001 8.065628e-001 8.069078e-001 -1.705554e+000 2.266737e+000 2.295457e+002
1.150000e+000 7.938307e-001 6.326579e-001 7.930443e-001 7.930217e-001 -1.688934e+000 2.434782e+000 2.161081e+002
1.160000e+000 7.678077e-001 5.930649e-001 7.661841e-001 7.670458e-001 -1.659211e+000 2.705409e+000 1.760189e+002
1.170000e+000 7.535834e-001 5.717185e-001 7.517484e-001 7.528442e-001 -1.642083e+000 2.938579e+000 1.650056e+002
1.180000e+000 7.096026e-001 5.091389e-001 7.070171e-001 7.089479e-001 -1.597558e+000 3.469866e+000 1.285005e+002
1.190000e+000 6.743755e-001 4.642273e-001 6.715630e-001 6.740189e-001 -1.561909e+000 4.703745e+000 1.081846e+002
1.200000e+000 6.205526e-001 3.979077e-001 6.146844e-001 6.214618e-001 -1.512130e+000 5.751501e+000 8.384980e+001
1.210000e+000 4.863749e-001 2.712597e-001 4.729806e-001 4.929856e-001 -1.411798e+000 1.190442e+001 4.937522e+001
1.220000e+000 3.167406e-001 1.393069e-001 2.954472e-001 3.335046e-001 -1.296503e+000 1.171708e+001 2.867353e+001
1.230000e+000 1.828829e-001 6.251629e-002 1.578410e-001 2.021767e-001 -1.183905e+000 1.116239e+001 1.968503e+001
1.240000e+000 9.825117e-002 2.098641e-002 6.948815e-002 1.167811e-001 -1.109706e+000 5.815829e+000 1.334280e+001
1.250000e+000 6.201710e-002 7.994768e-003 3.151576e-002 7.951025e-002 -1.064735e+000 3.816888e+000 1.029293e+001
1.260000e+000 4.174715e-002 3.285297e-003 1.349583e-002 5.218896e-002 -1.021944e+000 2.820613e+000 8.579181e+000
1.270000e+000 3.738593e-002 2.648508e-003 1.454505e-002 4.547930e-002 -9.876806e-001 2.493547e+000 8.570592e+000
1.280000e+000 3.384786e-002 2.097872e-003 7.302083e-003 4.026833e-002 -9.698778e-001 2.410713e+000 8.110684e+000
1.290000e+000 2.697745e-002 1.322565e-003 2.715560e-003 2.907845e-002 -9.585195e-001 1.493176e+000 7.430210e+000
1.300000e+000 2.133837e-002 8.210635e-004 3.988672e-003 2.194652e-002 -9.035725e-001 2.248220e+000 6.897431e+000
1.310000e+000 1.902237e-002 6.767437e-004 1.937305e-003 1.550605e-002 -8.882326e-001 1.271079e+000 6.868601e+000
1.320000e+000 1.712871e-002 5.156753e-004 -1.640560e-003 1.628451e-002 -8.853420e-001 1.452334e+000 6.307341e+000
1.330000e+000 1.706581e-002 4.946931e-004 -1.128711e-003 1.428324e-002 -8.730845e-001 1.381314e+000 6.629688e+000
1.340000e+000 1.522722e-002 4.125763e-004 1.253385e-003 1.072246e-002 -8.504832e-001 1.394863e+000 6.614810e+000
1.350000e+000 1.369391e-002 3.070931e-004 4.899219e-003 1.126868e-002 -8.379860e-001 1.240575e+000 6.109883e+000
1.360000e+000 1.231223e-002 2.904617e-004 6.093099e-004 9.221354e-003 -8.225469e-001 1.516783e+000 6.137911e+000
1.370000e+000 1.153603e-002 2.148581e-004 -9.796875e-004 4.107227e-003 -7.976655e-001 1.221935e+000 5.960762e+000
1.380000e+000 9.659634e-003 1.512068e-004 4.368229e-003 4.711003e-003 -7.791190e-001 1.093512e+000 5.185418e+000
1.390000e+000 1.042032e-002 1.879797e-004 -1.826562e-003 5.184505e-003 -7.656383e-001 1.193523e+000 5.935845e+000
1.400000e+000 1.009154e-002 1.815789e-004 4.222005e-003 7.388053e-003 -7.562030e-001 1.147426e+000 6.157567e+000
1.410000e+000 1.007797e-002 1.685868e-004 2.075521e-004 6.531673e-003 -7.602918e-001 1.117137e+000 5.970702e+000
1.420000e+000 9.963436e-003 1.744990e-004 3.219076e-003 4.605078e-003 -7.448737e-001 7.178292e-001 6.308684e+000
1.430000e+000 8.699984e-003 1.285706e-004 2.109505e-003 2.065723e-003 -7.369998e-001 8.528262e-001 5.997848e+000
1.440000e+000 8.291779e-003 1.136358e-004 -2.927409e-003 2.024219e-003 -7.196538e-001 9.985168e-001 5.771268e+000
1.450000e+000 8.343432e-003 1.090825e-004 -1.631185e-003 2.667904e-003 -7.170249e-001 1.243872e+000 6.143205e+000
1.460000e+000 7.502354e-003 9.190727e-005 -3.859310e-003 3.323275e-003 -7.037525e-001 5.548409e-001 5.583584e+000
1.470000e+000 7.111753e-003 7.799552e-005 2.924805e-003 1.527734e-003 -7.008573e-001 1.123882e+000 5.504730e+000
1.480000e+000 6.471069e-003 7.102901e-005 5.318359e-004 7.044173e-003 -6.809321e-001 7.698705e-001 5.424530e+000
1.490000e+000 6.254945e-003 6.603513e-005 -1.466211e-003 -1.351204e-003 -6.849219e-001 7.295057e-001 4.722281e+000
1.500000e+000 6.228469e-003 6.752487e-005 -1.972786e-003 4.732096e-004 -6.771251e-001 7.555445e-001 5.161534e+000
1.510000e+000 6.601822e-003 7.060718e-005 -2.709049e-003 6.843750e-004 -6.507108e-001 6.674217e-001 6.235816e+000
1.520000e+000 6.611181e-003 7.284405e-005 -3.961589e-003 2.056315e-003 -6.558799e-001 6.665062e-001 6.033578e+000
1.530000e+000 5.401262e-003 4.978102e-005 -5.866211e-003 2.045996e-003 -6.497275e-001 7.623332e-001 5.067588e+000
1.540000e+000 5.457255e-003 5.350293e-005 3.260156e-003 -8.365885e-005 -6.407984e-001 7.696545e-001 5.161956e+000
1.550000e+000 5.586824e-003 6.154563e-005 -6.936198e-004 4.162858e-003 -6.301870e-001 6.601368e-001 5.681170e+000
1.560000e+000 4.991519e-003 4.034283e-005 2.275260e-003 -2.660970e-003 -6.092990e-001 7.235146e-001 5.388803e+000
1.570000e+000 4.613356e-003 3.477805e-005 -2.343815e-003 9.733398e-004 -5.962798e-001 4.992362e-001 5.130923e+000
1.580000e+000 4.940614e-003 4.372866e-005 2.914063e-003 -6.276237e-003 -6.121166e-001 6.232224e-001 5.365236e+000
1.590000e+000 5.530967e-003 4.948133e-005 7.078125e-004 1.362728e-003 -6.232249e-001 8.529015e-001 5.447401e+000
1.600000e+000 5.666253e-003 5.175818e-005 2.752148e-003 -9.095052e-004 -6.062194e-001 7.930316e-001 5.751463e+000
1.610000e+000 4.338764e-003 3.045309e-005 -7.081380e-004 1.632812e-003 -5.858205e-001 5.034532e-001 5.189569e+000
1.620000e+000 4.089000e-003 2.947544e-005 -6.746745e-004 3.322591e-004 -5.671013e-001 6.115480e-001 4.831368e+000
1.630000e+000 4.095591e-003 2.721480e-005 7.077734e-003 -1.356055e-003 -5.807424e-001 5.482120e-001 4.993591e+000
1.640000e+000 4.434706e-003 3.197436e-005 4.370247e-003 3.331706e-004 -5.589768e-001 5.128371e-001 5.173924e+000
1.650000e+000 4.152623e-003 2.805702e-005 -2.649089e-004 2.827539e-003 -5.542053e-001 5.835919e-001 5.242414e+000
1.660000e+000 4.405484e-003 3.073114e-005 -6.471940e-003 -2.651823e-003 -5.551645e-001 4.043556e-001 5.765275e+000
1.670000e+000 4.591384e-003 3.726461e-005 -5.626823e-003 1.669499e-003 -5.538788e-001 4.030706e-001 5.508718e+000
1.680000e+000 4.147163e-003 3.010854e-005 4.093294e-003 -1.893001e-003 -5.428595e-001 4.701344e-001 5.371312e+000
1.690000e+000 3.764317e-003 2.367999e-005 2.395117e-003 -3.023698e-003 -5.344488e-001 3.685534e-001 5.132922e+000
1.700000e+000 4.694171e-003 3.787212e-005 4.959831e-003 -3.921224e-004 -5.322015e-001 2.742545e-001 6.037109e+000
1.710000e+000 4.042639e-003 2.616374e-005 -4.362109e-003 3.182357e-003 -5.174588e-001 4.096887e-001 5.434457e+000
1.720000e+000 3.788211e-003 2.491971e-005 6.145833e-005 1.650358e-003 -5.407128e-001 4.134815e-001 4.869023e+000
1.730000e+000 3.871768e-003 2.394695e-005 1.919987e-003 2.848861e-003 -5.238969e-001 3.979129e-001 5.438381e+000
1.740000e+000 3.848779e-003 2.378873e-005 -4.069922e-003 -1.098633e-004 -5.088426e-001 3.057399e-001 5.951454e+000
1.750000e+000 3.584982e-003 2.351673e-005 -8.612630e-004 -1.643555e-004 -5.090357e-001 3.097297e-001 5.301594e+000
1.760000e+000 3.456284e-003 1.876323e-005 2.489453e-003 1.192188e-003 -5.118219e-001 5.092997e-001 5.245167e+000
1.770000e+000 3.485555e-003 2.068884e-005 3.145247e-003 -3.449512e-003 -5.015288e-001 4.000070e-001 5.037260e+000
1.780000e+000 3.093976e-003 1.647634e-005 -4.322852e-003 -3.496615e-003 -4.959109e-001 3.238852e-001 4.572172e+000
1.790000e+000 3.491915e-003 1.921118e-005 4.186979e-003 -2.642676e-003 -4.977826e-001 4.071534e-001 5.375938e+000
1.800000e+000 3.289144e-003 1.878320e-005 3.952474e-004 1.744759e-003 -4.827238e-001 2.225509e-001 4.934167e+000
1.810000e+000 3.528936e-003 2.042310e-005 -8.261784e-003 -7.352539e-004 -4.885061e-001 3.305916e-001 5.696434e+000
1.820000e+000 2.995787e-003 1.460140e-005 -5.915755e-003 -3.611621e-003 -4.932152e-001 3.381843e-001 4.689721e+000
1.830000e+000 3.570731e-003 2.125235e-005 1.927148e-003 -6.611751e-003 -4.691835e-001 3.949202e-001 6.011019e+000
1.840000e+000 3.562826e-003 2.136676e-005 3.093424e-003 1.671517e-003 -4.775108e-001 2.906775e-001 5.419670e+000
1.850000e+000 3.165169e-003 1.643886e-005 -2.644596e-003 3.946940e-004 -4.600676e-001 2.176139e-001 5.151753e+000
1.860000e+000 2.844621e-003 1.352338e-005 -8.544141e-003 -7.809245e-005 -4.504015e-001 2.838287e-001 4.926862e+000
1.870000e+000 2.791980e-003 1.288292e-005 -1.829232e-003 -1.552734e-004 -4.611142e-001 3.397369e-001 4.553074e+000
1.880000e+000 3.508505e-003 2.073925e-005 5.447917e-003 -7.099609e-005 -4.680338e-001 6.449527e-001 5.694738e+000
1.890000e+000 3.218066e-003 1.699828e-005 5.475521e-003 -7.506185e-004 -4.531604e-001 2.838065e-001 5.675849e+000
1.900000e+000 3.110260e-003 1.580021e-005 1.855469e-004 -1.337891e-003 -4.412951e-001 2.748146e-001 4.994164e+000
1.910000e+000 3.023120e-003 1.580332e-005 2.470443e-003 -7.963867e-004 -4.545292e-001 3.507312e-001 5.152811e+000
1.920000e+000 2.640704e-003 1.081745e-005 -3.828581e-003 4.248600e-003 -4.487673e-001 3.104646e-001 4.485040e+000
1.930000e+000 2.717710e-003 1.174687e-005 4.090365e-003 6.077930e-003 -4.253290e-001 4.138579e-001 4.426385e+000
1.940000e+000 2.884988e-003 1.505254e-005 3.329232e-003 -7.967773e-004 -4.514306e-001 2.450102e-001 5.000158e+000
1.950000e+000 2.924802e-003 1.350410e-005 1.603320e-003 2.908203e-004 -4.221771e-001 5.237945e-001 5.018857e+000
1.960000e+000 2.642206e-003 1.308287e-005 -4.815755e-003 1.155404e-003 -4.308827e-001 1.446503e-001 4.802624e+000
1.970000e+000 3.032897e-003 1.573151e-005 5.369010e-003 2.842318e-003 -4.350318e-001 3.396921e-001 5.726537e+000
1.980000e+000 3.113906e-003 1.513522e-005 -2.436458e-003 -2.929688e-003 -4.413673e-001 2.647167e-001 5.366765e+000
1.990000e+000 2.681662e-003 1.138070e-005 2.175456e-003 -2.563802e-004 -4.262478e-001 2.673619e-001 5.051759e+000
2.000000e+000 2.828821e-003 1.263738e-005 7.641927e-003 -3.362630e-004 -4.259829e-001 1.744380e-001 5.269682e+000
