# Temperature Magnetization2 Magnetization4 Correlation2 Correlation4 Energy Energy2 HeatCapacity CorrelationLength
0.000000e+000 1.000000e+000 1.000000e+000 1.000000e+000 1.000000e+000 -2.000000e+000 -1.#IND00e+000 2.456717e+016
1.000000e-002 1.000000e+000 1.000000e+000 1.000000e+000 1.000000e+000 -2.000000e+000 0.000000e+000 2.456717e+016
2.000000e-002 1.000000e+000 1.000000e+000 1.000000e+000 1.000000e+000 -2.000000e+000 0.000000e+000 2.456717e+016
3.000000e-002 1.000000e+000 1.000000e+000 1.000000e+000 1.000000e+000 -2.000000e+000 0.000000e+000 2.456717e+016
4.000000e-002 1.000000e+000 1.000000e+000 1.000000e+000 1.000000e+000 -2.000000e+000 0.000000e+000 2.456717e+016
5.000000e-002 1.000000e+000 1.000000e+000 1.000000e+000 1.000000e+000 -2.000000e+000 0.000000e+000 2.456717e+016
6.000000e-002 1.000000e+000 1.000000e+000 1.000000e+000 1.000000e+000 -2.000000e+000 0.000000e+000 2.456717e+016
7.000000e-002 1.000000e+000 1.000000e+000 1.000000e+000 1.000000e+000 -2.000000e+000 0.000000e+000 2.456717e+016
8.000000e-002 1.000000e+000 1.000000e+000 1.000000e+000 1.000000e+000 -2.000000e+000 0.000000e+000 2.456717e+016
9.000000e-002 1.000000e+000 1.000000e+000 1.000000e+000 1.000000e+000 -2.000000e+000 0.000000e+000 2.456717e+016
1.000000e-001 1.000000e+000 1.000000e+000 1.000000e+000 1.000000e+000 -2.000000e+000 0.000000e+000 2.456717e+016
1.100000e-001 1.000000e+000 1.000000e+000 1.000000e+000 1.000000e+000 -2.000000e+000 0.000000e+000 2.456717e+016
1.200000e-001 1.000000e+000 1.000000e+000 1.000000e+000 1.000000e+000 -2.000000e+000 0.000000e+000 2.456717e+016
1.300000e-001 1.000000e+000 1.000000e+000 1.000000e+000 1.000000e+000 -2.000000e+000 0.000000e+000 2.456717e+016
1.400000e-001 1.000000e+000 1.000000e+000 1.000000e+000 1.000000e+000 -2.000000e+000 0.000000e+000 2.456717e+016
1.500000e-001 1.000000e+000 1.000000e+000 1.000000e+000 1.000000e+000 -2.000000e+000 0.000000e+000 2.456717e+016
1.600000e-001 1.000000e+000 1.000000e+000 1.000000e+000 1.000000e+000 -2.000000e+000 0.000000e+000 2.456717e+016
1.700000e-001 1.000000e+000 1.000000e+000 1.000000e+000 1.000000e+000 -2.000000e+000 0.000000e+000 2.456717e+016
1.800000e-001 1.000000e+000 1.000000e+000 1.000000e+000 1.000000e+000 -2.000000e+000 0.000000e+000 2.456717e+016
1.900000e-001 1.000000e+000 1.000000e+000 1.000000e+000 1.000000e+000 -2.000000e+000 0.000000e+000 2.456717e+016
2.000000e-001 1.000000e+000 1.000000e+000 1.000000e+000 1.000000e+000 -2.000000e+000 0.000000e+000 2.456717e+016
2.100000e-001 1.000000e+000 1.000000e+000 1.000000e+000 1.000000e+000 -2.000000e+000 0.000000e+000 2.456717e+016
2.200000e-001 1.000000e+000 1.000000e+000 1.000000e+000 1.000000e+000 -2.000000e+000 0.000000e+000 2.456717e+016
2.300000e-001 1.000000e+000 1.000000e+000 1.000000e+000 1.000000e+000 -2.000000e+000 0.000000e+000 2.456717e+016
2.400000e-001 1.000000e+000 1.000000e+000 1.000000e+000 1.000000e+000 -2.000000e+000 0.000000e+000 2.456717e+016
2.500000e-001 1.000000e+000 1.000000e+000 1.000000e+000 1.000000e+000 -2.000000e+000 0.000000e+000 2.456717e+016
2.600000e-001 1.000000e+000 1.000000e+000 1.000000e+000 1.000000e+000 -2.000000e+000 0.000000e+000 2.456717e+016
2.700000e-001 1.000000e+000 1.000000e+000 1.000000e+000 1.000000e+000 -2.000000e+000 0.000000e+000 2.456717e+016
2.800000e-001 1.000000e+000 1.000000e+000 1.000000e+000 1.000000e+000 -2.000000e+000 0.000000e+000 2.456717e+016
2.900000e-001 1.000000e+000 1.000000e+000 1.000000e+000 1.000000e+000 -2.000000e+000 0.000000e+000 2.456717e+016
3.000000e-001 1.000000e+000 1.000000e+000 1.000000e+000 1.000000e+000 -2.000000e+000 0.000000e+000 2.456717e+016
3.100000e-001 1.000000e+000 1.000000e+000 1.000000e+000 1.000000e+000 -2.000000e+000 0.000000e+000 2.456717e+016
3.200000e-001 1.000000e+000 1.000000e+000 1.000000e+000 1.000000e+000 -2.000000e+000 0.000000e+000 2.456717e+016
3.300000e-001 1.000000e+000 1.000000e+000 1.000000e+000 1.000000e+000 -2.000000e+000 0.000000e+000 2.456717e+016
3.400000e-001 9.999993e-001 9.999987e-001 9.999993e-001 9.999993e-001 -1.999999e+000 6.005804e-005 2.861070e+005
3.500000e-001 9.999977e-001 9.999953e-001 9.999977e-001 9.999977e-001 -1.999995e+000 2.038980e-004 1.507915e+005
3.600000e-001 9.999945e-001 9.999891e-001 9.999945e-001 9.999945e-001 -1.999989e+000 4.491578e-004 9.871604e+004
3.700000e-001 9.999891e-001 9.999782e-001 9.999891e-001 9.999891e-001 -1.999978e+000 8.486243e-004 6.980259e+004
3.800000e-001 9.999930e-001 9.999860e-001 9.999930e-001 9.999930e-001 -1.999986e+000 5.179882e-004 8.705930e+004
3.900000e-001 9.999796e-001 9.999592e-001 9.999796e-001 9.999796e-001 -1.999959e+000 1.422379e-003 5.105747e+004
4.000000e-001 9.999847e-001 9.999693e-001 9.999846e-001 9.999846e-001 -1.999969e+000 1.018262e-003 5.889375e+004
4.100000e-001 9.999789e-001 9.999579e-001 9.999789e-001 9.999789e-001 -1.999958e+000 1.344172e-003 5.029195e+004
4.200000e-001 9.999698e-001 9.999397e-001 9.999698e-001 9.999698e-001 -1.999940e+000 1.805467e-003 4.200133e+004
4.300000e-001 9.999740e-001 9.999480e-001 9.999740e-001 9.999740e-001 -1.999948e+000 1.487291e-003 4.523691e+004
4.400000e-001 9.999631e-001 9.999262e-001 9.999630e-001 9.999630e-001 -1.999926e+000 2.012279e-003 3.769973e+004
4.500000e-001 9.999482e-001 9.998966e-001 9.999482e-001 9.999482e-001 -1.999896e+000 2.689162e-003 3.207096e+004
4.600000e-001 9.999223e-001 9.998449e-001 9.999223e-001 9.999223e-001 -1.999845e+000 4.042768e-003 2.605898e+004
4.700000e-001 9.998730e-001 9.997465e-001 9.998729e-001 9.998729e-001 -1.999746e+000 6.419250e-003 2.044091e+004
4.800000e-001 9.998743e-001 9.997490e-001 9.998742e-001 9.998742e-001 -1.999748e+000 5.686621e-003 2.062285e+004
4.900000e-001 9.998518e-001 9.997041e-001 9.998517e-001 9.998517e-001 -1.999703e+000 6.768789e-003 1.908218e+004
5.000000e-001 9.998237e-001 9.996480e-001 9.998236e-001 9.998236e-001 -1.999647e+000 7.406660e-003 1.740007e+004
5.100000e-001 9.997504e-001 9.995015e-001 9.997501e-001 9.997501e-001 -1.999503e+000 9.999211e-003 1.430990e+004
5.200000e-001 9.997168e-001 9.994345e-001 9.997165e-001 9.997165e-001 -1.999436e+000 1.129130e-002 1.347120e+004
5.300000e-001 9.996721e-001 9.993452e-001 9.996717e-001 9.996717e-001 -1.999347e+000 1.247230e-002 1.255289e+004
5.400000e-001 9.995435e-001 9.990883e-001 9.995430e-001 9.995430e-001 -1.999092e+000 1.636417e-002 1.074077e+004
5.500000e-001 9.994920e-001 9.989856e-001 9.994914e-001 9.994914e-001 -1.998991e+000 1.826588e-002 1.008702e+004
5.600000e-001 9.993786e-001 9.987592e-001 9.993779e-001 9.993779e-001 -1.998766e+000 2.093741e-002 9.140716e+003
5.700000e-001 9.992976e-001 9.985976e-001 9.992967e-001 9.992967e-001 -1.998621e+000 2.300718e-002 8.437349e+003
5.800000e-001 9.991649e-001 9.983330e-001 9.991638e-001 9.991638e-001 -1.998357e+000 2.794272e-002 7.761601e+003
5.900000e-001 9.990396e-001 9.980827e-001 9.990384e-001 9.990386e-001 -1.998104e+000 2.892774e-002 7.170266e+003
6.000000e-001 9.987834e-001 9.975716e-001 9.987818e-001 9.987819e-001 -1.997604e+000 3.610615e-002 6.442677e+003
6.100000e-001 9.986025e-001 9.972108e-001 9.986008e-001 9.986007e-001 -1.997241e+000 4.145620e-002 6.018241e+003
6.200000e-001 9.983931e-001 9.967935e-001 9.983909e-001 9.983918e-001 -1.996833e+000 4.690205e-002 5.563934e+003
6.300000e-001 9.983091e-001 9.966256e-001 9.983073e-001 9.983079e-001 -1.996664e+000 4.516743e-002 5.450584e+003
6.400000e-001 9.980101e-001 9.960299e-001 9.980076e-001 9.980073e-001 -1.996089e+000 5.409109e-002 4.904669e+003
6.500000e-001 9.976247e-001 9.952618e-001 9.976230e-001 9.976213e-001 -1.995351e+000 6.148232e-002 4.478430e+003
6.600000e-001 9.973508e-001 9.947163e-001 9.973471e-001 9.973472e-001 -1.994816e+000 6.705197e-002 4.231902e+003
6.700000e-001 9.970302e-001 9.940779e-001 9.970286e-001 9.970270e-001 -1.994188e+000 7.346507e-002 4.027856e+003
6.800000e-001 9.964440e-001 9.929104e-001 9.964392e-001 9.964412e-001 -1.993064e+000 8.019684e-002 3.676698e+003
6.900000e-001 9.961994e-001 9.924249e-001 9.961930e-001 9.961957e-001 -1.992583e+000 9.204302e-002 3.550560e+003
7.000000e-001 9.955667e-001 9.911657e-001 9.955614e-001 9.955629e-001 -1.991324e+000 9.778244e-002 3.276550e+003
7.100000e-001 9.950344e-001 9.901085e-001 9.950247e-001 9.950295e-001 -1.990354e+000 1.101435e-001 3.082220e+003
7.200000e-001 9.945493e-001 9.891437e-001 9.945396e-001 9.945440e-001 -1.989457e+000 1.081540e-001 2.907914e+003
7.300000e-001 9.938386e-001 9.877331e-001 9.938273e-001 9.938286e-001 -1.988068e+000 1.229993e-001 2.726493e+003
7.400000e-001 9.931972e-001 9.864614e-001 9.931866e-001 9.931881e-001 -1.986828e+000 1.392941e-001 2.606351e+003
7.500000e-001 9.923061e-001 9.846952e-001 9.922906e-001 9.922964e-001 -1.985210e+000 1.500002e-001 2.396496e+003
7.600000e-001 9.914768e-001 9.830511e-001 9.914766e-001 9.914616e-001 -1.983608e+000 1.533442e-001 2.304917e+003
7.700000e-001 9.906738e-001 9.814630e-001 9.906602e-001 9.906683e-001 -1.982063e+000 1.697290e-001 2.174482e+003
7.800000e-001 9.893718e-001 9.788900e-001 9.893495e-001 9.893603e-001 -1.979623e+000 1.947481e-001 2.014866e+003
7.900000e-001 9.887239e-001 9.776093e-001 9.887188e-001 9.887126e-001 -1.978462e+000 1.899250e-001 1.965190e+003
8.000000e-001 9.874806e-001 9.751586e-001 9.874607e-001 9.874581e-001 -1.976168e+000 2.148393e-001 1.834961e+003
8.100000e-001 9.864503e-001 9.731287e-001 9.864232e-001 9.864432e-001 -1.974247e+000 2.335830e-001 1.751546e+003
8.200000e-001 9.850695e-001 9.704134e-001 9.850440e-001 9.850500e-001 -1.971722e+000 2.567241e-001 1.679477e+003
8.300000e-001 9.835076e-001 9.673443e-001 9.834956e-001 9.834883e-001 -1.968756e+000 2.783745e-001 1.550156e+003
8.400000e-001 9.816359e-001 9.636746e-001 9.816122e-001 9.816157e-001 -1.965340e+000 3.069391e-001 1.495195e+003
8.500000e-001 9.803601e-001 9.611726e-001 9.803159e-001 9.803357e-001 -1.963125e+000 2.969357e-001 1.415508e+003
8.600000e-001 9.785443e-001 9.576270e-001 9.785241e-001 9.785175e-001 -1.959867e+000 3.325734e-001 1.345017e+003
8.700000e-001 9.766324e-001 9.538944e-001 9.765934e-001 9.766106e-001 -1.956458e+000 3.492203e-001 1.253524e+003
8.800000e-001 9.750801e-001 9.508689e-001 9.750516e-001 9.750464e-001 -1.953395e+000 3.596151e-001 1.254878e+003
8.900000e-001 9.726553e-001 9.461592e-001 9.726147e-001 9.726310e-001 -1.949149e+000 3.961026e-001 1.175838e+003
9.000000e-001 9.704563e-001 9.418957e-001 9.703971e-001 9.704119e-001 -1.945393e+000 4.056019e-001 1.108090e+003
9.100000e-001 9.677186e-001 9.366044e-001 9.677004e-001 9.676502e-001 -1.940576e+000 4.431869e-001 1.045044e+003
9.200000e-001 9.648202e-001 9.310132e-001 9.647693e-001 9.647734e-001 -1.935582e+000 4.744651e-001 9.981868e+002
9.300000e-001 9.625624e-001 9.266851e-001 9.625058e-001 9.624954e-001 -1.931553e+000 5.340249e-001 9.542985e+002
9.400000e-001 9.600386e-001 9.218449e-001 9.600076e-001 9.599832e-001 -1.927385e+000 5.399713e-001 9.057012e+002
9.500000e-001 9.556949e-001 9.135358e-001 9.556357e-001 9.556144e-001 -1.919902e+000 5.647791e-001 8.619314e+002
9.600000e-001 9.525432e-001 9.075356e-001 9.524673e-001 9.524903e-001 -1.914742e+000 5.816749e-001 8.145994e+002
9.700000e-001 9.480830e-001 8.990877e-001 9.480493e-001 9.480390e-001 -1.907054e+000 6.547505e-001 7.675480e+002
9.800000e-001 9.440894e-001 8.915645e-001 9.439678e-001 9.439847e-001 -1.900475e+000 6.953197e-001 7.224049e+002
9.900000e-001 9.404091e-001 8.846473e-001 9.403244e-001 9.403577e-001 -1.894305e+000 7.165406e-001 6.821457e+002
1.000000e+000 9.354347e-001 8.753342e-001 9.353078e-001 9.353447e-001 -1.886423e+000 7.519524e-001 6.449584e+002
1.010000e+000 9.320202e-001 8.689895e-001 9.318778e-001 9.319141e-001 -1.880928e+000 7.789383e-001 6.290713e+002
1.020000e+000 9.261433e-001 8.581107e-001 9.260038e-001 9.260265e-001 -1.871785e+000 8.541622e-001 5.859716e+002
1.030000e+000 9.200759e-001 8.469773e-001 9.199007e-001 9.198674e-001 -1.861993e+000 9.559247e-001 5.558129e+002
1.040000e+000 9.136422e-001 8.352486e-001 9.134789e-001 9.133581e-001 -1.852199e+000 1.021949e+000 5.156251e+002
1.050000e+000 9.067836e-001 8.228087e-001 9.064993e-001 9.065683e-001 -1.841612e+000 1.044786e+000 4.815054e+002
1.060000e+000 8.996449e-001 8.099978e-001 8.993012e-001 8.994172e-001 -1.831007e+000 1.197959e+000 4.607768e+002
1.070000e+000 8.915501e-001 7.955879e-001 8.913317e-001 8.912675e-001 -1.819088e+000 1.207645e+000 4.177641e+002
1.080000e+000 8.850369e-001 7.840690e-001 8.848163e-001 8.847585e-001 -1.809299e+000 1.264262e+000 3.954315e+002
1.090000e+000 8.758217e-001 7.679263e-001 8.754403e-001 8.756125e-001 -1.795978e+000 1.299416e+000 3.690930e+002
1.100000e+000 8.637502e-001 7.470811e-001 8.633650e-001 8.634170e-001 -1.778872e+000 1.456772e+000 3.417780e+002
1.110000e+000 8.497779e-001 7.234585e-001 8.492342e-001 8.493483e-001 -1.759873e+000 1.762160e+000 3.105765e+002
1.120000e+000 8.375199e-001 7.029301e-001 8.368921e-001 8.369974e-001 -1.743752e+000 1.799285e+000 2.822084e+002
1.130000e+000 8.288179e-001 6.884514e-001 8.281496e-001 8.282171e-001 -1.731574e+000 1.792950e+000 2.757221e+002
1.140000e+000 8.102843e-001 6.586874e-001 8.093948e-001 8.096530e-001 -1.708935e+000 2.216166e+000 2.320952e+002
1.150000e+000 7.927507e-001 6.307593e-001 7.918236e-001 7.919122e-001 -1.686975e+000 2.191530e+000 2.131647e+002
1.160000e+000 7.673801e-001 5.920817e-001 7.661199e-001 7.665215e-001 -1.658743e+000 2.663684e+000 1.829654e+002
1.170000e+000 7.476627e-001 5.628792e-001 7.459622e-001 7.466169e-001 -1.636006e+000 3.022001e+000 1.648311e+002
1.180000e+000 7.110515e-001 5.114068e-001 7.091786e-001 7.102784e-001 -1.598360e+000 3.519343e+000 1.325593e+002
1.190000e+000 6.696700e-001 4.569402e-001 6.658573e-001 6.691904e-001 -1.558696e+000 4.467094e+000 1.059436e+002
1.200000e+000 6.237909e-001 4.007130e-001 6.190519e-001 6.239707e-001 -1.516316e+000 4.969837e+000 8.623611e+001
1.210000e+000 5.456884e-001 3.195956e-001 5.371607e-001 5.501447e-001 -1.457367e+000 7.129881e+000 5.948309e+001
1.220000e+000 3.582539e-001 1.692520e-001 3.385340e-001 3.720520e-001 -1.317850e+000 1.343916e+001 3.323764e+001
1.230000e+000 1.940413e-001 6.928750e-002 1.662874e-001 2.146797e-001 -1.192516e+000 1.155986e+001 2.014824e+001
1.240000e+000 8.304568e-002 1.490011e-002 5.486335e-002 1.044983e-001 -1.092904e+000 4.807307e+000 1.183132e+001
1.250000e+000 7.055664e-002 1.062985e-002 4.278796e-002 9.128053e-002 -1.075710e+000 4.005600e+000 1.093669e+001
1.260000e+000 4.729350e-002 4.435298e-003 1.959004e-002 6.152054e-002 -1.030972e+000 3.306115e+000 9.002092e+000
1.270000e+000 3.625539e-002 2.463038e-003 1.225983e-002 4.295990e-002 -9.983150e-001 2.273453e+000 8.258547e+000
1.280000e+000 3.121093e-002 1.754620e-003 8.129622e-003 3.777148e-002 -9.691277e-001 1.893991e+000 7.819470e+000
1.290000e+000 2.611207e-002 1.247534e-003 4.392643e-003 2.639557e-002 -9.501721e-001 1.810944e+000 7.558450e+000
1.300000e+000 2.018996e-002 7.509573e-004 -8.138021e-006 2.132699e-002 -9.172062e-001 2.046493e+000 6.658846e+000
1.310000e+000 1.906203e-002 6.149982e-004 7.015625e-004 1.968564e-002 -8.832078e-001 2.114113e+000 6.983826e+000
1.320000e+000 1.931913e-002 7.136786e-004 2.990299e-003 1.581348e-002 -8.822974e-001 2.406763e+000 7.059669e+000
1.330000e+000 1.528790e-002 4.250917e-004 -8.672526e-004 1.297998e-002 -8.643318e-001 1.464902e+000 6.056128e+000
1.340000e+000 1.362104e-002 3.026524e-004 7.796875e-004 9.580729e-003 -8.354208e-001 1.446196e+000 6.041728e+000
1.350000e+000 1.509767e-002 3.712321e-004 -1.762435e-003 1.013949e-002 -8.562559e-001 1.610974e+000 6.569862e+000
1.360000e+000 1.341148e-002 3.074836e-004 2.768620e-003 9.893555e-003 -8.282920e-001 1.003364e+000 6.325638e+000
1.370000e+000 1.242800e-002 2.628740e-004 1.367122e-003 8.091146e-003 -8.309028e-001 1.151165e+000 5.960100e+000
1.380000e+000 9.846874e-003 1.643420e-004 1.300977e-003 3.679622e-003 -7.832160e-001 1.357741e+000 5.435736e+000
1.390000e+000 9.910612e-003 1.732842e-004 -3.634505e-003 1.282585e-003 -7.701568e-001 1.943257e+000 5.754852e+000
1.400000e+000 9.970055e-003 1.693984e-004 -2.888021e-003 5.459505e-003 -7.611124e-001 1.408087e+000 5.859842e+000
1.410000e+000 9.844465e-003 1.595414e-004 6.134766e-004 6.544694e-003 -7.767884e-001 1.002646e+000 5.553763e+000
1.420000e+000 8.965740e-003 1.446573e-004 -7.563672e-003 8.655924e-004 -7.535443e-001 7.584472e-001 5.552622e+000
1.430000e+000 9.577480e-003 1.601845e-004 2.171289e-003 4.244466e-003 -7.434153e-001 1.077806e+000 6.223282e+000
1.440000e+000 7.601505e-003 9.967673e-005 2.149349e-003 7.488932e-004 -7.131790e-001 1.498304e+000 5.490482e+000
1.450000e+000 7.053912e-003 8.789801e-005 -4.980469e-005 -1.930143e-003 -7.172699e-001 6.638348e-001 5.011031e+000
1.460000e+000 6.787387e-003 7.791451e-005 -3.227409e-003 -4.626628e-004 -7.145965e-001 8.996828e-001 4.988502e+000
1.470000e+000 6.499450e-003 7.011018e-005 1.824740e-003 3.116797e-003 -6.794495e-001 8.262879e-001 5.152963e+000
1.480000e+000 6.102826e-003 6.309139e-005 -5.002930e-003 -2.261979e-003 -6.916391e-001 7.169248e-001 5.204661e+000
1.490000e+000 7.162519e-003 8.733420e-005 -1.909635e-003 1.872103e-003 -6.927352e-001 8.167426e-001 5.361194e+000
1.500000e+000 5.948954e-003 5.921999e-005 -5.132878e-003 2.158529e-004 -6.726280e-001 6.767485e-001 4.970768e+000
1.510000e+000 6.208052e-003 6.634508e-005 3.684180e-003 1.609668e-003 -6.671009e-001 5.957243e-001 5.162037e+000
1.520000e+000 6.281088e-003 6.831075e-005 8.315104e-004 3.238346e-003 -6.532323e-001 5.396978e-001 5.610225e+000
1.530000e+000 5.762849e-003 5.355972e-005 -2.255794e-003 2.197852e-003 -6.500696e-001 7.900962e-001 5.369950e+000
1.540000e+000 5.336947e-003 4.928778e-005 -4.105599e-003 -1.757389e-003 -6.277893e-001 7.907362e-001 5.098435e+000
1.550000e+000 5.312756e-003 4.464036e-005 -6.579557e-003 5.787760e-005 -6.353074e-001 7.311131e-001 5.132382e+000
1.560000e+000 5.119000e-003 4.671524e-005 1.633333e-003 9.042643e-004 -6.275159e-001 5.998888e-001 5.489652e+000
1.570000e+000 5.266911e-003 4.408592e-005 2.173893e-003 2.012695e-004 -6.032135e-001 5.205782e-001 5.995775e+000
1.580000e+000 4.967068e-003 4.115542e-005 2.002995e-003 -7.210286e-004 -6.069464e-001 6.129089e-001 5.748345e+000
1.590000e+000 4.549090e-003 3.749739e-005 5.292969e-003 5.436849e-004 -6.053313e-001 6.762611e-001 4.682145e+000
1.600000e+000 4.861859e-003 3.682029e-005 1.113477e-003 -5.125651e-004 -6.202440e-001 5.110339e-001 5.184892e+000
1.610000e+000 5.218368e-003 4.908650e-005 2.343229e-003 -1.205762e-003 -5.928596e-001 9.359418e-001 5.815613e+000
1.620000e+000 4.130315e-003 2.806408e-005 1.611979e-003 1.015495e-003 -5.506930e-001 3.916702e-001 5.447068e+000
1.630000e+000 4.598619e-003 3.409534e-005 7.213672e-003 -3.004232e-003 -5.896206e-001 4.161989e-001 5.041633e+000
1.640000e+000 4.669219e-003 3.505704e-005 -3.443359e-004 9.325195e-004 -5.574085e-001 5.368425e-001 5.796811e+000
1.650000e+000 4.184882e-003 2.852456e-005 -1.590039e-003 1.651921e-003 -5.591510e-001 6.130520e-001 5.067566e+000
1.660000e+000 3.303892e-003 1.856052e-005 8.663867e-003 2.350260e-003 -5.586512e-001 4.333404e-001 4.295716e+000
1.670000e+000 3.681356e-003 2.120673e-005 -3.334831e-003 1.117350e-003 -5.521579e-001 5.752940e-001 4.485304e+000
1.680000e+000 4.715829e-003 3.920747e-005 -1.239583e-003 -2.228060e-003 -5.556415e-001 5.458156e-001 6.021001e+000
1.690000e+000 3.712118e-003 2.445397e-005 -7.067708e-004 2.621257e-003 -5.487070e-001 7.958020e-001 4.449845e+000
1.700000e+000 4.261910e-003 3.021515e-005 -2.785417e-003 3.331706e-003 -5.221631e-001 3.506786e-001 6.058110e+000
1.710000e+000 3.457272e-003 1.960755e-005 2.647135e-004 -2.916829e-003 -5.237089e-001 7.090217e-001 4.586112e+000
1.720000e+000 3.328705e-003 1.723031e-005 -6.992839e-004 -2.046549e-003 -5.298355e-001 4.816723e-001 4.857470e+000
1.730000e+000 3.323863e-003 1.858234e-005 -2.739128e-003 -1.699414e-003 -5.320975e-001 3.402480e-001 4.982857e+000
1.740000e+000 4.225456e-003 2.959106e-005 4.022982e-003 4.178190e-003 -5.178952e-001 3.581775e-001 5.626858e+000
1.750000e+000 3.566410e-003 2.215763e-005 1.462565e-003 -2.175326e-003 -5.156368e-001 2.894392e-001 5.327282e+000
1.760000e+000 3.750894e-003 2.300030e-005 3.172786e-003 2.242871e-003 -5.153840e-001 3.399600e-001 5.104497e+000
1.770000e+000 4.084400e-003 2.834599e-005 -3.420898e-003 2.098926e-003 -5.171459e-001 3.547934e-001 5.640253e+000
1.780000e+000 3.698968e-003 2.065504e-005 -1.020964e-003 -1.268620e-003 -5.072376e-001 3.189240e-001 5.319790e+000
1.790000e+000 3.637975e-003 2.295441e-005 -4.104818e-004 1.636393e-004 -5.049865e-001 4.177797e-001 5.865786e+000
1.800000e+000 3.448598e-003 2.045637e-005 -8.875000e-004 2.134277e-003 -5.027018e-001 3.499845e-001 5.170165e+000
1.810000e+000 3.145673e-003 1.503095e-005 -8.658854e-004 9.967448e-004 -4.546945e-001 3.652087e-001 5.796777e+000
1.820000e+000 3.934561e-003 2.389073e-005 3.705729e-004 2.071126e-003 -5.011876e-001 2.796503e-001 5.764298e+000
1.830000e+000 3.743674e-003 2.487837e-005 9.466797e-004 -3.292546e-003 -4.928343e-001 5.457066e-001 5.621162e+000
1.840000e+000 3.322451e-003 1.770368e-005 -1.168099e-003 1.760189e-003 -4.843318e-001 4.912041e-001 5.116806e+000
1.850000e+000 3.906861e-003 2.369747e-005 1.238802e-003 1.183496e-003 -4.706811e-001 2.408478e-001 6.443053e+000
1.860000e+000 2.791352e-003 1.276425e-005 -4.532943e-003 2.416016e-004 -4.684183e-001 3.753629e-001 4.453220e+000
1.870000e+000 3.267697e-003 2.044385e-005 -6.258594e-003 -1.471159e-003 -4.657492e-001 2.286636e-001 5.003786e+000
1.880000e+000 2.866608e-003 1.392156e-005 -2.670247e-003 -9.841471e-004 -4.789475e-001 4.159657e-001 4.545016e+000
1.890000e+000 2.969562e-003 1.466278e-005 -1.059831e-003 -4.146257e-003 -4.662964e-001 4.066472e-001 4.714368e+000
1.900000e+000 3.221505e-003 1.847134e-005 8.172917e-003 -3.264616e-003 -4.607644e-001 3.458587e-001 5.144723e+000
1.910000e+000 2.974290e-003 1.379278e-005 1.147526e-003 -5.388021e-004 -4.582040e-001 2.973072e-001 5.067337e+000
1.920000e+000 2.891884e-003 1.350385e-005 -3.344010e-003 1.214453e-003 -4.402439e-001 2.699992e-001 4.849668e+000
1.930000e+000 2.881386e-003 1.336401e-005 2.776823e-003 -1.142708e-003 -4.297490e-001 1.708924e-001 5.368389e+000
1.940000e+000 3.278088e-003 1.729851e-005 3.316536e-003 2.151204e-003 -4.376413e-001 2.558023e-001 6.217092e+000
1.950000e+000 3.271367e-003 1.635615e-005 -6.091732e-003 1.168587e-003 -4.306753e-001 3.191855e-001 5.865008e+000
1.960000e+000 2.983158e-003 1.437993e-005 4.930339e-003 4.475879e-003 -4.374082e-001 3.372392e-001 5.506354e+000
1.970000e+000 3.149292e-003 1.575954e-005 -7.918620e-004 -1.467448e-003 -4.373995e-001 2.534985e-001 5.478022e+000
1.980000e+000 2.629546e-003 1.204607e-005 4.687500e-006 -4.618164e-004 -4.361076e-001 2.770877e-001 4.933428e+000
1.990000e+000 2.762545e-003 1.365828e-005 3.817773e-003 6.853125e-003 -4.287521e-001 2.682805e-001 4.547013e+000
2.000000e+000 2.570363e-003 1.140250e-005 1.129557e-003 1.545996e-003 -4.173316e-001 2.142586e-001 5.002430e+000
