# Temperature Magnetization2 Magnetization4 Correlation2 Correlation4 Energy Energy2 HeatCapacity CorrelationLength
0.000000e+000 1.000000e+000 1.000000e+000 1.000000e+000 1.000000e+000 -2.000000e+000 -1.#IND00e+000 2.456717e+016
1.000000e-002 1.000000e+000 1.000000e+000 1.000000e+000 1.000000e+000 -2.000000e+000 0.000000e+000 2.456717e+016
2.000000e-002 1.000000e+000 1.000000e+000 1.000000e+000 1.000000e+000 -2.000000e+000 0.000000e+000 2.456717e+016
3.000000e-002 1.000000e+000 1.000000e+000 1.000000e+000 1.000000e+000 -2.000000e+000 0.000000e+000 2.456717e+016
4.000000e-002 1.000000e+000 1.000000e+000 1.000000e+000 1.000000e+000 -2.000000e+000 0.000000e+000 2.456717e+016
5.000000e-002 1.000000e+000 1.000000e+000 1.000000e+000 1.000000e+000 -2.000000e+000 0.000000e+000 2.456717e+016
6.000000e-002 1.000000e+000 1.000000e+000 1.000000e+000 1.000000e+000 -2.000000e+000 0.000000e+000 2.456717e+016
7.000000e-002 1.000000e+000 1.000000e+000 1.000000e+000 1.000000e+000 -2.000000e+000 0.000000e+000 2.456717e+016
8.000000e-002 1.000000e+000 1.000000e+000 1.000000e+000 1.000000e+000 -2.000000e+000 0.000000e+000 2.456717e+016
9.000000e-002 1.000000e+000 1.000000e+000 1.000000e+000 1.000000e+000 -2.000000e+000 0.000000e+000 2.456717e+016
1.000000e-001 1.000000e+000 1.000000e+000 1.000000e+000 1.000000e+000 -2.000000e+000 0.000000e+000 2.456717e+016
1.100000e-001 1.000000e+000 1.000000e+000 1.000000e+000 1.000000e+000 -2.000000e+000 0.000000e+000 2.456717e+016
1.200000e-001 1.000000e+000 1.000000e+000 1.000000e+000 1.000000e+000 -2.000000e+000 0.000000e+000 2.456717e+016
1.300000e-001 1.000000e+000 1.000000e+000 1.000000e+000 1.000000e+000 -2.000000e+000 0.000000e+000 2.456717e+016
1.400000e-001 1.000000e+000 1.000000e+000 1.000000e+000 1.000000e+000 -2.000000e+000 0.000000e+000 2.456717e+016
1.500000e-001 1.000000e+000 1.000000e+000 1.000000e+000 1.000000e+000 -2.000000e+000 0.000000e+000 2.456717e+016
1.600000e-001 1.000000e+000 1.000000e+000 1.000000e+000 1.000000e+000 -2.000000e+000 0.000000e+000 2.456717e+016
1.700000e-001 1.000000e+000 1.000000e+000 1.000000e+000 1.000000e+000 -2.000000e+000 0.000000e+000 2.456717e+016
1.800000e-001 1.000000e+000 1.000000e+000 1.000000e+000 1.000000e+000 -2.000000e+000 0.000000e+000 2.456717e+016
1.900000e-001 1.000000e+000 1.000000e+000 1.000000e+000 1.000000e+000 -2.000000e+000 0.000000e+000 2.456717e+016
2.000000e-001 1.000000e+000 1.000000e+000 1.000000e+000 1.000000e+000 -2.000000e+000 0.000000e+000 2.456717e+016
2.100000e-001 1.000000e+000 1.000000e+000 1.000000e+000 1.000000e+000 -2.000000e+000 0.000000e+000 2.456717e+016
2.200000e-001 1.000000e+000 1.000000e+000 1.000000e+000 1.000000e+000 -2.000000e+000 0.000000e+000 2.456717e+016
2.300000e-001 1.000000e+000 1.000000e+000 1.000000e+000 1.000000e+000 -2.000000e+000 0.000000e+000 2.456717e+016
2.400000e-001 1.000000e+000 1.000000e+000 1.000000e+000 1.000000e+000 -2.000000e+000 0.000000e+000 2.456717e+016
2.500000e-001 1.000000e+000 1.000000e+000 1.000000e+000 1.000000e+000 -2.000000e+000 0.000000e+000 2.456717e+016
2.600000e-001 1.000000e+000 1.000000e+000 1.000000e+000 1.000000e+000 -2.000000e+000 0.000000e+000 2.456717e+016
2.700000e-001 1.000000e+000 1.000000e+000 1.000000e+000 1.000000e+000 -2.000000e+000 0.000000e+000 2.456717e+016
2.800000e-001 1.000000e+000 1.000000e+000 1.000000e+000 1.000000e+000 -2.000000e+000 0.000000e+000 2.456717e+016
2.900000e-001 1.000000e+000 1.000000e+000 1.000000e+000 1.000000e+000 -2.000000e+000 0.000000e+000 2.456717e+016
3.000000e-001 9.999964e-001 9.999927e-001 9.999964e-001 9.999964e-001 -1.999993e+000 4.314938e-004 1.209021e+005
3.100000e-001 9.999997e-001 9.999995e-001 9.999997e-001 9.999997e-001 -1.999999e+000 2.890218e-005 4.523749e+005
3.200000e-001 9.999991e-001 9.999982e-001 9.999991e-001 9.999991e-001 -1.999998e+000 9.491035e-005 2.418045e+005
3.300000e-001 9.999997e-001 9.999995e-001 9.999997e-001 9.999997e-001 -1.999999e+000 2.550506e-005 4.523749e+005
3.400000e-001 1.000000e+000 1.000000e+000 1.000000e+000 1.000000e+000 -2.000000e+000 0.000000e+000 2.456717e+016
3.500000e-001 1.000000e+000 1.000000e+000 1.000000e+000 1.000000e+000 -2.000000e+000 0.000000e+000 2.456717e+016
3.600000e-001 9.999982e-001 9.999964e-001 9.999982e-001 9.999982e-001 -1.999996e+000 1.499293e-004 1.709815e+005
3.700000e-001 9.999957e-001 9.999914e-001 9.999957e-001 9.999957e-001 -1.999991e+000 3.342418e-004 1.113668e+005
3.800000e-001 9.999974e-001 9.999948e-001 9.999974e-001 9.999974e-001 -1.999995e+000 1.921745e-004 1.430533e+005
3.900000e-001 9.999895e-001 9.999790e-001 9.999895e-001 9.999895e-001 -1.999979e+000 7.366494e-004 7.108349e+004
4.000000e-001 9.999912e-001 9.999823e-001 9.999911e-001 9.999911e-001 -1.999982e+000 5.882709e-004 7.758132e+004
4.100000e-001 9.999792e-001 9.999584e-001 9.999792e-001 9.999792e-001 -1.999958e+000 1.311389e-003 5.057653e+004
4.200000e-001 9.999792e-001 9.999584e-001 9.999792e-001 9.999792e-001 -1.999958e+000 1.249685e-003 5.057653e+004
4.300000e-001 9.999667e-001 9.999335e-001 9.999667e-001 9.999667e-001 -1.999934e+000 1.912161e-003 3.894329e+004
4.400000e-001 9.999377e-001 9.998755e-001 9.999376e-001 9.999376e-001 -1.999875e+000 3.354052e-003 2.923023e+004
4.500000e-001 9.999484e-001 9.998969e-001 9.999483e-001 9.999483e-001 -1.999897e+000 2.737446e-003 3.195902e+004
4.600000e-001 9.999178e-001 9.998358e-001 9.999177e-001 9.999177e-001 -1.999835e+000 4.161605e-003 2.551363e+004
4.700000e-001 9.999173e-001 9.998348e-001 9.999172e-001 9.999172e-001 -1.999837e+000 3.928648e-003 2.469611e+004
4.800000e-001 9.998671e-001 9.997345e-001 9.998669e-001 9.998669e-001 -1.999734e+000 6.014756e-003 2.002621e+004
4.900000e-001 9.998464e-001 9.996932e-001 9.998462e-001 9.998462e-001 -1.999693e+000 6.837417e-003 1.858009e+004
5.000000e-001 9.998248e-001 9.996501e-001 9.998246e-001 9.998246e-001 -1.999650e+000 7.702780e-003 1.733992e+004
5.100000e-001 9.997854e-001 9.995714e-001 9.997852e-001 9.997852e-001 -1.999570e+000 9.397428e-003 1.577424e+004
5.200000e-001 9.996871e-001 9.993751e-001 9.996867e-001 9.996867e-001 -1.999379e+000 1.238493e-002 1.277016e+004
5.300000e-001 9.996670e-001 9.993350e-001 9.996667e-001 9.996667e-001 -1.999337e+000 1.253912e-002 1.254712e+004
5.400000e-001 9.995082e-001 9.990180e-001 9.995077e-001 9.995077e-001 -1.999026e+000 1.792282e-002 1.007673e+004
5.500000e-001 9.994799e-001 9.989614e-001 9.994793e-001 9.994793e-001 -1.998964e+000 1.841708e-002 9.980548e+003
5.600000e-001 9.994216e-001 9.988450e-001 9.994210e-001 9.994210e-001 -1.998844e+000 1.931439e-002 9.602370e+003
5.700000e-001 9.992677e-001 9.985381e-001 9.992668e-001 9.992668e-001 -1.998551e+000 2.543093e-002 8.333918e+003
5.800000e-001 9.991912e-001 9.983853e-001 9.991902e-001 9.991902e-001 -1.998395e+000 2.590269e-002 7.936885e+003
5.900000e-001 9.989980e-001 9.979997e-001 9.989984e-001 9.989967e-001 -1.998026e+000 2.986172e-002 7.000440e+003
6.000000e-001 9.988521e-001 9.977086e-001 9.988511e-001 9.988508e-001 -1.997727e+000 3.353990e-002 6.662397e+003
6.100000e-001 9.986130e-001 9.972317e-001 9.986125e-001 9.986121e-001 -1.997254e+000 4.089497e-002 6.054755e+003
6.200000e-001 9.985100e-001 9.970264e-001 9.985081e-001 9.985085e-001 -1.997064e+000 4.109613e-002 5.746244e+003
6.300000e-001 9.981185e-001 9.962460e-001 9.981165e-001 9.981163e-001 -1.996293e+000 5.346835e-002 5.186675e+003
6.400000e-001 9.979167e-001 9.958437e-001 9.979176e-001 9.979142e-001 -1.995894e+000 5.652517e-002 4.835097e+003
6.500000e-001 9.975444e-001 9.951019e-001 9.975415e-001 9.975416e-001 -1.995195e+000 6.189379e-002 4.422024e+003
6.600000e-001 9.973511e-001 9.947171e-001 9.973495e-001 9.973513e-001 -1.994814e+000 6.869580e-002 4.236331e+003
6.700000e-001 9.970078e-001 9.940331e-001 9.970065e-001 9.970056e-001 -1.994130e+000 7.245193e-002 4.025956e+003
6.800000e-001 9.964521e-001 9.929271e-001 9.964494e-001 9.964476e-001 -1.993068e+000 8.430634e-002 3.657789e+003
6.900000e-001 9.962347e-001 9.924944e-001 9.962294e-001 9.962308e-001 -1.992659e+000 8.493213e-002 3.561862e+003
7.000000e-001 9.956207e-001 9.912742e-001 9.956147e-001 9.956160e-001 -1.991483e+000 1.032817e-001 3.257368e+003
7.100000e-001 9.949124e-001 9.898655e-001 9.949106e-001 9.949076e-001 -1.990141e+000 1.083079e-001 3.004900e+003
7.200000e-001 9.944295e-001 9.889066e-001 9.944229e-001 9.944240e-001 -1.989161e+000 1.184829e-001 2.936400e+003
7.300000e-001 9.938043e-001 9.876654e-001 9.937936e-001 9.937930e-001 -1.987981e+000 1.263990e-001 2.712268e+003
7.400000e-001 9.929938e-001 9.860590e-001 9.929902e-001 9.929905e-001 -1.986481e+000 1.460860e-001 2.545845e+003
7.500000e-001 9.924114e-001 9.849042e-001 9.924035e-001 9.924042e-001 -1.985362e+000 1.496980e-001 2.458487e+003
7.600000e-001 9.917345e-001 9.835641e-001 9.917206e-001 9.917227e-001 -1.984061e+000 1.672466e-001 2.322592e+003
7.700000e-001 9.904709e-001 9.810636e-001 9.904559e-001 9.904553e-001 -1.981739e+000 1.833672e-001 2.165612e+003
7.800000e-001 9.897707e-001 9.796802e-001 9.897620e-001 9.897587e-001 -1.980424e+000 1.960415e-001 2.058766e+003
7.900000e-001 9.888704e-001 9.779011e-001 9.888574e-001 9.888579e-001 -1.978737e+000 2.007566e-001 1.951649e+003
8.000000e-001 9.872997e-001 9.748032e-001 9.872872e-001 9.872809e-001 -1.975844e+000 2.265264e-001 1.804010e+003
8.100000e-001 9.860326e-001 9.723077e-001 9.860188e-001 9.860175e-001 -1.973502e+000 2.460129e-001 1.731804e+003
8.200000e-001 9.849571e-001 9.701945e-001 9.849323e-001 9.849390e-001 -1.971527e+000 2.701700e-001 1.653445e+003
8.300000e-001 9.838482e-001 9.680113e-001 9.838367e-001 9.838178e-001 -1.969338e+000 2.648789e-001 1.598444e+003
8.400000e-001 9.821337e-001 9.646481e-001 9.821261e-001 9.821170e-001 -1.966212e+000 2.911503e-001 1.520578e+003
8.500000e-001 9.801556e-001 9.607757e-001 9.801324e-001 9.801365e-001 -1.962665e+000 3.156112e-001 1.416006e+003
8.600000e-001 9.785604e-001 9.576544e-001 9.785277e-001 9.785354e-001 -1.959843e+000 3.208351e-001 1.348784e+003
8.700000e-001 9.768022e-001 9.542260e-001 9.767719e-001 9.767689e-001 -1.956710e+000 3.464907e-001 1.285887e+003
8.800000e-001 9.747024e-001 9.501356e-001 9.746896e-001 9.746530e-001 -1.952870e+000 3.704622e-001 1.214160e+003
8.900000e-001 9.727522e-001 9.463528e-001 9.727321e-001 9.726980e-001 -1.949462e+000 4.100427e-001 1.179812e+003
9.000000e-001 9.705650e-001 9.421005e-001 9.705418e-001 9.705248e-001 -1.945610e+000 3.879317e-001 1.105348e+003
9.100000e-001 9.679020e-001 9.369538e-001 9.678456e-001 9.678821e-001 -1.941056e+000 4.237504e-001 1.037560e+003
9.200000e-001 9.659104e-001 9.331073e-001 9.658714e-001 9.658421e-001 -1.937408e+000 4.372336e-001 1.019753e+003
9.300000e-001 9.618243e-001 9.252629e-001 9.617932e-001 9.617431e-001 -1.930566e+000 5.095954e-001 9.412093e+002
9.400000e-001 9.593604e-001 9.205371e-001 9.592938e-001 9.592997e-001 -1.926169e+000 5.349758e-001 8.974273e+002
9.500000e-001 9.563651e-001 9.148167e-001 9.562809e-001 9.563008e-001 -1.921147e+000 5.643383e-001 8.501313e+002
9.600000e-001 9.517967e-001 9.061268e-001 9.517248e-001 9.517260e-001 -1.913410e+000 6.195313e-001 8.038701e+002
9.700000e-001 9.494818e-001 9.017457e-001 9.493885e-001 9.494411e-001 -1.909467e+000 6.557102e-001 7.738210e+002
9.800000e-001 9.444444e-001 8.922463e-001 9.443327e-001 9.443421e-001 -1.901085e+000 7.212028e-001 7.192961e+002
9.900000e-001 9.401773e-001 8.842227e-001 9.401031e-001 9.400693e-001 -1.894319e+000 7.520741e-001 6.949924e+002
1.000000e+000 9.362975e-001 8.769581e-001 9.361373e-001 9.361481e-001 -1.887591e+000 7.673178e-001 6.703545e+002
1.010000e+000 9.319316e-001 8.688237e-001 9.317541e-001 9.317773e-001 -1.880627e+000 7.864270e-001 6.338127e+002
1.020000e+000 9.261674e-001 8.581856e-001 9.260939e-001 9.260138e-001 -1.871560e+000 9.156237e-001 5.821729e+002
1.030000e+000 9.201447e-001 8.470845e-001 9.199558e-001 9.200057e-001 -1.861996e+000 9.233029e-001 5.526078e+002
1.040000e+000 9.134416e-001 8.348838e-001 9.133059e-001 9.132589e-001 -1.851699e+000 1.055754e+000 5.208603e+002
1.050000e+000 9.060344e-001 8.214209e-001 9.058832e-001 9.058103e-001 -1.840524e+000 1.021173e+000 4.887187e+002
1.060000e+000 9.001850e-001 8.109652e-001 8.999117e-001 8.999556e-001 -1.831438e+000 1.188670e+000 4.582978e+002
1.070000e+000 8.920927e-001 7.965191e-001 8.917773e-001 8.919017e-001 -1.819417e+000 1.195819e+000 4.258708e+002
1.080000e+000 8.832363e-001 7.808345e-001 8.829473e-001 8.829207e-001 -1.805956e+000 1.237045e+000 4.070752e+002
1.090000e+000 8.757789e-001 7.678178e-001 8.752798e-001 8.754909e-001 -1.795484e+000 1.319113e+000 3.776873e+002
1.100000e+000 8.642279e-001 7.479557e-001 8.638583e-001 8.638646e-001 -1.779187e+000 1.551406e+000 3.491261e+002
1.110000e+000 8.505565e-001 7.246277e-001 8.501325e-001 8.500835e-001 -1.761220e+000 1.550993e+000 3.111823e+002
1.120000e+000 8.388744e-001 7.051383e-001 8.384336e-001 8.384162e-001 -1.745422e+000 1.783582e+000 2.887961e+002
1.130000e+000 8.252852e-001 6.827910e-001 8.246044e-001 8.247347e-001 -1.728928e+000 1.904642e+000 2.572416e+002
1.140000e+000 8.073000e-001 6.538165e-001 8.065365e-001 8.064913e-001 -1.705305e+000 2.184393e+000 2.360210e+002
1.150000e+000 7.857570e-001 6.202368e-001 7.846125e-001 7.850769e-001 -1.678741e+000 2.533053e+000 2.012526e+002
1.160000e+000 7.713966e-001 5.982029e-001 7.702783e-001 7.707013e-001 -1.664830e+000 2.618751e+000 1.814137e+002
1.170000e+000 7.489744e-001 5.648627e-001 7.470697e-001 7.481801e-001 -1.638362e+000 2.752800e+000 1.592929e+002
1.180000e+000 7.143573e-001 5.163057e-001 7.120534e-001 7.134503e-001 -1.602324e+000 3.792535e+000 1.321144e+002
1.190000e+000 6.702623e-001 4.576043e-001 6.669722e-001 6.698469e-001 -1.559851e+000 4.131674e+000 1.060421e+002
1.200000e+000 6.135055e-001 3.918797e-001 6.082854e-001 6.145192e-001 -1.510367e+000 6.043360e+000 8.005859e+001
1.210000e+000 5.372619e-001 3.130966e-001 5.267275e-001 5.411817e-001 -1.448993e+000 8.744129e+000 5.913029e+001
1.220000e+000 3.595033e-001 1.682416e-001 3.412154e-001 3.727675e-001 -1.319394e+000 1.193596e+001 3.311557e+001
1.230000e+000 1.622618e-001 5.456087e-002 1.332035e-001 1.815686e-001 -1.160924e+000 1.143580e+001 1.822878e+001
1.240000e+000 7.976336e-002 1.266151e-002 4.856576e-002 9.771514e-002 -1.092094e+000 4.391864e+000 1.167745e+001
1.250000e+000 6.343757e-002 8.803829e-003 3.643783e-002 8.165199e-002 -1.055959e+000 4.788704e+000 1.063444e+001
1.260000e+000 5.729500e-002 7.376534e-003 2.842337e-002 7.073600e-002 -1.051532e+000 3.953249e+000 1.016156e+001
1.270000e+000 3.722912e-002 2.500942e-003 1.114779e-002 4.584928e-002 -9.999048e-001 2.441901e+000 8.281169e+000
1.280000e+000 2.727441e-002 1.265633e-003 5.533138e-003 3.144990e-002 -9.554983e-001 1.768138e+000 7.295188e+000
1.290000e+000 2.869945e-002 1.457730e-003 4.776888e-003 3.245120e-002 -9.617417e-001 2.266645e+000 7.532779e+000
1.300000e+000 2.138790e-002 8.282818e-004 8.755208e-004 2.268311e-002 -9.211791e-001 1.897720e+000 6.891006e+000
1.310000e+000 2.061332e-002 7.219573e-004 3.115039e-003 2.204225e-002 -9.148459e-001 1.738809e+000 6.556755e+000
1.320000e+000 1.936208e-002 6.347264e-004 1.866667e-003 1.659281e-002 -8.989019e-001 1.759787e+000 6.769629e+000
1.330000e+000 1.703982e-002 5.015536e-004 2.449089e-003 1.561478e-002 -8.796857e-001 1.240701e+000 6.628433e+000
1.340000e+000 1.502730e-002 4.000862e-004 -1.050521e-003 1.195199e-002 -8.752090e-001 1.201022e+000 5.883926e+000
1.350000e+000 1.391370e-002 3.307949e-004 1.534115e-003 1.079411e-002 -8.246585e-001 1.670476e+000 6.421991e+000
1.360000e+000 1.349259e-002 2.882264e-004 3.312500e-003 1.054919e-002 -8.304048e-001 1.520657e+000 6.036903e+000
1.370000e+000 1.113567e-002 2.111116e-004 3.369922e-003 7.038346e-003 -7.994814e-001 9.479982e-001 5.840024e+000
1.380000e+000 1.102559e-002 2.014904e-004 -5.754557e-004 7.160872e-003 -7.908342e-001 1.342201e+000 6.046707e+000
1.390000e+000 1.017266e-002 1.792193e-004 -1.408919e-003 3.676628e-003 -7.818394e-001 1.187104e+000 5.797652e+000
1.400000e+000 9.707372e-003 1.521387e-004 -1.599805e-003 2.806250e-003 -7.670539e-001 1.118798e+000 5.742427e+000
1.410000e+000 1.121101e-002 2.196557e-004 7.178255e-003 9.037174e-003 -7.587370e-001 1.059333e+000 6.639808e+000
1.420000e+000 8.439684e-003 1.237173e-004 -2.426367e-003 5.686361e-003 -7.458981e-001 9.773060e-001 5.363000e+000
1.430000e+000 8.103742e-003 1.033567e-004 -1.697461e-003 5.608952e-003 -7.347960e-001 8.573704e-001 5.499639e+000
1.440000e+000 8.819559e-003 1.293891e-004 4.116602e-003 3.448047e-003 -7.185089e-001 1.107663e+000 5.791254e+000
1.450000e+000 7.698153e-003 1.053520e-004 2.770833e-004 9.519206e-004 -7.125456e-001 7.538135e-001 5.709903e+000
1.460000e+000 6.983867e-003 8.317071e-005 4.657617e-003 1.086458e-003 -7.071958e-001 7.661181e-001 5.555032e+000
1.470000e+000 7.729959e-003 1.026936e-004 -2.098177e-003 4.448307e-003 -7.056068e-001 8.173887e-001 5.717553e+000
1.480000e+000 8.239577e-003 1.170288e-004 4.677214e-003 3.184570e-004 -6.832656e-001 9.273299e-001 6.582066e+000
1.490000e+000 6.525167e-003 7.189350e-005 3.036458e-004 -1.055339e-004 -6.874634e-001 7.552058e-001 5.598877e+000
1.500000e+000 6.387409e-003 6.889630e-005 -2.629557e-004 3.427409e-004 -6.694587e-001 5.795272e-001 5.684369e+000
1.510000e+000 5.865087e-003 5.635521e-005 2.515430e-003 1.999382e-003 -6.492940e-001 8.484689e-001 5.142205e+000
1.520000e+000 5.746377e-003 5.793458e-005 8.305990e-004 -3.430990e-004 -6.597922e-001 8.932547e-001 5.284467e+000
1.530000e+000 4.904038e-003 3.888257e-005 -5.317253e-003 -5.035254e-003 -6.249552e-001 8.584181e-001 4.871614e+000
1.540000e+000 6.671418e-003 7.607137e-005 -1.290365e-003 3.744987e-003 -6.631588e-001 6.472528e-001 5.740864e+000
1.550000e+000 5.901249e-003 5.837733e-005 3.655208e-003 1.678711e-004 -6.249620e-001 4.560923e-001 5.793512e+000
1.560000e+000 5.197855e-003 4.216570e-005 3.735677e-004 1.522884e-003 -6.268052e-001 4.186700e-001 5.272510e+000
1.570000e+000 5.288835e-003 4.780773e-005 5.397331e-003 7.003906e-004 -6.034208e-001 6.782451e-001 5.331669e+000
1.580000e+000 5.999529e-003 5.890908e-005 -1.672721e-003 1.434798e-003 -6.188283e-001 5.165695e-001 5.994339e+000
1.590000e+000 4.737192e-003 3.630670e-005 -6.789714e-004 -3.711589e-003 -5.912021e-001 5.227036e-001 5.199054e+000
1.600000e+000 5.118556e-003 4.307048e-005 4.752604e-006 7.169271e-004 -6.223340e-001 4.688431e-001 5.299588e+000
1.610000e+000 4.566694e-003 3.474693e-005 5.919531e-003 -1.562337e-003 -5.774236e-001 6.080316e-001 5.422811e+000
1.620000e+000 5.465617e-003 5.031858e-005 -2.028646e-004 -2.554883e-003 -6.002022e-001 4.560181e-001 6.032274e+000
1.630000e+000 5.302742e-003 5.132174e-005 8.740885e-004 1.066113e-003 -5.801803e-001 5.797821e-001 5.636279e+000
1.640000e+000 4.428944e-003 3.425652e-005 -1.274154e-003 -6.578451e-004 -5.755972e-001 7.452543e-001 5.273892e+000
1.650000e+000 4.086358e-003 2.814763e-005 -2.702214e-003 6.096354e-004 -5.608955e-001 5.184908e-001 4.832341e+000
1.660000e+000 3.932076e-003 2.478503e-005 2.482943e-003 -2.932259e-003 -5.637413e-001 3.972900e-001 4.743627e+000
1.670000e+000 3.485295e-003 2.063264e-005 -9.972266e-003 -7.775716e-004 -5.460021e-001 4.289430e-001 4.432909e+000
1.680000e+000 3.812483e-003 2.619264e-005 2.775521e-003 -2.656250e-004 -5.573040e-001 4.380545e-001 4.370275e+000
1.690000e+000 5.039253e-003 4.280309e-005 1.479883e-003 -6.500651e-005 -5.431018e-001 5.185637e-001 6.542872e+000
1.700000e+000 4.054452e-003 2.726082e-005 -4.829427e-004 -1.078255e-003 -5.560452e-001 4.671729e-001 4.932411e+000
1.710000e+000 4.436094e-003 3.133023e-005 3.840104e-003 -3.849284e-004 -5.499780e-001 3.453740e-001 6.007715e+000
1.720000e+000 3.753487e-003 2.427223e-005 2.474674e-003 -2.399284e-003 -5.498661e-001 3.864710e-001 4.830265e+000
1.730000e+000 3.642650e-003 2.241284e-005 2.341016e-003 1.054395e-003 -5.092785e-001 4.279272e-001 4.860634e+000
1.740000e+000 3.715773e-003 3.434352e-005 3.947266e-004 -2.576139e-003 -5.168106e-001 5.656925e-001 5.562211e+000
1.750000e+000 3.808007e-003 2.559316e-005 4.825326e-003 -4.875521e-003 -5.128037e-001 4.265991e-001 5.693639e+000
1.760000e+000 4.422745e-003 3.078627e-005 -8.572266e-004 -8.580729e-004 -4.967896e-001 4.909871e-001 6.104357e+000
1.770000e+000 3.963862e-003 2.663534e-005 -5.673828e-004 -1.176432e-004 -5.156509e-001 4.122799e-001 5.672378e+000
1.780000e+000 3.733163e-003 2.371723e-005 -4.002279e-003 1.292936e-003 -5.097072e-001 5.022999e-001 5.440032e+000
1.790000e+000 3.845037e-003 2.551356e-005 -2.688086e-003 1.260937e-003 -5.053770e-001 3.722168e-001 5.404830e+000
1.800000e+000 3.587273e-003 2.152931e-005 -1.993424e-003 -2.642546e-003 -4.969876e-001 3.046409e-001 5.060973e+000
1.810000e+000 3.180003e-003 1.582843e-005 -3.063151e-003 -4.836296e-003 -4.861475e-001 3.188850e-001 4.972457e+000
1.820000e+000 3.163519e-003 1.575122e-005 -5.006055e-003 2.816471e-003 -4.722896e-001 3.466366e-001 5.199276e+000
1.830000e+000 3.396464e-003 1.940329e-005 5.086328e-003 -9.554036e-005 -4.933238e-001 1.970255e-001 5.240355e+000
1.840000e+000 3.063233e-003 1.533080e-005 -4.294922e-003 -2.668262e-003 -4.840764e-001 4.271074e-001 4.796244e+000
1.850000e+000 3.974127e-003 2.730503e-005 2.098112e-003 -2.711654e-003 -4.817589e-001 4.659924e-001 6.858991e+000
1.860000e+000 3.478717e-003 2.150683e-005 2.315755e-003 9.216471e-004 -4.789039e-001 4.169991e-001 5.487634e+000
1.870000e+000 3.524336e-003 2.185220e-005 -1.955664e-003 2.221354e-003 -4.679066e-001 3.332725e-001 5.710389e+000
1.880000e+000 4.027927e-003 2.745783e-005 2.071875e-003 5.230566e-003 -4.408365e-001 2.644155e-001 6.733965e+000
1.890000e+000 3.896092e-003 2.537481e-005 5.256510e-003 1.551530e-003 -4.822052e-001 4.105644e-001 6.295731e+000
1.900000e+000 3.198783e-003 1.640208e-005 -5.912174e-003 -5.943717e-003 -4.598895e-001 2.827911e-001 5.485829e+000
1.910000e+000 3.490618e-003 2.091907e-005 5.819661e-004 5.681315e-004 -4.427428e-001 2.619222e-001 6.268749e+000
1.920000e+000 2.637902e-003 1.235609e-005 -1.194857e-003 2.498893e-003 -4.645358e-001 2.333821e-001 4.416795e+000
1.930000e+000 3.083532e-003 1.530513e-005 -2.943359e-004 9.997396e-004 -4.524120e-001 2.567710e-001 5.333116e+000
1.940000e+000 2.589174e-003 1.006404e-005 1.849023e-003 1.489388e-003 -4.484286e-001 3.232395e-001 4.445607e+000
1.950000e+000 3.187833e-003 1.752323e-005 -1.711003e-003 2.191699e-003 -4.400920e-001 2.847754e-001 5.356795e+000
1.960000e+000 3.505264e-003 2.226656e-005 6.570833e-003 4.931055e-003 -4.295417e-001 2.833004e-001 6.667742e+000
1.970000e+000 3.409495e-003 1.775641e-005 -1.955273e-003 2.179395e-003 -4.362132e-001 2.571179e-001 5.692526e+000
1.980000e+000 2.609613e-003 1.136975e-005 2.260417e-003 2.596387e-003 -4.254956e-001 1.934723e-001 4.973173e+000
1.990000e+000 3.658848e-003 2.042889e-005 -1.359961e-003 -3.869271e-003 -4.355260e-001 3.334857e-001 6.402060e+000
2.000000e+000 2.896593e-003 1.337202e-005 1.437695e-003 1.783333e-003 -4.232242e-001 2.433607e-001 5.690061e+000
