# Temperature Magnetization2 Magnetization4 Correlation2 Correlation4 Energy Energy2 HeatCapacity CorrelationLength
0.000000e+000 1.000000e+000 1.000000e+000 1.000000e+000 1.000000e+000 -2.000000e+000 -1.#IND00e+000 2.456717e+016
1.000000e-002 1.000000e+000 1.000000e+000 1.000000e+000 1.000000e+000 -2.000000e+000 0.000000e+000 2.456717e+016
2.000000e-002 1.000000e+000 1.000000e+000 1.000000e+000 1.000000e+000 -2.000000e+000 0.000000e+000 2.456717e+016
3.000000e-002 1.000000e+000 1.000000e+000 1.000000e+000 1.000000e+000 -2.000000e+000 0.000000e+000 2.456717e+016
4.000000e-002 1.000000e+000 1.000000e+000 1.000000e+000 1.000000e+000 -2.000000e+000 0.000000e+000 2.456717e+016
5.000000e-002 1.000000e+000 1.000000e+000 1.000000e+000 1.000000e+000 -2.000000e+000 0.000000e+000 2.456717e+016
6.000000e-002 1.000000e+000 1.000000e+000 1.000000e+000 1.000000e+000 -2.000000e+000 0.000000e+000 2.456717e+016
7.000000e-002 1.000000e+000 1.000000e+000 1.000000e+000 1.000000e+000 -2.000000e+000 0.000000e+000 2.456717e+016
8.000000e-002 1.000000e+000 1.000000e+000 1.000000e+000 1.000000e+000 -2.000000e+000 0.000000e+000 2.456717e+016
9.000000e-002 1.000000e+000 1.000000e+000 1.000000e+000 1.000000e+000 -2.000000e+000 0.000000e+000 2.456717e+016
1.000000e-001 1.000000e+000 1.000000e+000 1.000000e+000 1.000000e+000 -2.000000e+000 0.000000e+000 2.456717e+016
1.100000e-001 1.000000e+000 1.000000e+000 1.000000e+000 1.000000e+000 -2.000000e+000 0.000000e+000 2.456717e+016
1.200000e-001 1.000000e+000 1.000000e+000 1.000000e+000 1.000000e+000 -2.000000e+000 0.000000e+000 2.456717e+016
1.300000e-001 1.000000e+000 1.000000e+000 1.000000e+000 1.000000e+000 -2.000000e+000 0.000000e+000 2.456717e+016
1.400000e-001 1.000000e+000 1.000000e+000 1.000000e+000 1.000000e+000 -2.000000e+000 0.000000e+000 2.456717e+016
1.500000e-001 1.000000e+000 1.000000e+000 1.000000e+000 1.000000e+000 -2.000000e+000 0.000000e+000 2.456717e+016
1.600000e-001 1.000000e+000 1.000000e+000 1.000000e+000 1.000000e+000 -2.000000e+000 0.000000e+000 2.456717e+016
1.700000e-001 1.000000e+000 1.000000e+000 1.000000e+000 1.000000e+000 -2.000000e+000 0.000000e+000 2.456717e+016
1.800000e-001 1.000000e+000 1.000000e+000 1.000000e+000 1.000000e+000 -2.000000e+000 0.000000e+000 2.456717e+016
1.900000e-001 1.000000e+000 1.000000e+000 1.000000e+000 1.000000e+000 -2.000000e+000 0.000000e+000 2.456717e+016
2.000000e-001 1.000000e+000 1.000000e+000 1.000000e+000 1.000000e+000 -2.000000e+000 0.000000e+000 2.456717e+016
2.100000e-001 1.000000e+000 1.000000e+000 1.000000e+000 1.000000e+000 -2.000000e+000 0.000000e+000 2.456717e+016
2.200000e-001 1.000000e+000 1.000000e+000 1.000000e+000 1.000000e+000 -2.000000e+000 0.000000e+000 2.456717e+016
2.300000e-001 1.000000e+000 1.000000e+000 1.000000e+000 1.000000e+000 -2.000000e+000 0.000000e+000 2.456717e+016
2.400000e-001 1.000000e+000 1.000000e+000 1.000000e+000 1.000000e+000 -2.000000e+000 0.000000e+000 2.456717e+016
2.500000e-001 1.000000e+000 1.000000e+000 1.000000e+000 1.000000e+000 -2.000000e+000 0.000000e+000 2.456717e+016
2.600000e-001 1.000000e+000 1.000000e+000 1.000000e+000 1.000000e+000 -2.000000e+000 0.000000e+000 2.456717e+016
2.700000e-001 1.000000e+000 1.000000e+000 1.000000e+000 1.000000e+000 -2.000000e+000 0.000000e+000 2.456717e+016
2.800000e-001 1.000000e+000 1.000000e+000 1.000000e+000 1.000000e+000 -2.000000e+000 0.000000e+000 2.456717e+016
2.900000e-001 1.000000e+000 1.000000e+000 1.000000e+000 1.000000e+000 -2.000000e+000 0.000000e+000 2.456717e+016
3.000000e-001 9.999973e-001 9.999945e-001 9.999973e-001 9.999973e-001 -1.999995e+000 3.237338e-004 1.396058e+005
3.100000e-001 9.999990e-001 9.999979e-001 9.999990e-001 9.999990e-001 -1.999998e+000 1.155741e-004 2.261874e+005
3.200000e-001 1.000000e+000 1.000000e+000 1.000000e+000 1.000000e+000 -2.000000e+000 0.000000e+000 2.456717e+016
3.300000e-001 1.000000e+000 1.000000e+000 1.000000e+000 1.000000e+000 -2.000000e+000 0.000000e+000 2.456717e+016
3.400000e-001 9.999997e-001 9.999995e-001 9.999997e-001 9.999997e-001 -1.999999e+000 2.402681e-005 4.523749e+005
3.500000e-001 9.999973e-001 9.999945e-001 9.999973e-001 9.999973e-001 -1.999995e+000 2.378452e-004 1.396058e+005
3.600000e-001 9.999925e-001 9.999849e-001 9.999924e-001 9.999924e-001 -1.999985e+000 6.197681e-004 8.400361e+004
3.700000e-001 9.999986e-001 9.999971e-001 9.999986e-001 9.999986e-001 -1.999997e+000 1.115367e-004 1.928932e+005
3.800000e-001 9.999957e-001 9.999914e-001 9.999957e-001 9.999957e-001 -1.999991e+000 3.168816e-004 1.113668e+005
3.900000e-001 9.999934e-001 9.999867e-001 9.999934e-001 9.999934e-001 -1.999987e+000 4.645148e-004 8.958330e+004
4.000000e-001 9.999886e-001 9.999771e-001 9.999885e-001 9.999885e-001 -1.999977e+000 7.605278e-004 6.819770e+004
4.100000e-001 9.999827e-001 9.999654e-001 9.999827e-001 9.999827e-001 -1.999965e+000 1.091575e-003 5.547330e+004
4.200000e-001 9.999770e-001 9.999540e-001 9.999770e-001 9.999770e-001 -1.999954e+000 1.381280e-003 4.808636e+004
4.300000e-001 9.999589e-001 9.999179e-001 9.999589e-001 9.999589e-001 -1.999918e+000 2.336152e-003 3.598828e+004
4.400000e-001 9.999593e-001 9.999187e-001 9.999592e-001 9.999592e-001 -1.999918e+000 2.310761e-003 3.597499e+004
4.500000e-001 9.999420e-001 9.998841e-001 9.999419e-001 9.999419e-001 -1.999884e+000 3.066721e-003 3.023524e+004
4.600000e-001 9.999373e-001 9.998748e-001 9.999372e-001 9.999372e-001 -1.999874e+000 3.441923e-003 2.914211e+004
4.700000e-001 9.998851e-001 9.997706e-001 9.998850e-001 9.998850e-001 -1.999770e+000 5.407271e-003 2.152150e+004
4.800000e-001 9.998407e-001 9.996818e-001 9.998405e-001 9.998405e-001 -1.999683e+000 7.173593e-003 1.811564e+004
4.900000e-001 9.998546e-001 9.997096e-001 9.998544e-001 9.998544e-001 -1.999715e+000 6.535058e-003 1.847469e+004
5.000000e-001 9.998193e-001 9.996392e-001 9.998191e-001 9.998191e-001 -1.999640e+000 7.579809e-003 1.701065e+004
5.100000e-001 9.997682e-001 9.995372e-001 9.997680e-001 9.997680e-001 -1.999549e+000 9.418114e-003 1.440619e+004
5.200000e-001 9.996937e-001 9.993883e-001 9.996934e-001 9.996934e-001 -1.999388e+000 1.222714e-002 1.320381e+004
5.300000e-001 9.996375e-001 9.992760e-001 9.996371e-001 9.996371e-001 -1.999279e+000 1.306795e-002 1.200869e+004
5.400000e-001 9.995482e-001 9.990978e-001 9.995477e-001 9.995477e-001 -1.999105e+000 1.741831e-002 1.063272e+004
5.500000e-001 9.995254e-001 9.990524e-001 9.995249e-001 9.995252e-001 -1.999056e+000 1.765769e-002 1.047904e+004
5.600000e-001 9.993626e-001 9.987275e-001 9.993618e-001 9.993619e-001 -1.998731e+000 2.343702e-002 9.109956e+003
5.700000e-001 9.992907e-001 9.985837e-001 9.992900e-001 9.992899e-001 -1.998595e+000 2.232992e-002 8.477445e+003
5.800000e-001 9.992059e-001 9.984145e-001 9.992049e-001 9.992050e-001 -1.998422e+000 2.456049e-002 8.047109e+003
5.900000e-001 9.990444e-001 9.980923e-001 9.990438e-001 9.990433e-001 -1.998100e+000 2.939026e-002 7.372162e+003
6.000000e-001 9.988192e-001 9.976430e-001 9.988178e-001 9.988182e-001 -1.997663e+000 3.445403e-002 6.559422e+003
6.100000e-001 9.985065e-001 9.970196e-001 9.985046e-001 9.985047e-001 -1.997085e+000 4.327472e-002 5.670816e+003
6.200000e-001 9.984254e-001 9.968576e-001 9.984238e-001 9.984250e-001 -1.996891e+000 4.357415e-002 5.649663e+003
6.300000e-001 9.981571e-001 9.963229e-001 9.981549e-001 9.981547e-001 -1.996389e+000 5.058998e-002 5.142308e+003
6.400000e-001 9.979984e-001 9.960062e-001 9.979958e-001 9.979960e-001 -1.996042e+000 5.196404e-002 5.057275e+003
6.500000e-001 9.976244e-001 9.952611e-001 9.976210e-001 9.976224e-001 -1.995326e+000 6.047177e-002 4.630348e+003
6.600000e-001 9.972798e-001 9.945756e-001 9.972762e-001 9.972795e-001 -1.994724e+000 7.188177e-002 4.092914e+003
6.700000e-001 9.970068e-001 9.940313e-001 9.970052e-001 9.970017e-001 -1.994149e+000 7.334657e-002 4.017749e+003
6.800000e-001 9.962246e-001 9.924756e-001 9.962199e-001 9.962246e-001 -1.992659e+000 9.644824e-002 3.518270e+003
6.900000e-001 9.963235e-001 9.926712e-001 9.963186e-001 9.963203e-001 -1.992803e+000 8.462035e-002 3.659793e+003
7.000000e-001 9.956185e-001 9.912689e-001 9.956124e-001 9.956155e-001 -1.991451e+000 9.629047e-002 3.293753e+003
7.100000e-001 9.950388e-001 9.901168e-001 9.950333e-001 9.950302e-001 -1.990356e+000 1.085239e-001 3.094034e+003
7.200000e-001 9.944615e-001 9.889700e-001 9.944585e-001 9.944554e-001 -1.989242e+000 1.166520e-001 2.902369e+003
7.300000e-001 9.938571e-001 9.877706e-001 9.938510e-001 9.938483e-001 -1.988133e+000 1.273952e-001 2.716845e+003
7.400000e-001 9.928276e-001 9.857291e-001 9.928161e-001 9.928161e-001 -1.986151e+000 1.473901e-001 2.503586e+003
7.500000e-001 9.923456e-001 9.847715e-001 9.923333e-001 9.923365e-001 -1.985291e+000 1.378826e-001 2.429823e+003
7.600000e-001 9.916235e-001 9.833437e-001 9.916201e-001 9.916122e-001 -1.983866e+000 1.637304e-001 2.325343e+003
7.700000e-001 9.905258e-001 9.811735e-001 9.905115e-001 9.905073e-001 -1.981828e+000 1.898469e-001 2.151760e+003
7.800000e-001 9.894174e-001 9.789795e-001 9.894023e-001 9.894056e-001 -1.979821e+000 1.847788e-001 2.021861e+003
7.900000e-001 9.884060e-001 9.769841e-001 9.883918e-001 9.883938e-001 -1.977854e+000 2.080398e-001 1.943331e+003
8.000000e-001 9.874790e-001 9.751569e-001 9.874606e-001 9.874585e-001 -1.976188e+000 2.209585e-001 1.850556e+003
8.100000e-001 9.864027e-001 9.730362e-001 9.863935e-001 9.863893e-001 -1.974097e+000 2.385109e-001 1.754622e+003
8.200000e-001 9.851577e-001 9.705845e-001 9.851489e-001 9.851248e-001 -1.971933e+000 2.409504e-001 1.673697e+003
8.300000e-001 9.834488e-001 9.672290e-001 9.834260e-001 9.834336e-001 -1.968797e+000 2.736022e-001 1.567989e+003
8.400000e-001 9.820504e-001 9.644847e-001 9.820275e-001 9.820297e-001 -1.966167e+000 2.861208e-001 1.505006e+003
8.500000e-001 9.802831e-001 9.610212e-001 9.802676e-001 9.802562e-001 -1.962957e+000 2.992889e-001 1.413066e+003
8.600000e-001 9.788120e-001 9.581471e-001 9.787915e-001 9.787847e-001 -1.960258e+000 3.208567e-001 1.366332e+003
8.700000e-001 9.764680e-001 9.535741e-001 9.764303e-001 9.764294e-001 -1.956126e+000 3.482422e-001 1.273204e+003
8.800000e-001 9.747997e-001 9.503294e-001 9.747591e-001 9.747773e-001 -1.953129e+000 3.825086e-001 1.204360e+003
8.900000e-001 9.728093e-001 9.464589e-001 9.727712e-001 9.727837e-001 -1.949546e+000 4.006497e-001 1.153436e+003
9.000000e-001 9.704589e-001 9.419070e-001 9.704230e-001 9.704261e-001 -1.945403e+000 4.374416e-001 1.102875e+003
9.100000e-001 9.683457e-001 9.378176e-001 9.683339e-001 9.682959e-001 -1.941705e+000 4.491285e-001 1.078991e+003
9.200000e-001 9.651429e-001 9.316314e-001 9.651215e-001 9.650713e-001 -1.936213e+000 4.492492e-001 9.975506e+002
9.300000e-001 9.621976e-001 9.259717e-001 9.621662e-001 9.621377e-001 -1.930871e+000 4.920339e-001 9.516580e+002
9.400000e-001 9.595322e-001 9.208726e-001 9.595055e-001 9.594587e-001 -1.926467e+000 5.507078e-001 9.108683e+002
9.500000e-001 9.560269e-001 9.141632e-001 9.559860e-001 9.559541e-001 -1.920469e+000 5.498204e-001 8.596306e+002
9.600000e-001 9.525079e-001 9.074827e-001 9.524126e-001 9.524186e-001 -1.914775e+000 6.179651e-001 7.999554e+002
9.700000e-001 9.497653e-001 9.022660e-001 9.496702e-001 9.496950e-001 -1.909689e+000 6.000604e-001 7.884502e+002
9.800000e-001 9.441181e-001 8.916026e-001 9.440094e-001 9.440392e-001 -1.900419e+000 6.664717e-001 7.346982e+002
9.900000e-001 9.408869e-001 8.855430e-001 9.407547e-001 9.407668e-001 -1.895260e+000 7.279524e-001 7.031814e+002
1.000000e+000 9.359019e-001 8.762401e-001 9.357663e-001 9.357792e-001 -1.887283e+000 8.198037e-001 6.519911e+002
1.010000e+000 9.303235e-001 8.658501e-001 9.302089e-001 9.301698e-001 -1.878619e+000 8.311939e-001 6.014565e+002
1.020000e+000 9.254959e-001 8.569171e-001 9.252970e-001 9.253413e-001 -1.870323e+000 8.629224e-001 5.878613e+002
1.030000e+000 9.202304e-001 8.472364e-001 9.200738e-001 9.200632e-001 -1.862531e+000 8.766233e-001 5.448134e+002
1.040000e+000 9.138157e-001 8.355431e-001 9.136337e-001 9.137185e-001 -1.852324e+000 9.889690e-001 5.100974e+002
1.050000e+000 9.064088e-001 8.221789e-001 9.062345e-001 9.062684e-001 -1.841221e+000 1.135946e+000 4.775046e+002
1.060000e+000 9.003169e-001 8.111275e-001 9.000695e-001 9.000865e-001 -1.831710e+000 1.054269e+000 4.594969e+002
1.070000e+000 8.923332e-001 7.969892e-001 8.920095e-001 8.920343e-001 -1.820025e+000 1.237392e+000 4.279984e+002
1.080000e+000 8.851480e-001 7.842706e-001 8.847992e-001 8.848870e-001 -1.809543e+000 1.313271e+000 4.020131e+002
1.090000e+000 8.714529e-001 7.603970e-001 8.710620e-001 8.711272e-001 -1.790544e+000 1.377336e+000 3.564980e+002
1.100000e+000 8.624727e-001 7.448688e-001 8.622633e-001 8.620806e-001 -1.777697e+000 1.473871e+000 3.390544e+002
1.110000e+000 8.519940e-001 7.270850e-001 8.514592e-001 8.515752e-001 -1.762743e+000 1.640838e+000 3.138958e+002
1.120000e+000 8.396136e-001 7.064024e-001 8.390006e-001 8.391231e-001 -1.746454e+000 1.822430e+000 2.855949e+002
1.130000e+000 8.266469e-001 6.850170e-001 8.258901e-001 8.260871e-001 -1.729325e+000 1.933291e+000 2.651438e+002
1.140000e+000 8.122828e-001 6.618381e-001 8.115355e-001 8.115524e-001 -1.711463e+000 2.175545e+000 2.428901e+002
1.150000e+000 7.892462e-001 6.253291e-001 7.880926e-001 7.884426e-001 -1.684540e+000 2.239026e+000 2.041993e+002
1.160000e+000 7.679973e-001 5.927600e-001 7.663315e-001 7.675028e-001 -1.659510e+000 2.455003e+000 1.792111e+002
1.170000e+000 7.442166e-001 5.576451e-001 7.424924e-001 7.434711e-001 -1.632682e+000 2.899777e+000 1.584548e+002
1.180000e+000 7.135067e-001 5.144034e-001 7.114771e-001 7.125782e-001 -1.600951e+000 3.162725e+000 1.329272e+002
1.190000e+000 6.736500e-001 4.611141e-001 6.703680e-001 6.731618e-001 -1.561371e+000 3.907439e+000 1.086947e+002
1.200000e+000 6.240056e-001 4.023913e-001 6.193054e-001 6.245624e-001 -1.518086e+000 5.683882e+000 8.445954e+001
1.210000e+000 4.960655e-001 2.832761e-001 4.853074e-001 5.014155e-001 -1.417855e+000 1.392958e+001 5.105506e+001
1.220000e+000 3.448531e-001 1.633927e-001 3.242670e-001 3.588613e-001 -1.311050e+000 1.428269e+001 3.179460e+001
1.230000e+000 1.842947e-001 6.194200e-002 1.580902e-001 2.068110e-001 -1.191802e+000 1.028147e+001 1.914047e+001
1.240000e+000 9.142559e-002 1.728157e-002 5.918822e-002 1.132385e-001 -1.105551e+000 4.718422e+000 1.242574e+001
1.250000e+000 5.518924e-002 6.183600e-003 2.698320e-002 7.248148e-002 -1.039107e+000 4.539050e+000 9.840417e+000
1.260000e+000 5.082973e-002 5.323311e-003 2.295339e-002 6.213408e-002 -1.036453e+000 3.666348e+000 9.628032e+000
1.270000e+000 3.907366e-002 2.775525e-003 1.142064e-002 4.883913e-002 -1.000190e+000 2.662699e+000 8.668273e+000
1.280000e+000 2.890411e-002 1.509100e-003 8.152344e-003 3.436406e-002 -9.680658e-001 1.949304e+000 7.391808e+000
1.290000e+000 2.450456e-002 1.100744e-003 6.033203e-003 2.768564e-002 -9.399723e-001 2.108163e+000 7.068814e+000
1.300000e+000 2.256838e-002 8.853518e-004 4.227669e-003 2.664753e-002 -9.179361e-001 3.133550e+000 7.057632e+000
1.310000e+000 1.929436e-002 6.498129e-004 -9.735677e-004 2.021172e-002 -9.110460e-001 1.895002e+000 6.388719e+000
1.320000e+000 1.878237e-002 5.940246e-004 -9.602865e-004 1.807044e-002 -8.946820e-001 1.494074e+000 6.694898e+000
1.330000e+000 1.817617e-002 5.508854e-004 -1.540560e-003 1.557900e-002 -8.876028e-001 1.576985e+000 6.680441e+000
1.340000e+000 1.477469e-002 3.720186e-004 3.349349e-003 1.093649e-002 -8.649979e-001 1.255155e+000 6.070662e+000
1.350000e+000 1.233144e-002 2.555038e-004 1.890039e-003 5.440625e-003 -8.380618e-001 1.377357e+000 5.786158e+000
1.360000e+000 1.232649e-002 2.655957e-004 1.773177e-003 6.900716e-003 -8.196920e-001 1.590289e+000 5.908715e+000
1.370000e+000 1.305864e-002 3.126708e-004 4.892122e-003 9.408561e-003 -8.051040e-001 1.451053e+000 6.537859e+000
1.380000e+000 1.083013e-002 2.001918e-004 -1.600260e-004 8.229590e-003 -7.713827e-001 1.345099e+000 5.944251e+000
1.390000e+000 1.066193e-002 1.954749e-004 -8.609375e-004 8.008496e-003 -7.915370e-001 1.060499e+000 5.764738e+000
1.400000e+000 1.069784e-002 1.958429e-004 7.610677e-005 9.305990e-003 -7.741624e-001 1.412098e+000 5.992829e+000
1.410000e+000 8.082266e-003 1.057103e-004 -9.587891e-004 4.938444e-003 -7.514597e-001 8.614325e-001 4.934107e+000
1.420000e+000 9.412801e-003 1.437497e-004 4.944010e-004 6.597038e-003 -7.473301e-001 1.079414e+000 5.965329e+000
1.430000e+000 7.452576e-003 9.668757e-005 2.634375e-003 9.934570e-004 -7.277212e-001 6.596520e-001 5.434260e+000
1.440000e+000 8.797086e-003 1.253577e-004 -1.691536e-003 4.605208e-003 -7.387579e-001 1.070109e+000 5.675112e+000
1.450000e+000 8.187911e-003 1.167130e-004 1.956315e-003 3.956315e-003 -7.152435e-001 1.122459e+000 5.616646e+000
1.460000e+000 6.634476e-003 7.040932e-005 -2.761523e-003 3.579753e-004 -7.066928e-001 7.507105e-001 5.095323e+000
1.470000e+000 7.048720e-003 8.097585e-005 -4.121159e-003 3.538477e-003 -6.877852e-001 5.345298e-001 5.493727e+000
1.480000e+000 7.475068e-003 9.851812e-005 -1.672005e-003 9.546875e-004 -6.854277e-001 7.139617e-001 6.312076e+000
1.490000e+000 6.298508e-003 6.321642e-005 1.743555e-003 1.172624e-003 -6.780841e-001 7.276434e-001 5.038707e+000
1.500000e+000 7.015037e-003 8.228902e-005 6.397786e-004 2.310547e-004 -6.666090e-001 6.341008e-001 5.813628e+000
1.510000e+000 5.739272e-003 5.712028e-005 -1.570898e-003 1.296029e-003 -6.573579e-001 7.280004e-001 4.907062e+000
1.520000e+000 5.735377e-003 5.461688e-005 -3.424479e-005 -1.035124e-003 -6.347581e-001 7.456927e-001 5.480248e+000
1.530000e+000 6.125575e-003 5.872188e-005 -5.494076e-003 1.129753e-003 -6.414408e-001 6.150950e-001 5.986776e+000
1.540000e+000 6.733914e-003 7.674418e-005 7.631510e-004 1.935872e-003 -6.529837e-001 6.195829e-001 6.227150e+000
1.550000e+000 5.341651e-003 4.665483e-005 5.417318e-003 4.759115e-005 -6.278877e-001 5.318953e-001 5.093404e+000
1.560000e+000 5.902743e-003 5.466501e-005 -1.805339e-003 3.563802e-003 -6.332122e-001 6.255277e-001 5.616500e+000
1.570000e+000 4.629272e-003 3.515084e-005 3.525391e-004 9.554362e-004 -6.046410e-001 8.870148e-001 5.181449e+000
1.580000e+000 5.515843e-003 5.076956e-005 -2.918620e-003 -2.516895e-003 -6.240771e-001 7.307403e-001 5.714611e+000
1.590000e+000 4.466786e-003 3.447846e-005 2.260482e-003 1.573079e-003 -6.003774e-001 3.592383e-001 4.937023e+000
1.600000e+000 5.002649e-003 4.238309e-005 5.376758e-003 -2.061165e-003 -5.857883e-001 4.030706e-001 5.760592e+000
1.610000e+000 4.537273e-003 3.356862e-005 2.752604e-004 -6.975260e-004 -5.884867e-001 7.066961e-001 5.452593e+000
1.620000e+000 4.662892e-003 4.017058e-005 -4.282357e-003 2.335352e-003 -5.952548e-001 6.166376e-001 5.334092e+000
1.630000e+000 4.771596e-003 3.688233e-005 2.280143e-003 1.457324e-003 -5.803880e-001 5.617196e-001 5.605464e+000
1.640000e+000 4.063138e-003 2.877246e-005 -1.862435e-003 -3.523828e-003 -5.698635e-001 1.174650e+000 5.053041e+000
1.650000e+000 4.448580e-003 3.256530e-005 7.763672e-004 2.337793e-003 -5.984139e-001 3.756612e-001 5.108843e+000
1.660000e+000 4.272171e-003 3.056216e-005 8.783854e-004 5.171875e-004 -5.617635e-001 6.290442e-001 5.076870e+000
1.670000e+000 3.916424e-003 2.652362e-005 -1.998763e-003 -2.453581e-003 -5.474406e-001 3.375991e-001 4.677337e+000
1.680000e+000 4.518076e-003 3.360929e-005 -5.782357e-003 2.378158e-003 -5.497775e-001 6.260027e-001 5.949874e+000
1.690000e+000 3.534274e-003 2.059158e-005 1.570117e-003 -7.026693e-004 -5.395877e-001 3.991278e-001 4.381035e+000
1.700000e+000 3.645962e-003 2.102411e-005 -1.631185e-003 8.775065e-004 -5.309332e-001 3.453341e-001 4.875702e+000
1.710000e+000 3.998304e-003 2.863005e-005 -2.891341e-003 1.701237e-003 -5.271827e-001 3.886094e-001 5.256811e+000
1.720000e+000 3.692852e-003 2.292542e-005 -2.521029e-003 -3.584961e-004 -5.227374e-001 4.517542e-001 5.601348e+000
1.730000e+000 3.228321e-003 1.697195e-005 3.646549e-003 -1.310254e-003 -5.159473e-001 2.572751e-001 4.455622e+000
1.740000e+000 2.958143e-003 1.478387e-005 -6.288411e-003 -1.516797e-003 -5.070536e-001 4.917637e-001 4.130139e+000
1.750000e+000 3.701091e-003 2.090238e-005 -2.521810e-003 -8.895833e-004 -5.204462e-001 6.063450e-001 5.287390e+000
1.760000e+000 3.834237e-003 2.377642e-005 5.091081e-003 -1.197038e-003 -5.054824e-001 2.367064e-001 5.506260e+000
1.770000e+000 3.365653e-003 1.848566e-005 -4.411458e-004 2.099316e-003 -5.042590e-001 3.785984e-001 4.709237e+000
1.780000e+000 3.081638e-003 1.545399e-005 -8.057357e-003 -3.750000e-003 -5.098034e-001 5.550150e-001 4.792128e+000
1.790000e+000 3.104341e-003 1.480027e-005 -2.126302e-004 6.805339e-004 -5.072000e-001 3.653321e-001 4.875183e+000
1.800000e+000 3.216589e-003 1.650845e-005 -6.418424e-003 -1.395182e-004 -5.037873e-001 3.785497e-001 4.490179e+000
1.810000e+000 3.377165e-003 1.886183e-005 -2.175781e-003 1.738021e-003 -4.834111e-001 2.715533e-001 5.555092e+000
1.820000e+000 3.168570e-003 1.586139e-005 -3.277409e-003 9.746094e-005 -4.920702e-001 3.186233e-001 5.297441e+000
1.830000e+000 3.243111e-003 1.831071e-005 -3.457747e-003 2.664290e-003 -4.881314e-001 2.508079e-001 4.816814e+000
1.840000e+000 3.328220e-003 1.850107e-005 6.764974e-004 -9.242513e-004 -4.780760e-001 4.293810e-001 5.419548e+000
1.850000e+000 2.592879e-003 1.104418e-005 -1.643880e-004 -3.036198e-003 -4.794559e-001 3.370732e-001 4.259598e+000
1.860000e+000 3.119241e-003 1.591993e-005 -1.461589e-003 2.764388e-003 -4.525680e-001 3.121112e-001 5.208940e+000
1.870000e+000 2.610063e-003 1.116055e-005 -1.718099e-003 -1.848307e-003 -4.501650e-001 4.952187e-001 4.470197e+000
1.880000e+000 2.955451e-003 1.431078e-005 -1.267969e-003 -1.538965e-003 -4.543230e-001 3.859513e-001 5.221117e+000
1.890000e+000 3.259433e-003 1.806384e-005 1.252930e-003 -6.236328e-004 -4.688690e-001 2.399852e-001 5.376310e+000
1.900000e+000 3.242977e-003 1.702267e-005 2.964388e-003 -1.901465e-003 -4.642997e-001 2.473767e-001 5.351789e+000
1.910000e+000 2.666733e-003 1.132055e-005 1.020833e-004 4.407585e-003 -4.453400e-001 3.210361e-001 4.577976e+000
1.920000e+000 2.697621e-003 1.143576e-005 2.866667e-003 -1.141667e-003 -4.510503e-001 2.564824e-001 4.138947e+000
1.930000e+000 2.731658e-003 1.107937e-005 2.569141e-003 -2.200456e-003 -4.522089e-001 2.743638e-001 4.836422e+000
1.940000e+000 2.620249e-003 1.356460e-005 -5.014323e-004 1.558919e-003 -4.443469e-001 3.988358e-001 4.529532e+000
1.950000e+000 3.634494e-003 2.074311e-005 -5.929427e-003 3.160645e-003 -4.447749e-001 2.903908e-001 6.389718e+000
1.960000e+000 2.595236e-003 1.116668e-005 1.287109e-003 5.134505e-003 -4.404602e-001 1.649461e-001 4.796312e+000
1.970000e+000 2.776991e-003 1.298245e-005 -4.347786e-003 -4.309766e-003 -4.416960e-001 2.565724e-001 4.570500e+000
1.980000e+000 2.923268e-003 1.293806e-005 3.857227e-003 2.681217e-003 -4.345498e-001 2.790161e-001 5.890909e+000
1.990000e+000 2.546907e-003 1.069458e-005 3.546745e-003 4.485807e-003 -4.154971e-001 3.087055e-001 4.300100e+000
2.000000e+000 3.730722e-003 2.363744e-005 4.407682e-003 3.540104e-003 -4.474708e-001 2.470164e-001 6.202898e+000
