# Temperature Magnetization2 Magnetization4 Correlation2 Correlation4 Energy Energy2 HeatCapacity CorrelationLength
0.000000e+000 1.000000e+000 1.000000e+000 1.000000e+000 1.000000e+000 -2.000000e+000 -1.#IND00e+000 2.456717e+016
1.000000e-002 1.000000e+000 1.000000e+000 1.000000e+000 1.000000e+000 -2.000000e+000 0.000000e+000 2.456717e+016
2.000000e-002 1.000000e+000 1.000000e+000 1.000000e+000 1.000000e+000 -2.000000e+000 0.000000e+000 2.456717e+016
3.000000e-002 1.000000e+000 1.000000e+000 1.000000e+000 1.000000e+000 -2.000000e+000 0.000000e+000 2.456717e+016
4.000000e-002 1.000000e+000 1.000000e+000 1.000000e+000 1.000000e+000 -2.000000e+000 0.000000e+000 2.456717e+016
5.000000e-002 1.000000e+000 1.000000e+000 1.000000e+000 1.000000e+000 -2.000000e+000 0.000000e+000 2.456717e+016
6.000000e-002 1.000000e+000 1.000000e+000 1.000000e+000 1.000000e+000 -2.000000e+000 0.000000e+000 2.456717e+016
7.000000e-002 1.000000e+000 1.000000e+000 1.000000e+000 1.000000e+000 -2.000000e+000 0.000000e+000 2.456717e+016
8.000000e-002 1.000000e+000 1.000000e+000 1.000000e+000 1.000000e+000 -2.000000e+000 0.000000e+000 2.456717e+016
9.000000e-002 1.000000e+000 1.000000e+000 1.000000e+000 1.000000e+000 -2.000000e+000 0.000000e+000 2.456717e+016
1.000000e-001 1.000000e+000 1.000000e+000 1.000000e+000 1.000000e+000 -2.000000e+000 0.000000e+000 2.456717e+016
1.100000e-001 1.000000e+000 1.000000e+000 1.000000e+000 1.000000e+000 -2.000000e+000 0.000000e+000 2.456717e+016
1.200000e-001 1.000000e+000 1.000000e+000 1.000000e+000 1.000000e+000 -2.000000e+000 0.000000e+000 2.456717e+016
1.300000e-001 1.000000e+000 1.000000e+000 1.000000e+000 1.000000e+000 -2.000000e+000 0.000000e+000 2.456717e+016
1.400000e-001 1.000000e+000 1.000000e+000 1.000000e+000 1.000000e+000 -2.000000e+000 0.000000e+000 2.456717e+016
1.500000e-001 1.000000e+000 1.000000e+000 1.000000e+000 1.000000e+000 -2.000000e+000 0.000000e+000 2.456717e+016
1.600000e-001 1.000000e+000 1.000000e+000 1.000000e+000 1.000000e+000 -2.000000e+000 0.000000e+000 2.456717e+016
1.700000e-001 1.000000e+000 1.000000e+000 1.000000e+000 1.000000e+000 -2.000000e+000 0.000000e+000 2.456717e+016
1.800000e-001 1.000000e+000 1.000000e+000 1.000000e+000 1.000000e+000 -2.000000e+000 0.000000e+000 2.456717e+016
1.900000e-001 1.000000e+000 1.000000e+000 1.000000e+000 1.000000e+000 -2.000000e+000 0.000000e+000 2.456717e+016
2.000000e-001 1.000000e+000 1.000000e+000 1.000000e+000 1.000000e+000 -2.000000e+000 0.000000e+000 2.456717e+016
2.100000e-001 1.000000e+000 1.000000e+000 1.000000e+000 1.000000e+000 -2.000000e+000 0.000000e+000 2.456717e+016
2.200000e-001 1.000000e+000 1.000000e+000 1.000000e+000 1.000000e+000 -2.000000e+000 0.000000e+000 2.456717e+016
2.300000e-001 1.000000e+000 1.000000e+000 1.000000e+000 1.000000e+000 -2.000000e+000 0.000000e+000 2.456717e+016
2.400000e-001 1.000000e+000 1.000000e+000 1.000000e+000 1.000000e+000 -2.000000e+000 0.000000e+000 2.456717e+016
2.500000e-001 1.000000e+000 1.000000e+000 1.000000e+000 1.000000e+000 -2.000000e+000 0.000000e+000 2.456717e+016
2.600000e-001 1.000000e+000 1.000000e+000 1.000000e+000 1.000000e+000 -2.000000e+000 0.000000e+000 2.456717e+016
2.700000e-001 1.000000e+000 1.000000e+000 1.000000e+000 1.000000e+000 -2.000000e+000 0.000000e+000 2.456717e+016
2.800000e-001 1.000000e+000 1.000000e+000 1.000000e+000 1.000000e+000 -2.000000e+000 0.000000e+000 2.456717e+016
2.900000e-001 1.000000e+000 1.000000e+000 1.000000e+000 1.000000e+000 -2.000000e+000 0.000000e+000 2.456717e+016
3.000000e-001 1.000000e+000 1.000000e+000 1.000000e+000 1.000000e+000 -2.000000e+000 0.000000e+000 2.456717e+016
3.100000e-001 1.000000e+000 1.000000e+000 1.000000e+000 1.000000e+000 -2.000000e+000 0.000000e+000 2.456717e+016
3.200000e-001 1.000000e+000 1.000000e+000 1.000000e+000 1.000000e+000 -2.000000e+000 0.000000e+000 2.456717e+016
3.300000e-001 1.000000e+000 1.000000e+000 1.000000e+000 1.000000e+000 -2.000000e+000 0.000000e+000 2.456717e+016
3.400000e-001 9.999988e-001 9.999977e-001 9.999988e-001 9.999988e-001 -1.999998e+000 1.080828e-004 2.132515e+005
3.500000e-001 1.000000e+000 1.000000e+000 1.000000e+000 1.000000e+000 -2.000000e+000 0.000000e+000 2.456717e+016
3.600000e-001 9.999971e-001 9.999943e-001 9.999971e-001 9.999971e-001 -1.999994e+000 2.355088e-004 1.363960e+005
3.700000e-001 9.999980e-001 9.999961e-001 9.999980e-001 9.999980e-001 -1.999996e+000 1.520651e-004 1.651838e+005
3.800000e-001 9.999915e-001 9.999831e-001 9.999915e-001 9.999915e-001 -1.999983e+000 6.231605e-004 7.935148e+004
3.900000e-001 9.999878e-001 9.999756e-001 9.999878e-001 9.999878e-001 -1.999976e+000 8.543193e-004 6.598527e+004
4.000000e-001 9.999811e-001 9.999623e-001 9.999811e-001 9.999811e-001 -1.999962e+000 1.249555e-003 5.312824e+004
4.100000e-001 9.999831e-001 9.999662e-001 9.999831e-001 9.999831e-001 -1.999966e+000 1.067115e-003 5.610973e+004
4.200000e-001 9.999802e-001 9.999605e-001 9.999802e-001 9.999802e-001 -1.999960e+000 1.187680e-003 5.189045e+004
4.300000e-001 9.999684e-001 9.999369e-001 9.999684e-001 9.999684e-001 -1.999938e+000 1.886843e-003 3.890638e+004
4.400000e-001 9.999514e-001 9.999028e-001 9.999513e-001 9.999513e-001 -1.999903e+000 2.704647e-003 3.316344e+004
4.500000e-001 9.999346e-001 9.998693e-001 9.999345e-001 9.999345e-001 -1.999870e+000 3.374486e-003 2.819320e+004
4.600000e-001 9.999110e-001 9.998223e-001 9.999109e-001 9.999109e-001 -1.999822e+000 4.336059e-003 2.446055e+004
4.700000e-001 9.999188e-001 9.998379e-001 9.999187e-001 9.999187e-001 -1.999837e+000 3.951834e-003 2.555965e+004
4.800000e-001 9.998581e-001 9.997167e-001 9.998579e-001 9.998579e-001 -1.999717e+000 7.603400e-003 1.936210e+004
4.900000e-001 9.998405e-001 9.996815e-001 9.998404e-001 9.998404e-001 -1.999681e+000 6.857495e-003 1.820505e+004
5.000000e-001 9.998356e-001 9.996716e-001 9.998354e-001 9.998354e-001 -1.999671e+000 7.000640e-003 1.780009e+004
5.100000e-001 9.997778e-001 9.995563e-001 9.997776e-001 9.997776e-001 -1.999556e+000 9.052817e-003 1.541479e+004
5.200000e-001 9.997378e-001 9.994763e-001 9.997375e-001 9.997375e-001 -1.999477e+000 9.933123e-003 1.418120e+004
5.300000e-001 9.996141e-001 9.992293e-001 9.996137e-001 9.996137e-001 -1.999232e+000 1.416369e-002 1.164714e+004
5.400000e-001 9.996099e-001 9.992211e-001 9.996095e-001 9.996097e-001 -1.999226e+000 1.458675e-002 1.140965e+004
5.500000e-001 9.995494e-001 9.991003e-001 9.995510e-001 9.995489e-001 -1.999117e+000 1.659188e-002 1.042399e+004
5.600000e-001 9.994376e-001 9.988770e-001 9.994370e-001 9.994374e-001 -1.998879e+000 1.882956e-002 9.614151e+003
5.700000e-001 9.992596e-001 9.985219e-001 9.992630e-001 9.992587e-001 -1.998536e+000 2.528148e-002 8.292790e+003
5.800000e-001 9.991836e-001 9.983700e-001 9.991827e-001 9.991835e-001 -1.998382e+000 2.415456e-002 7.879367e+003
5.900000e-001 9.990326e-001 9.980686e-001 9.990314e-001 9.990314e-001 -1.998076e+000 2.882767e-002 7.328380e+003
6.000000e-001 9.988899e-001 9.977840e-001 9.988886e-001 9.988892e-001 -1.997799e+000 3.370242e-002 6.749096e+003
6.100000e-001 9.985993e-001 9.972043e-001 9.985977e-001 9.985974e-001 -1.997235e+000 3.920183e-002 5.966665e+003
6.200000e-001 9.984994e-001 9.970050e-001 9.984973e-001 9.984983e-001 -1.997023e+000 4.179250e-002 5.874176e+003
6.300000e-001 9.983113e-001 9.966304e-001 9.983091e-001 9.983091e-001 -1.996679e+000 4.880771e-002 5.409670e+003
6.400000e-001 9.979162e-001 9.958429e-001 9.979133e-001 9.979140e-001 -1.995888e+000 5.866655e-002 4.929241e+003
6.500000e-001 9.975124e-001 9.950385e-001 9.975087e-001 9.975087e-001 -1.995155e+000 6.571163e-002 4.416733e+003
6.600000e-001 9.973013e-001 9.946176e-001 9.972971e-001 9.972991e-001 -1.994695e+000 6.890433e-002 4.241252e+003
6.700000e-001 9.969876e-001 9.939933e-001 9.969831e-001 9.969843e-001 -1.994111e+000 7.706646e-002 4.005097e+003
6.800000e-001 9.964858e-001 9.929940e-001 9.964821e-001 9.964830e-001 -1.993118e+000 8.202861e-002 3.703990e+003
6.900000e-001 9.961548e-001 9.923347e-001 9.961515e-001 9.961508e-001 -1.992487e+000 8.169027e-002 3.510092e+003
7.000000e-001 9.955777e-001 9.911875e-001 9.955723e-001 9.955748e-001 -1.991386e+000 9.505313e-002 3.250379e+003
7.100000e-001 9.950499e-001 9.901392e-001 9.950412e-001 9.950420e-001 -1.990394e+000 1.078478e-001 3.066263e+003
7.200000e-001 9.945570e-001 9.891605e-001 9.945479e-001 9.945529e-001 -1.989404e+000 1.202519e-001 2.942326e+003
7.300000e-001 9.937267e-001 9.875114e-001 9.937226e-001 9.937194e-001 -1.987840e+000 1.287079e-001 2.739818e+003
7.400000e-001 9.930110e-001 9.860922e-001 9.930049e-001 9.930056e-001 -1.986483e+000 1.405595e-001 2.541740e+003
7.500000e-001 9.924098e-001 9.849009e-001 9.924035e-001 9.924014e-001 -1.985376e+000 1.499765e-001 2.430456e+003
7.600000e-001 9.913381e-001 9.827773e-001 9.913273e-001 9.913271e-001 -1.983383e+000 1.590660e-001 2.275564e+003
7.700000e-001 9.907341e-001 9.815823e-001 9.907277e-001 9.907189e-001 -1.982168e+000 1.697336e-001 2.185652e+003
7.800000e-001 9.895102e-001 9.791635e-001 9.895030e-001 9.894974e-001 -1.980004e+000 1.868492e-001 2.014963e+003
7.900000e-001 9.884587e-001 9.770875e-001 9.884455e-001 9.884347e-001 -1.977992e+000 2.020214e-001 1.931418e+003
8.000000e-001 9.874500e-001 9.750977e-001 9.874354e-001 9.874330e-001 -1.976036e+000 2.178742e-001 1.832945e+003
8.100000e-001 9.863893e-001 9.730112e-001 9.863667e-001 9.863724e-001 -1.974205e+000 2.303880e-001 1.701827e+003
8.200000e-001 9.853703e-001 9.710042e-001 9.853398e-001 9.853522e-001 -1.972160e+000 2.530262e-001 1.702025e+003
8.300000e-001 9.831918e-001 9.667228e-001 9.831784e-001 9.831712e-001 -1.968189e+000 2.753122e-001 1.563169e+003
8.400000e-001 9.820228e-001 9.644278e-001 9.819937e-001 9.820082e-001 -1.966026e+000 2.779594e-001 1.507741e+003
8.500000e-001 9.802113e-001 9.608845e-001 9.801916e-001 9.801913e-001 -1.962821e+000 3.103509e-001 1.403906e+003
8.600000e-001 9.784672e-001 9.574723e-001 9.784257e-001 9.784493e-001 -1.959721e+000 3.192234e-001 1.345419e+003
8.700000e-001 9.767774e-001 9.541737e-001 9.767583e-001 9.767760e-001 -1.956538e+000 3.299042e-001 1.289635e+003
8.800000e-001 9.749450e-001 9.506092e-001 9.749143e-001 9.748943e-001 -1.953371e+000 3.719155e-001 1.237437e+003
8.900000e-001 9.723321e-001 9.455316e-001 9.723105e-001 9.722885e-001 -1.948830e+000 3.911766e-001 1.157550e+003
9.000000e-001 9.702946e-001 9.415840e-001 9.702768e-001 9.702319e-001 -1.945207e+000 4.185164e-001 1.116530e+003
9.100000e-001 9.681203e-001 9.373761e-001 9.680848e-001 9.680849e-001 -1.941238e+000 4.346429e-001 1.060065e+003
9.200000e-001 9.658664e-001 9.330265e-001 9.657937e-001 9.658259e-001 -1.937371e+000 4.548379e-001 1.014048e+003
9.300000e-001 9.621152e-001 9.258150e-001 9.620791e-001 9.620750e-001 -1.931049e+000 4.999419e-001 9.468023e+002
9.400000e-001 9.585376e-001 9.189707e-001 9.584901e-001 9.584502e-001 -1.925107e+000 5.568250e-001 8.856019e+002
9.500000e-001 9.565073e-001 9.150888e-001 9.564649e-001 9.564232e-001 -1.921159e+000 5.644389e-001 8.727477e+002
9.600000e-001 9.520671e-001 9.066372e-001 9.519859e-001 9.519897e-001 -1.913913e+000 6.038768e-001 7.994056e+002
9.700000e-001 9.488598e-001 9.005715e-001 9.488020e-001 9.487920e-001 -1.908704e+000 6.484523e-001 7.621745e+002
9.800000e-001 9.446168e-001 8.925478e-001 9.445688e-001 9.445386e-001 -1.901290e+000 6.703893e-001 7.360345e+002
9.900000e-001 9.404526e-001 8.847423e-001 9.404209e-001 9.403205e-001 -1.894340e+000 7.742831e-001 6.985634e+002
1.000000e+000 9.362600e-001 8.768820e-001 9.361663e-001 9.361286e-001 -1.887521e+000 7.629999e-001 6.699636e+002
1.010000e+000 9.310383e-001 8.671808e-001 9.309224e-001 9.309344e-001 -1.879161e+000 8.387319e-001 6.220422e+002
1.020000e+000 9.245584e-001 8.551921e-001 9.244036e-001 9.244591e-001 -1.868909e+000 8.866271e-001 5.792881e+002
1.030000e+000 9.202340e-001 8.472735e-001 9.200407e-001 9.200641e-001 -1.862447e+000 9.753616e-001 5.455114e+002
1.040000e+000 9.128479e-001 8.337943e-001 9.126287e-001 9.126783e-001 -1.850555e+000 1.023743e+000 5.170060e+002
1.050000e+000 9.064032e-001 8.221069e-001 9.062659e-001 9.061853e-001 -1.840630e+000 1.058627e+000 4.875734e+002
1.060000e+000 9.019550e-001 8.141175e-001 9.017112e-001 9.017313e-001 -1.834171e+000 1.121367e+000 4.594109e+002
1.070000e+000 8.923547e-001 7.969930e-001 8.921335e-001 8.920634e-001 -1.820039e+000 1.189881e+000 4.217664e+002
1.080000e+000 8.835348e-001 7.814094e-001 8.832221e-001 8.831842e-001 -1.807130e+000 1.300130e+000 4.033834e+002
1.090000e+000 8.745437e-001 7.656758e-001 8.743353e-001 8.742518e-001 -1.793913e+000 1.342815e+000 3.748270e+002
1.100000e+000 8.637923e-001 7.471266e-001 8.634379e-001 8.634590e-001 -1.778950e+000 1.452937e+000 3.456883e+002
1.110000e+000 8.533229e-001 7.293615e-001 8.528730e-001 8.528665e-001 -1.764923e+000 1.628930e+000 3.197184e+002
1.120000e+000 8.389404e-001 7.052806e-001 8.382908e-001 8.385607e-001 -1.745615e+000 1.793130e+000 2.843482e+002
1.130000e+000 8.232604e-001 6.794667e-001 8.225439e-001 8.225463e-001 -1.726729e+000 1.893709e+000 2.532572e+002
1.140000e+000 8.056316e-001 6.512670e-001 8.047346e-001 8.048214e-001 -1.704168e+000 2.243333e+000 2.292457e+002
1.150000e+000 7.902444e-001 6.272449e-001 7.894513e-001 7.896120e-001 -1.686756e+000 2.486767e+000 2.070330e+002
1.160000e+000 7.709735e-001 5.975989e-001 7.700541e-001 7.701735e-001 -1.662663e+000 2.684195e+000 1.837645e+002
1.170000e+000 7.452682e-001 5.596385e-001 7.436035e-001 7.444810e-001 -1.633953e+000 3.069974e+000 1.582130e+002
1.180000e+000 7.085025e-001 5.080318e-001 7.059939e-001 7.078492e-001 -1.596985e+000 3.786892e+000 1.284875e+002
1.190000e+000 6.654551e-001 4.513244e-001 6.611892e-001 6.650136e-001 -1.555003e+000 4.247984e+000 1.020369e+002
1.200000e+000 6.097708e-001 3.878410e-001 6.036365e-001 6.104631e-001 -1.507178e+000 6.111088e+000 7.930323e+001
1.210000e+000 4.916676e-001 2.792659e-001 4.803153e-001 4.989327e-001 -1.417150e+000 1.271963e+001 4.912453e+001
1.220000e+000 3.927880e-001 1.913008e-001 3.746111e-001 4.061154e-001 -1.343936e+000 1.104151e+001 3.614953e+001
1.230000e+000 1.885338e-001 6.477480e-002 1.611523e-001 2.093252e-001 -1.196266e+000 1.012836e+001 1.981790e+001
1.240000e+000 9.400863e-002 1.770779e-002 6.336582e-002 1.146601e-001 -1.108965e+000 5.343767e+000 1.281250e+001
1.250000e+000 6.966915e-002 9.538554e-003 4.033835e-002 8.602962e-002 -1.068751e+000 4.228005e+000 1.115799e+001
1.260000e+000 4.195249e-002 2.997832e-003 1.646152e-002 5.192109e-002 -1.023552e+000 1.953676e+000 8.612597e+000
1.270000e+000 3.426246e-002 2.236434e-003 1.145918e-002 4.448060e-002 -9.808585e-001 1.855554e+000 7.910747e+000
1.280000e+000 3.174381e-002 1.693261e-003 1.310404e-002 3.832305e-002 -9.760359e-001 1.805390e+000 7.846705e+000
1.290000e+000 2.444308e-002 1.085834e-003 4.520573e-003 2.790101e-002 -9.407236e-001 2.251921e+000 7.107677e+000
1.300000e+000 2.264445e-002 9.325878e-004 1.863867e-003 2.304342e-002 -9.247342e-001 2.269983e+000 7.244227e+000
1.310000e+000 2.070413e-002 7.479975e-004 7.501953e-004 1.669948e-002 -9.097146e-001 2.314443e+000 6.800457e+000
1.320000e+000 1.735345e-002 5.618905e-004 2.201107e-003 1.784935e-002 -8.767104e-001 1.991462e+000 6.492516e+000
1.330000e+000 1.646528e-002 4.401480e-004 -9.635417e-006 1.337168e-002 -8.849727e-001 1.339722e+000 6.374592e+000
1.340000e+000 1.524308e-002 3.733443e-004 9.539063e-004 1.259886e-002 -8.512569e-001 1.180625e+000 6.174695e+000
1.350000e+000 1.320229e-002 2.910830e-004 1.403646e-003 8.406641e-003 -8.374570e-001 1.429301e+000 5.914272e+000
1.360000e+000 1.255300e-002 2.652758e-004 -3.847331e-003 1.121947e-002 -8.308765e-001 1.090410e+000 5.783869e+000
1.370000e+000 1.169715e-002 2.258541e-004 1.382227e-003 8.457943e-003 -7.979533e-001 1.193638e+000 6.006598e+000
1.380000e+000 1.117268e-002 2.156089e-004 -2.492187e-004 7.675293e-003 -8.014367e-001 1.389782e+000 5.681777e+000
1.390000e+000 9.509460e-003 1.482507e-004 4.648438e-005 3.347168e-003 -7.720710e-001 1.341671e+000 5.463682e+000
1.400000e+000 9.644487e-003 1.613003e-004 -8.138021e-004 1.013444e-003 -7.535087e-001 1.406311e+000 5.959920e+000
1.410000e+000 9.867267e-003 1.720218e-004 4.810612e-003 4.872721e-003 -7.738250e-001 1.110645e+000 5.935101e+000
1.420000e+000 8.254669e-003 1.184986e-004 1.516016e-003 1.077344e-003 -7.496519e-001 1.293973e+000 5.590601e+000
1.430000e+000 7.550211e-003 9.612374e-005 -2.151693e-003 5.309245e-004 -7.107904e-001 7.495743e-001 5.400113e+000
1.440000e+000 8.026106e-003 1.064080e-004 1.162826e-003 2.722559e-003 -7.280417e-001 1.457234e+000 5.654189e+000
1.450000e+000 7.829753e-003 1.022512e-004 -1.745898e-003 2.422493e-003 -7.205668e-001 1.275875e+000 5.539978e+000
1.460000e+000 7.338317e-003 8.782894e-005 2.412435e-003 -1.163835e-003 -6.830158e-001 8.264450e-001 6.191723e+000
1.470000e+000 6.159699e-003 6.622370e-005 -3.509115e-005 1.314095e-003 -6.851863e-001 7.942328e-001 5.052011e+000
1.480000e+000 7.163670e-003 8.102120e-005 3.395573e-003 2.700391e-003 -6.924933e-001 9.605202e-001 5.525818e+000
1.490000e+000 6.596178e-003 7.243427e-005 2.144010e-003 -6.132812e-004 -6.795180e-001 1.279518e+000 5.543904e+000
1.500000e+000 6.047614e-003 6.091084e-005 1.082943e-003 -4.973958e-005 -6.884841e-001 6.784995e-001 5.147168e+000
1.510000e+000 7.180321e-003 9.178622e-005 2.456120e-003 2.512402e-003 -6.763024e-001 6.219435e-001 5.914200e+000
1.520000e+000 5.432371e-003 5.224473e-005 2.417513e-003 -7.750651e-005 -6.566653e-001 9.213087e-001 4.931270e+000
1.530000e+000 5.267594e-003 4.608494e-005 -3.463477e-003 2.629557e-004 -6.310807e-001 8.026486e-001 5.448088e+000
1.540000e+000 5.275543e-003 4.691187e-005 -3.318945e-003 1.240267e-003 -6.265090e-001 7.608531e-001 5.263259e+000
1.550000e+000 5.180760e-003 4.562244e-005 2.716146e-003 -2.932292e-004 -6.333447e-001 5.732589e-001 4.951005e+000
1.560000e+000 4.684272e-003 4.137669e-005 2.314648e-003 -3.062630e-003 -6.078352e-001 9.118470e-001 4.936392e+000
1.570000e+000 5.085935e-003 4.024661e-005 4.039648e-003 -5.391927e-004 -6.082348e-001 6.720621e-001 4.945782e+000
1.580000e+000 5.528464e-003 5.391557e-005 1.568424e-003 -1.732487e-003 -6.283837e-001 5.228253e-001 5.383832e+000
1.590000e+000 4.979878e-003 3.997004e-005 -5.674154e-003 -2.684342e-003 -5.931749e-001 7.556951e-001 5.626682e+000
1.600000e+000 4.682817e-003 3.505462e-005 -1.630924e-003 -2.255534e-003 -6.072820e-001 4.197965e-001 5.099057e+000
1.610000e+000 5.225094e-003 4.160889e-005 1.053711e-003 -3.634701e-003 -5.733477e-001 5.964136e-001 6.080818e+000
1.620000e+000 4.460249e-003 3.054765e-005 6.724414e-003 -2.423242e-003 -5.808609e-001 3.833252e-001 5.233220e+000
1.630000e+000 4.947020e-003 3.852253e-005 7.049023e-003 1.294824e-003 -5.819550e-001 4.778285e-001 5.565656e+000
1.640000e+000 4.783883e-003 3.588718e-005 2.555404e-003 8.427734e-005 -5.609068e-001 3.053561e-001 5.817093e+000
1.650000e+000 3.738407e-003 2.339030e-005 -3.984570e-003 2.289844e-003 -5.374836e-001 5.958532e-001 4.984811e+000
1.660000e+000 4.130366e-003 2.982112e-005 3.115885e-004 -1.937923e-003 -5.602436e-001 4.241350e-001 4.951430e+000
1.670000e+000 4.366657e-003 3.031856e-005 -5.811198e-004 -5.050130e-004 -5.634521e-001 3.935679e-001 5.514875e+000
1.680000e+000 4.446746e-003 3.343250e-005 4.811198e-004 3.790723e-003 -5.544370e-001 3.945038e-001 5.336608e+000
1.690000e+000 3.817470e-003 2.276832e-005 7.955078e-004 -4.628255e-004 -5.383277e-001 4.117473e-001 4.972800e+000
1.700000e+000 3.758834e-003 2.422052e-005 1.118424e-003 -1.642773e-003 -5.316495e-001 3.510673e-001 4.949163e+000
1.710000e+000 4.333179e-003 3.261709e-005 6.512174e-003 -6.239779e-003 -5.344315e-001 3.204504e-001 5.923981e+000
1.720000e+000 4.292284e-003 2.799114e-005 -1.172526e-003 -2.096224e-003 -5.276551e-001 3.425988e-001 5.863159e+000
1.730000e+000 4.147563e-003 2.602054e-005 2.004427e-003 -6.435872e-004 -5.398382e-001 4.998632e-001 5.068240e+000
1.740000e+000 3.788954e-003 2.150231e-005 -1.488086e-003 3.502604e-003 -5.052924e-001 3.083160e-001 5.913947e+000
1.750000e+000 3.401272e-003 1.886850e-005 -7.491732e-003 5.910482e-004 -5.104932e-001 4.700445e-001 4.873512e+000
1.760000e+000 3.610695e-003 2.042022e-005 1.146029e-003 1.337533e-003 -5.256023e-001 3.885506e-001 5.235422e+000
1.770000e+000 3.664055e-003 2.188091e-005 1.330729e-004 -8.574544e-004 -5.141499e-001 5.259893e-001 4.992205e+000
1.780000e+000 3.474262e-003 1.813392e-005 -3.118750e-003 -6.076172e-004 -5.026327e-001 3.608078e-001 5.258706e+000
1.790000e+000 3.214156e-003 1.660505e-005 -4.876497e-003 -2.781022e-003 -4.984518e-001 5.042888e-001 4.616343e+000
1.800000e+000 3.268682e-003 1.872454e-005 2.405990e-003 -2.979492e-004 -5.100762e-001 4.387008e-001 5.063952e+000
1.810000e+000 3.363738e-003 1.846137e-005 4.522135e-004 1.448079e-003 -4.855496e-001 1.643529e-001 5.207277e+000
1.820000e+000 3.846705e-003 2.264014e-005 -4.713542e-004 4.653320e-004 -4.934274e-001 2.616697e-001 5.671436e+000
1.830000e+000 3.473930e-003 1.979152e-005 5.018880e-003 -1.481999e-003 -4.905121e-001 2.809527e-001 5.823820e+000
1.840000e+000 3.826040e-003 2.305462e-005 4.402083e-003 9.697266e-004 -4.816518e-001 2.169831e-001 5.928388e+000
1.850000e+000 2.774554e-003 1.208856e-005 -5.371159e-003 -2.076921e-003 -4.628248e-001 3.234800e-001 4.615334e+000
1.860000e+000 3.505913e-003 2.289451e-005 7.766927e-004 -1.285221e-003 -4.691564e-001 2.684917e-001 5.650254e+000
1.870000e+000 2.786764e-003 1.422589e-005 6.125000e-004 4.139811e-003 -4.770665e-001 4.165713e-001 4.406441e+000
1.880000e+000 2.540383e-003 1.121090e-005 1.026953e-003 7.794922e-004 -4.481137e-001 3.491579e-001 4.778163e+000
1.890000e+000 2.927367e-003 1.342154e-005 -2.543424e-003 -4.773926e-003 -4.582713e-001 3.302930e-001 5.212923e+000
1.900000e+000 3.285558e-003 1.704344e-005 -7.326953e-003 5.405924e-004 -4.435036e-001 2.367757e-001 5.959795e+000
1.910000e+000 3.444600e-003 1.940322e-005 2.728255e-003 2.844238e-003 -4.620673e-001 3.134941e-001 6.243680e+000
1.920000e+000 3.694603e-003 2.067646e-005 -3.329948e-003 -1.567936e-003 -4.621714e-001 2.940775e-001 6.022264e+000
1.930000e+000 3.439097e-003 2.195410e-005 3.950716e-003 -9.505208e-005 -4.614771e-001 2.235869e-001 5.894916e+000
1.940000e+000 3.620893e-003 2.293084e-005 6.553646e-003 1.570378e-003 -4.611191e-001 3.878757e-001 6.307323e+000
1.950000e+000 2.844038e-003 1.322863e-005 2.942904e-003 -2.750781e-003 -4.439191e-001 2.237388e-001 5.164461e+000
1.960000e+000 3.301244e-003 1.769793e-005 -8.063151e-004 8.758789e-004 -4.521854e-001 2.469346e-001 5.768585e+000
1.970000e+000 2.980237e-003 1.624274e-005 -5.753906e-004 4.864583e-004 -4.468844e-001 3.014804e-001 5.267477e+000
1.980000e+000 3.144780e-003 1.444539e-005 3.616602e-003 -7.001302e-004 -4.227241e-001 1.682314e-001 5.694741e+000
1.990000e+000 3.167558e-003 1.964500e-005 1.518620e-003 -6.514811e-003 -4.394497e-001 2.603824e-001 6.506296e+000
2.000000e+000 2.592374e-003 1.164701e-005 2.731901e-003 -6.556641e-004 -4.272299e-001 3.459890e-001 4.677051e+000
