# Temperature Magnetization2 Magnetization4 Correlation2 Correlation4 Energy Energy2 HeatCapacity CorrelationLength
0.000000e+000 1.000000e+000 1.000000e+000 1.000000e+000 1.000000e+000 -2.000000e+000 -1.#IND00e+000 2.456717e+016
1.000000e-002 1.000000e+000 1.000000e+000 1.000000e+000 1.000000e+000 -2.000000e+000 0.000000e+000 2.456717e+016
2.000000e-002 1.000000e+000 1.000000e+000 1.000000e+000 1.000000e+000 -2.000000e+000 0.000000e+000 2.456717e+016
3.000000e-002 1.000000e+000 1.000000e+000 1.000000e+000 1.000000e+000 -2.000000e+000 0.000000e+000 2.456717e+016
4.000000e-002 1.000000e+000 1.000000e+000 1.000000e+000 1.000000e+000 -2.000000e+000 0.000000e+000 2.456717e+016
5.000000e-002 1.000000e+000 1.000000e+000 1.000000e+000 1.000000e+000 -2.000000e+000 0.000000e+000 2.456717e+016
6.000000e-002 1.000000e+000 1.000000e+000 1.000000e+000 1.000000e+000 -2.000000e+000 0.000000e+000 2.456717e+016
7.000000e-002 1.000000e+000 1.000000e+000 1.000000e+000 1.000000e+000 -2.000000e+000 0.000000e+000 2.456717e+016
8.000000e-002 1.000000e+000 1.000000e+000 1.000000e+000 1.000000e+000 -2.000000e+000 0.000000e+000 2.456717e+016
9.000000e-002 1.000000e+000 1.000000e+000 1.000000e+000 1.000000e+000 -2.000000e+000 0.000000e+000 2.456717e+016
1.000000e-001 1.000000e+000 1.000000e+000 1.000000e+000 1.000000e+000 -2.000000e+000 0.000000e+000 2.456717e+016
1.100000e-001 1.000000e+000 1.000000e+000 1.000000e+000 1.000000e+000 -2.000000e+000 0.000000e+000 2.456717e+016
1.200000e-001 1.000000e+000 1.000000e+000 1.000000e+000 1.000000e+000 -2.000000e+000 0.000000e+000 2.456717e+016
1.300000e-001 1.000000e+000 1.000000e+000 1.000000e+000 1.000000e+000 -2.000000e+000 0.000000e+000 2.456717e+016
1.400000e-001 1.000000e+000 1.000000e+000 1.000000e+000 1.000000e+000 -2.000000e+000 0.000000e+000 2.456717e+016
1.500000e-001 1.000000e+000 1.000000e+000 1.000000e+000 1.000000e+000 -2.000000e+000 0.000000e+000 2.456717e+016
1.600000e-001 1.000000e+000 1.000000e+000 1.000000e+000 1.000000e+000 -2.000000e+000 0.000000e+000 2.456717e+016
1.700000e-001 1.000000e+000 1.000000e+000 1.000000e+000 1.000000e+000 -2.000000e+000 0.000000e+000 2.456717e+016
1.800000e-001 1.000000e+000 1.000000e+000 1.000000e+000 1.000000e+000 -2.000000e+000 0.000000e+000 2.456717e+016
1.900000e-001 1.000000e+000 1.000000e+000 1.000000e+000 1.000000e+000 -2.000000e+000 0.000000e+000 2.456717e+016
2.000000e-001 1.000000e+000 1.000000e+000 1.000000e+000 1.000000e+000 -2.000000e+000 0.000000e+000 2.456717e+016
2.100000e-001 1.000000e+000 1.000000e+000 1.000000e+000 1.000000e+000 -2.000000e+000 0.000000e+000 2.456717e+016
2.200000e-001 1.000000e+000 1.000000e+000 1.000000e+000 1.000000e+000 -2.000000e+000 0.000000e+000 2.456717e+016
2.300000e-001 1.000000e+000 1.000000e+000 1.000000e+000 1.000000e+000 -2.000000e+000 0.000000e+000 2.456717e+016
2.400000e-001 1.000000e+000 1.000000e+000 1.000000e+000 1.000000e+000 -2.000000e+000 0.000000e+000 2.456717e+016
2.500000e-001 1.000000e+000 1.000000e+000 1.000000e+000 1.000000e+000 -2.000000e+000 0.000000e+000 2.456717e+016
2.600000e-001 1.000000e+000 1.000000e+000 1.000000e+000 1.000000e+000 -2.000000e+000 0.000000e+000 2.456717e+016
2.700000e-001 1.000000e+000 1.000000e+000 1.000000e+000 1.000000e+000 -2.000000e+000 0.000000e+000 2.456717e+016
2.800000e-001 1.000000e+000 1.000000e+000 1.000000e+000 1.000000e+000 -2.000000e+000 0.000000e+000 2.456717e+016
2.900000e-001 1.000000e+000 1.000000e+000 1.000000e+000 1.000000e+000 -2.000000e+000 0.000000e+000 2.456717e+016
3.000000e-001 1.000000e+000 1.000000e+000 1.000000e+000 1.000000e+000 -2.000000e+000 0.000000e+000 2.456717e+016
3.100000e-001 1.000000e+000 1.000000e+000 1.000000e+000 1.000000e+000 -2.000000e+000 0.000000e+000 2.456717e+016
3.200000e-001 1.000000e+000 1.000000e+000 1.000000e+000 1.000000e+000 -2.000000e+000 0.000000e+000 2.456717e+016
3.300000e-001 9.999999e-001 9.999997e-001 9.999999e-001 9.999999e-001 -2.000000e+000 1.275315e-005 6.397548e+005
3.400000e-001 9.999999e-001 9.999997e-001 9.999999e-001 9.999999e-001 -2.000000e+000 1.201400e-005 6.397548e+005
3.500000e-001 9.999993e-001 9.999987e-001 9.999993e-001 9.999993e-001 -1.999999e+000 5.667520e-005 2.861070e+005
3.600000e-001 9.999980e-001 9.999961e-001 9.999980e-001 9.999980e-001 -1.999996e+000 1.606305e-004 1.651838e+005
3.700000e-001 9.999905e-001 9.999810e-001 9.999905e-001 9.999905e-001 -1.999981e+000 7.379024e-004 7.487728e+004
3.800000e-001 9.999962e-001 9.999925e-001 9.999962e-001 9.999962e-001 -1.999992e+000 2.785275e-004 1.187993e+005
3.900000e-001 9.999927e-001 9.999854e-001 9.999927e-001 9.999927e-001 -1.999985e+000 5.099277e-004 8.549052e+004
4.000000e-001 9.999839e-001 9.999678e-001 9.999839e-001 9.999839e-001 -1.999968e+000 1.069715e-003 5.745121e+004
4.100000e-001 9.999670e-001 9.999340e-001 9.999669e-001 9.999669e-001 -1.999934e+000 2.071966e-003 4.014112e+004
4.200000e-001 9.999815e-001 9.999631e-001 9.999815e-001 9.999815e-001 -1.999963e+000 1.110102e-003 5.368654e+004
4.300000e-001 9.999774e-001 9.999548e-001 9.999773e-001 9.999773e-001 -1.999955e+000 1.295642e-003 4.849914e+004
4.400000e-001 9.999619e-001 9.999239e-001 9.999618e-001 9.999618e-001 -1.999924e+000 2.071192e-003 3.737416e+004
4.500000e-001 9.999389e-001 9.998779e-001 9.999388e-001 9.999388e-001 -1.999878e+000 3.147839e-003 2.950879e+004
4.600000e-001 9.999398e-001 9.998797e-001 9.999397e-001 9.999397e-001 -1.999879e+000 2.968662e-003 2.973103e+004
4.700000e-001 9.999030e-001 9.998062e-001 9.999029e-001 9.999029e-001 -1.999807e+000 4.608771e-003 2.317525e+004
4.800000e-001 9.998963e-001 9.997929e-001 9.998962e-001 9.998962e-001 -1.999795e+000 4.713264e-003 2.218037e+004
4.900000e-001 9.998221e-001 9.996447e-001 9.998219e-001 9.998219e-001 -1.999650e+000 8.032567e-003 1.684580e+004
5.000000e-001 9.998239e-001 9.996483e-001 9.998237e-001 9.998237e-001 -1.999650e+000 7.359351e-003 1.722384e+004
5.100000e-001 9.997773e-001 9.995553e-001 9.997771e-001 9.997771e-001 -1.999560e+000 8.960476e-003 1.510564e+004
5.200000e-001 9.996955e-001 9.993919e-001 9.996952e-001 9.996952e-001 -1.999394e+000 1.201077e-002 1.300758e+004
5.300000e-001 9.996414e-001 9.992839e-001 9.996410e-001 9.996410e-001 -1.999285e+000 1.368091e-002 1.221880e+004
5.400000e-001 9.996067e-001 9.992146e-001 9.996063e-001 9.996063e-001 -1.999217e+000 1.442477e-002 1.157144e+004
5.500000e-001 9.994789e-001 9.989594e-001 9.994783e-001 9.994783e-001 -1.998964e+000 1.864664e-002 9.947976e+003
5.600000e-001 9.994007e-001 9.988034e-001 9.994007e-001 9.994000e-001 -1.998816e+000 2.052961e-002 9.277860e+003
5.700000e-001 9.992019e-001 9.984068e-001 9.992009e-001 9.992014e-001 -1.998421e+000 2.754297e-002 7.891494e+003
5.800000e-001 9.991287e-001 9.982604e-001 9.991276e-001 9.991276e-001 -1.998273e+000 2.747999e-002 7.652902e+003
5.900000e-001 9.989546e-001 9.979132e-001 9.989533e-001 9.989534e-001 -1.997932e+000 3.270075e-002 6.991816e+003
6.000000e-001 9.988113e-001 9.976273e-001 9.988101e-001 9.988098e-001 -1.997639e+000 3.600052e-002 6.659154e+003
6.100000e-001 9.985952e-001 9.971962e-001 9.985949e-001 9.985936e-001 -1.997226e+000 4.106890e-002 6.029089e+003
6.200000e-001 9.983967e-001 9.968005e-001 9.983944e-001 9.983951e-001 -1.996852e+000 4.523017e-002 5.561804e+003
6.300000e-001 9.981943e-001 9.963969e-001 9.981929e-001 9.981927e-001 -1.996449e+000 5.004930e-002 5.256996e+003
6.400000e-001 9.979041e-001 9.958186e-001 9.979014e-001 9.979013e-001 -1.995869e+000 5.638493e-002 4.910646e+003
6.500000e-001 9.975952e-001 9.952027e-001 9.975921e-001 9.975931e-001 -1.995286e+000 5.822985e-002 4.473768e+003
6.600000e-001 9.972356e-001 9.944869e-001 9.972330e-001 9.972328e-001 -1.994590e+000 7.002796e-002 4.197820e+003
6.700000e-001 9.968336e-001 9.936864e-001 9.968311e-001 9.968293e-001 -1.993781e+000 7.775124e-002 3.916301e+003
6.800000e-001 9.964415e-001 9.929058e-001 9.964368e-001 9.964372e-001 -1.993062e+000 8.297141e-002 3.665924e+003
6.900000e-001 9.960437e-001 9.921145e-001 9.960380e-001 9.960401e-001 -1.992308e+000 8.762508e-002 3.415696e+003
7.000000e-001 9.956618e-001 9.913550e-001 9.956569e-001 9.956581e-001 -1.991549e+000 9.470028e-002 3.310344e+003
7.100000e-001 9.951608e-001 9.903600e-001 9.951566e-001 9.951546e-001 -1.990565e+000 1.115899e-001 3.165620e+003
7.200000e-001 9.945179e-001 9.890822e-001 9.945121e-001 9.945122e-001 -1.989340e+000 1.156790e-001 2.940857e+003
7.300000e-001 9.938586e-001 9.877735e-001 9.938501e-001 9.938504e-001 -1.988112e+000 1.278258e-001 2.739830e+003
7.400000e-001 9.931283e-001 9.863239e-001 9.931145e-001 9.931197e-001 -1.986721e+000 1.321582e-001 2.584117e+003
7.500000e-001 9.924197e-001 9.849208e-001 9.924084e-001 9.924108e-001 -1.985385e+000 1.527158e-001 2.470065e+003
7.600000e-001 9.914742e-001 9.830483e-001 9.914622e-001 9.914628e-001 -1.983620e+000 1.672810e-001 2.268815e+003
7.700000e-001 9.903884e-001 9.809000e-001 9.903757e-001 9.903762e-001 -1.981548e+000 1.829094e-001 2.133191e+003
7.800000e-001 9.898988e-001 9.799309e-001 9.898908e-001 9.898875e-001 -1.980669e+000 1.772204e-001 2.086805e+003
7.900000e-001 9.890820e-001 9.783174e-001 9.890717e-001 9.890715e-001 -1.979038e+000 1.950892e-001 2.017665e+003
8.000000e-001 9.874994e-001 9.751952e-001 9.874775e-001 9.874916e-001 -1.976130e+000 2.165590e-001 1.851068e+003
8.100000e-001 9.863335e-001 9.729002e-001 9.863163e-001 9.863162e-001 -1.974045e+000 2.378815e-001 1.759406e+003
8.200000e-001 9.848618e-001 9.700024e-001 9.848436e-001 9.848399e-001 -1.971349e+000 2.470489e-001 1.657779e+003
8.300000e-001 9.835283e-001 9.673838e-001 9.835195e-001 9.835075e-001 -1.968916e+000 2.646010e-001 1.562429e+003
8.400000e-001 9.818216e-001 9.640428e-001 9.818016e-001 9.817980e-001 -1.965659e+000 3.233138e-001 1.488329e+003
8.500000e-001 9.800522e-001 9.605749e-001 9.800146e-001 9.800345e-001 -1.962511e+000 3.270766e-001 1.417759e+003
8.600000e-001 9.780518e-001 9.566622e-001 9.780181e-001 9.780144e-001 -1.958918e+000 3.374967e-001 1.326911e+003
8.700000e-001 9.768042e-001 9.542362e-001 9.767690e-001 9.767980e-001 -1.956660e+000 3.809289e-001 1.287491e+003
8.800000e-001 9.744879e-001 9.497241e-001 9.744427e-001 9.744547e-001 -1.952633e+000 3.872194e-001 1.203205e+003
8.900000e-001 9.725375e-001 9.459316e-001 9.725082e-001 9.724926e-001 -1.949067e+000 4.074557e-001 1.151033e+003
9.000000e-001 9.707786e-001 9.425241e-001 9.707465e-001 9.707368e-001 -1.946038e+000 4.211928e-001 1.098244e+003
9.100000e-001 9.680401e-001 9.372312e-001 9.679660e-001 9.680112e-001 -1.941324e+000 4.570040e-001 1.051749e+003
9.200000e-001 9.652496e-001 9.318389e-001 9.651910e-001 9.652079e-001 -1.936445e+000 4.485367e-001 1.000114e+003
9.300000e-001 9.618798e-001 9.253585e-001 9.618433e-001 9.618462e-001 -1.930288e+000 4.927129e-001 9.538796e+002
9.400000e-001 9.589181e-001 9.196927e-001 9.588421e-001 9.588984e-001 -1.925592e+000 5.308320e-001 9.001142e+002
9.500000e-001 9.557555e-001 9.136523e-001 9.557204e-001 9.556846e-001 -1.919964e+000 5.689228e-001 8.544546e+002
9.600000e-001 9.529269e-001 9.082770e-001 9.528531e-001 9.528279e-001 -1.915322e+000 6.229783e-001 8.171508e+002
9.700000e-001 9.491276e-001 9.010571e-001 9.490489e-001 9.490699e-001 -1.908751e+000 6.245556e-001 7.836398e+002
9.800000e-001 9.452098e-001 8.936638e-001 9.450836e-001 9.450875e-001 -1.902221e+000 6.609743e-001 7.366440e+002
9.900000e-001 9.408557e-001 8.854834e-001 9.407604e-001 9.407827e-001 -1.895178e+000 7.180483e-001 6.941954e+002
1.000000e+000 9.359851e-001 8.763757e-001 9.358385e-001 9.359247e-001 -1.887086e+000 7.719596e-001 6.567143e+002
1.010000e+000 9.308596e-001 8.668352e-001 9.307785e-001 9.307637e-001 -1.878798e+000 7.974252e-001 6.146481e+002
1.020000e+000 9.258971e-001 8.576673e-001 9.257445e-001 9.257419e-001 -1.871009e+000 8.901928e-001 5.907419e+002
1.030000e+000 9.192752e-001 8.455262e-001 9.190625e-001 9.190841e-001 -1.860969e+000 9.615662e-001 5.366546e+002
1.040000e+000 9.126598e-001 8.334104e-001 9.125544e-001 9.124422e-001 -1.850712e+000 9.548821e-001 5.154623e+002
1.050000e+000 9.079177e-001 8.248484e-001 9.077707e-001 9.076833e-001 -1.842948e+000 1.079792e+000 5.009886e+002
1.060000e+000 8.996072e-001 8.099136e-001 8.993888e-001 8.993677e-001 -1.830266e+000 1.127420e+000 4.648994e+002
1.070000e+000 8.919202e-001 7.962182e-001 8.916765e-001 8.916885e-001 -1.819265e+000 1.199402e+000 4.225819e+002
1.080000e+000 8.847501e-001 7.835753e-001 8.844195e-001 8.844078e-001 -1.808593e+000 1.323126e+000 4.073107e+002
1.090000e+000 8.744729e-001 7.655868e-001 8.741314e-001 8.742739e-001 -1.793803e+000 1.379384e+000 3.700723e+002
1.100000e+000 8.646250e-001 7.485265e-001 8.642248e-001 8.641867e-001 -1.779551e+000 1.411356e+000 3.528915e+002
1.110000e+000 8.517175e-001 7.267069e-001 8.512419e-001 8.513126e-001 -1.763062e+000 1.704522e+000 3.065172e+002
1.120000e+000 8.374010e-001 7.026295e-001 8.366832e-001 8.368149e-001 -1.743608e+000 1.665342e+000 2.868491e+002
1.130000e+000 8.255504e-001 6.831632e-001 8.249719e-001 8.250189e-001 -1.727953e+000 1.894509e+000 2.646885e+002
1.140000e+000 8.107097e-001 6.592558e-001 8.097586e-001 8.100600e-001 -1.709500e+000 1.979649e+000 2.372774e+002
1.150000e+000 7.883903e-001 6.242419e-001 7.874150e-001 7.876984e-001 -1.682656e+000 2.463361e+000 2.017840e+002
1.160000e+000 7.664205e-001 5.909644e-001 7.650240e-001 7.657052e-001 -1.657115e+000 2.950582e+000 1.775054e+002
1.170000e+000 7.442172e-001 5.581929e-001 7.423325e-001 7.430267e-001 -1.632973e+000 3.183278e+000 1.592733e+002
1.180000e+000 7.154089e-001 5.174623e-001 7.133852e-001 7.144508e-001 -1.601321e+000 3.617152e+000 1.365174e+002
1.190000e+000 6.664746e-001 4.534602e-001 6.624762e-001 6.663403e-001 -1.556468e+000 4.472616e+000 1.019712e+002
1.200000e+000 6.115893e-001 3.879597e-001 6.058242e-001 6.125936e-001 -1.505964e+000 5.635768e+000 8.030099e+001
1.210000e+000 5.282701e-001 3.066523e-001 5.192560e-001 5.334382e-001 -1.442781e+000 9.132409e+000 5.590172e+001
1.220000e+000 3.747520e-001 1.833567e-001 3.586984e-001 3.882483e-001 -1.329812e+000 1.418732e+001 3.461399e+001
1.230000e+000 1.622777e-001 5.091485e-002 1.347952e-001 1.837967e-001 -1.167740e+000 9.575925e+000 1.780033e+001
1.240000e+000 8.734372e-002 1.664622e-002 5.840299e-002 1.068036e-001 -1.091454e+000 5.045661e+000 1.253732e+001
1.250000e+000 6.102919e-002 7.553336e-003 3.524043e-002 7.671615e-002 -1.050736e+000 4.209367e+000 1.045233e+001
1.260000e+000 4.478210e-002 4.001816e-003 1.723385e-002 5.724398e-002 -1.024627e+000 2.874508e+000 9.053785e+000
1.270000e+000 3.550085e-002 2.231275e-003 9.263151e-003 4.327757e-002 -9.856708e-001 2.116329e+000 8.198133e+000
1.280000e+000 3.325537e-002 2.133879e-003 9.974349e-003 3.995459e-002 -9.760237e-001 3.172909e+000 8.084777e+000
1.290000e+000 2.772614e-002 1.385568e-003 4.647591e-003 3.239766e-002 -9.605839e-001 2.036768e+000 7.414065e+000
1.300000e+000 2.509785e-002 1.179159e-003 5.766602e-003 2.704173e-002 -9.402143e-001 2.277277e+000 7.175698e+000
1.310000e+000 2.178492e-002 8.035095e-004 5.417969e-003 2.262249e-002 -9.092123e-001 1.518936e+000 7.100970e+000
1.320000e+000 1.695001e-002 4.829152e-004 -3.787109e-004 1.580049e-002 -8.682634e-001 2.195922e+000 6.550922e+000
1.330000e+000 1.663713e-002 4.823029e-004 5.090495e-004 1.452751e-002 -8.547993e-001 2.112698e+000 6.701261e+000
1.340000e+000 1.558270e-002 4.520930e-004 -8.042969e-004 1.110137e-002 -8.532818e-001 1.538425e+000 6.522501e+000
1.350000e+000 1.377167e-002 3.270970e-004 2.070312e-004 1.231162e-002 -8.437294e-001 1.432455e+000 5.980439e+000
1.360000e+000 1.304703e-002 2.827111e-004 -1.768750e-003 8.535352e-003 -8.218679e-001 9.850684e-001 6.295000e+000
1.370000e+000 1.314854e-002 2.935539e-004 -1.347005e-003 5.962174e-003 -8.323559e-001 1.421924e+000 6.312671e+000
1.380000e+000 1.076564e-002 1.947028e-004 9.755208e-004 2.976758e-003 -7.910670e-001 1.158766e+000 5.998179e+000
1.390000e+000 9.399439e-003 1.422716e-004 -1.435937e-003 4.079557e-003 -7.621776e-001 1.252198e+000 5.681430e+000
1.400000e+000 9.127340e-003 1.472190e-004 -4.995443e-004 2.998112e-003 -7.666798e-001 1.120413e+000 5.383794e+000
1.410000e+000 9.583123e-003 1.648366e-004 1.191667e-003 5.486198e-003 -7.726166e-001 1.107526e+000 5.973225e+000
1.420000e+000 7.375975e-003 9.412601e-005 1.104883e-003 2.077897e-003 -7.300660e-001 8.391831e-001 5.103227e+000
1.430000e+000 8.015816e-003 1.038262e-004 -6.462891e-004 1.113542e-003 -7.316538e-001 1.019710e+000 5.595430e+000
1.440000e+000 8.036984e-003 1.094281e-004 -5.613281e-004 1.500293e-003 -7.216561e-001 1.249691e+000 5.826004e+000
1.450000e+000 7.504988e-003 9.427534e-005 2.914714e-004 2.735026e-004 -7.182818e-001 8.502512e-001 5.169622e+000
1.460000e+000 7.387990e-003 9.255409e-005 1.455404e-003 1.823275e-003 -7.058581e-001 7.798502e-001 5.707826e+000
1.470000e+000 6.939649e-003 8.251453e-005 -1.649023e-003 2.923861e-003 -6.806167e-001 9.144224e-001 5.598023e+000
1.480000e+000 8.418917e-003 1.216462e-004 1.601563e-005 1.782487e-003 -6.937395e-001 6.893470e-001 6.195415e+000
1.490000e+000 6.793702e-003 7.985667e-005 7.932357e-003 1.843848e-003 -6.721663e-001 9.079579e-001 5.638148e+000
1.500000e+000 6.073007e-003 6.374161e-005 1.851888e-003 2.671452e-003 -6.581926e-001 8.831004e-001 5.319941e+000
1.510000e+000 6.178651e-003 6.200520e-005 -2.856120e-003 9.658854e-004 -6.620451e-001 6.938753e-001 5.487024e+000
1.520000e+000 6.203264e-003 6.621235e-005 -1.544141e-003 6.243490e-005 -6.513255e-001 6.039645e-001 5.918319e+000
1.530000e+000 6.024092e-003 6.033257e-005 1.011784e-003 -2.211068e-003 -6.423144e-001 8.994402e-001 5.712641e+000
1.540000e+000 6.390499e-003 6.749118e-005 4.756510e-004 8.689779e-004 -6.397211e-001 5.704049e-001 6.101557e+000
1.550000e+000 5.178723e-003 4.529280e-005 -5.428385e-004 -8.597005e-005 -6.306816e-001 4.918193e-001 5.393715e+000
1.560000e+000 5.157512e-003 4.382611e-005 3.784961e-003 2.700195e-004 -6.166095e-001 7.766604e-001 5.554552e+000
1.570000e+000 5.663779e-003 5.436234e-005 5.268750e-003 8.499349e-005 -6.137748e-001 6.462334e-001 5.567694e+000
1.580000e+000 5.443017e-003 5.059982e-005 -3.776042e-003 1.585091e-003 -6.223756e-001 5.343481e-001 5.811867e+000
1.590000e+000 5.392035e-003 4.417429e-005 5.177083e-004 -2.716439e-003 -6.063589e-001 6.350597e-001 5.621290e+000
1.600000e+000 5.612176e-003 4.941359e-005 -2.090365e-003 1.087240e-003 -6.130727e-001 6.160958e-001 5.166830e+000
1.610000e+000 4.357844e-003 3.018074e-005 -1.176367e-003 -9.469401e-004 -5.690647e-001 5.477999e-001 5.258917e+000
1.620000e+000 3.947496e-003 2.703940e-005 -1.031966e-003 -3.475228e-003 -5.723812e-001 5.660820e-001 5.045439e+000
1.630000e+000 4.518102e-003 3.517498e-005 -9.652148e-003 -1.253158e-003 -5.747253e-001 4.028372e-001 5.425831e+000
1.640000e+000 3.980873e-003 2.647187e-005 -1.846615e-003 -3.290267e-003 -5.553733e-001 5.397127e-001 4.675257e+000
1.650000e+000 4.001766e-003 2.549025e-005 -1.414583e-003 -1.959538e-003 -5.890834e-001 4.186795e-001 4.700375e+000
1.660000e+000 4.545499e-003 3.424939e-005 1.981185e-003 9.374674e-004 -5.663067e-001 8.167349e-001 5.351136e+000
1.670000e+000 4.066967e-003 2.688021e-005 5.253125e-003 -2.188151e-003 -5.580264e-001 4.747671e-001 5.092739e+000
1.680000e+000 3.822565e-003 2.430069e-005 3.016471e-003 3.283561e-003 -5.557141e-001 3.430999e-001 4.719679e+000
1.690000e+000 4.034189e-003 2.639973e-005 2.621549e-003 1.182552e-003 -5.638306e-001 6.651264e-001 4.741281e+000
1.700000e+000 3.852362e-003 3.320893e-005 4.496484e-003 -3.771159e-004 -5.406597e-001 5.471529e-001 5.222842e+000
1.710000e+000 3.676840e-003 2.168629e-005 -3.422201e-003 7.843750e-004 -5.322101e-001 5.512130e-001 4.832270e+000
1.720000e+000 3.511625e-003 1.991054e-005 9.416667e-004 3.093262e-003 -5.286573e-001 2.936276e-001 4.741014e+000
1.730000e+000 4.201519e-003 2.696410e-005 -3.232161e-003 -2.358105e-003 -5.270411e-001 4.456968e-001 5.731776e+000
1.740000e+000 3.517633e-003 1.911309e-005 1.415885e-003 2.250260e-003 -5.107342e-001 5.573010e-001 5.048444e+000
1.750000e+000 4.042158e-003 2.694278e-005 2.644010e-003 2.202246e-003 -5.243159e-001 6.682409e-001 5.672562e+000
1.760000e+000 3.545082e-003 2.131121e-005 1.615820e-003 2.923828e-004 -5.073075e-001 3.675234e-001 4.997894e+000
1.770000e+000 3.455239e-003 2.032094e-005 4.157031e-003 2.622591e-003 -5.182889e-001 3.948267e-001 4.643334e+000
1.780000e+000 4.198925e-003 2.798494e-005 -7.744141e-004 -4.290365e-005 -5.074322e-001 3.203781e-001 5.835908e+000
1.790000e+000 3.265435e-003 1.657577e-005 1.342448e-003 -5.526921e-003 -4.857490e-001 3.697251e-001 4.991188e+000
1.800000e+000 3.815048e-003 2.290916e-005 1.818750e-003 1.038997e-003 -4.800590e-001 3.426429e-001 5.676445e+000
1.810000e+000 3.182712e-003 1.643631e-005 -1.864193e-003 2.420801e-003 -4.992833e-001 2.444237e-001 4.899700e+000
1.820000e+000 3.676571e-003 2.430230e-005 -1.434180e-003 -2.276693e-004 -5.026049e-001 3.517838e-001 5.434311e+000
1.830000e+000 2.620095e-003 1.197490e-005 -1.804687e-003 1.654492e-003 -4.741097e-001 2.897425e-001 4.075972e+000
1.840000e+000 3.766969e-003 2.289323e-005 -6.038477e-003 1.757487e-004 -4.832859e-001 2.615146e-001 5.864345e+000
1.850000e+000 3.384698e-003 1.691502e-005 3.753451e-003 2.304622e-003 -4.626127e-001 3.508124e-001 6.019424e+000
1.860000e+000 2.962205e-003 1.345643e-005 -1.664453e-003 -6.732747e-004 -4.613102e-001 1.884149e-001 4.572577e+000
1.870000e+000 3.117999e-003 1.620071e-005 -4.782552e-004 -2.951823e-004 -4.576359e-001 2.192323e-001 4.900501e+000
1.880000e+000 3.389376e-003 1.913098e-005 -1.168620e-004 1.180664e-004 -4.725923e-001 4.080235e-001 5.727607e+000
1.890000e+000 3.230690e-003 1.635704e-005 -5.037240e-003 -6.426107e-004 -4.827997e-001 2.375748e-001 4.973238e+000
1.900000e+000 3.019670e-003 1.408073e-005 5.045508e-003 2.841895e-003 -4.639594e-001 4.020783e-001 4.942145e+000
1.910000e+000 2.890405e-003 1.371203e-005 -9.506510e-004 -2.024674e-003 -4.335617e-001 3.522741e-001 5.162791e+000
1.920000e+000 2.829153e-003 1.233910e-005 -4.257682e-003 3.524349e-003 -4.450236e-001 4.033216e-001 4.910650e+000
1.930000e+000 2.428590e-003 9.709285e-006 8.993490e-004 -4.989160e-003 -4.479053e-001 2.544271e-001 4.140034e+000
1.940000e+000 2.998579e-003 1.397468e-005 -8.309570e-003 3.677637e-003 -4.370769e-001 2.417585e-001 5.379958e+000
1.950000e+000 3.381609e-003 1.850530e-005 2.297721e-003 -2.931315e-004 -4.436258e-001 4.441920e-001 6.190366e+000
1.960000e+000 2.876664e-003 1.374024e-005 5.009701e-003 3.404948e-005 -4.316820e-001 2.472764e-001 5.627225e+000
1.970000e+000 2.502491e-003 9.558366e-006 1.302409e-003 2.483268e-003 -4.174319e-001 2.678613e-001 4.880701e+000
1.980000e+000 3.059377e-003 1.595100e-005 -1.557747e-003 -7.858073e-005 -4.346051e-001 3.198368e-001 5.944491e+000
1.990000e+000 2.533471e-003 1.083330e-005 -5.413411e-003 1.693164e-003 -4.367089e-001 2.439922e-001 4.362940e+000
2.000000e+000 2.627509e-003 1.437599e-005 5.013672e-003 1.761133e-003 -4.240288e-001 1.776064e-001 5.155345e+000
