# Temperature Magnetization2 Magnetization4 Correlation2 Correlation4 Energy Energy2 HeatCapacity CorrelationLength
0.000000e+000 1.000000e+000 1.000000e+000 1.000000e+000 1.000000e+000 -2.000000e+000 -1.#IND00e+000 2.456717e+016
1.000000e-002 1.000000e+000 1.000000e+000 1.000000e+000 1.000000e+000 -2.000000e+000 0.000000e+000 2.456717e+016
2.000000e-002 1.000000e+000 1.000000e+000 1.000000e+000 1.000000e+000 -2.000000e+000 0.000000e+000 2.456717e+016
3.000000e-002 1.000000e+000 1.000000e+000 1.000000e+000 1.000000e+000 -2.000000e+000 0.000000e+000 2.456717e+016
4.000000e-002 1.000000e+000 1.000000e+000 1.000000e+000 1.000000e+000 -2.000000e+000 0.000000e+000 2.456717e+016
5.000000e-002 1.000000e+000 1.000000e+000 1.000000e+000 1.000000e+000 -2.000000e+000 0.000000e+000 2.456717e+016
6.000000e-002 1.000000e+000 1.000000e+000 1.000000e+000 1.000000e+000 -2.000000e+000 0.000000e+000 2.456717e+016
7.000000e-002 1.000000e+000 1.000000e+000 1.000000e+000 1.000000e+000 -2.000000e+000 0.000000e+000 2.456717e+016
8.000000e-002 1.000000e+000 1.000000e+000 1.000000e+000 1.000000e+000 -2.000000e+000 0.000000e+000 2.456717e+016
9.000000e-002 1.000000e+000 1.000000e+000 1.000000e+000 1.000000e+000 -2.000000e+000 0.000000e+000 2.456717e+016
1.000000e-001 1.000000e+000 1.000000e+000 1.000000e+000 1.000000e+000 -2.000000e+000 0.000000e+000 2.456717e+016
1.100000e-001 1.000000e+000 1.000000e+000 1.000000e+000 1.000000e+000 -2.000000e+000 0.000000e+000 2.456717e+016
1.200000e-001 1.000000e+000 1.000000e+000 1.000000e+000 1.000000e+000 -2.000000e+000 0.000000e+000 2.456717e+016
1.300000e-001 1.000000e+000 1.000000e+000 1.000000e+000 1.000000e+000 -2.000000e+000 0.000000e+000 2.456717e+016
1.400000e-001 1.000000e+000 1.000000e+000 1.000000e+000 1.000000e+000 -2.000000e+000 0.000000e+000 2.456717e+016
1.500000e-001 1.000000e+000 1.000000e+000 1.000000e+000 1.000000e+000 -2.000000e+000 0.000000e+000 2.456717e+016
1.600000e-001 1.000000e+000 1.000000e+000 1.000000e+000 1.000000e+000 -2.000000e+000 0.000000e+000 2.456717e+016
1.700000e-001 1.000000e+000 1.000000e+000 1.000000e+000 1.000000e+000 -2.000000e+000 0.000000e+000 2.456717e+016
1.800000e-001 1.000000e+000 1.000000e+000 1.000000e+000 1.000000e+000 -2.000000e+000 0.000000e+000 2.456717e+016
1.900000e-001 1.000000e+000 1.000000e+000 1.000000e+000 1.000000e+000 -2.000000e+000 0.000000e+000 2.456717e+016
2.000000e-001 1.000000e+000 1.000000e+000 1.000000e+000 1.000000e+000 -2.000000e+000 0.000000e+000 2.456717e+016
2.100000e-001 1.000000e+000 1.000000e+000 1.000000e+000 1.000000e+000 -2.000000e+000 0.000000e+000 2.456717e+016
2.200000e-001 1.000000e+000 1.000000e+000 1.000000e+000 1.000000e+000 -2.000000e+000 0.000000e+000 2.456717e+016
2.300000e-001 1.000000e+000 1.000000e+000 1.000000e+000 1.000000e+000 -2.000000e+000 0.000000e+000 2.456717e+016
2.400000e-001 1.000000e+000 1.000000e+000 1.000000e+000 1.000000e+000 -2.000000e+000 0.000000e+000 2.456717e+016
2.500000e-001 1.000000e+000 1.000000e+000 1.000000e+000 1.000000e+000 -2.000000e+000 0.000000e+000 2.456717e+016
2.600000e-001 1.000000e+000 1.000000e+000 1.000000e+000 1.000000e+000 -2.000000e+000 0.000000e+000 2.456717e+016
2.700000e-001 1.000000e+000 1.000000e+000 1.000000e+000 1.000000e+000 -2.000000e+000 0.000000e+000 2.456717e+016
2.800000e-001 1.000000e+000 1.000000e+000 1.000000e+000 1.000000e+000 -2.000000e+000 0.000000e+000 2.456717e+016
2.900000e-001 1.000000e+000 1.000000e+000 1.000000e+000 1.000000e+000 -2.000000e+000 0.000000e+000 2.456717e+016
3.000000e-001 9.999988e-001 9.999977e-001 9.999988e-001 9.999988e-001 -1.999998e+000 1.388264e-004 2.132515e+005
3.100000e-001 9.999986e-001 9.999971e-001 9.999986e-001 9.999986e-001 -1.999997e+000 1.588905e-004 1.928932e+005
3.200000e-001 1.000000e+000 1.000000e+000 1.000000e+000 1.000000e+000 -2.000000e+000 0.000000e+000 2.456717e+016
3.300000e-001 9.999995e-001 9.999990e-001 9.999995e-001 9.999995e-001 -1.999999e+000 5.100500e-005 3.198773e+005
3.400000e-001 9.999993e-001 9.999987e-001 9.999993e-001 9.999993e-001 -1.999999e+000 6.005802e-005 2.861070e+005
3.500000e-001 9.999984e-001 9.999969e-001 9.999984e-001 9.999984e-001 -1.999997e+000 1.359728e-004 1.846812e+005
3.600000e-001 9.999965e-001 9.999930e-001 9.999965e-001 9.999965e-001 -1.999993e+000 2.889612e-004 1.231207e+005
3.700000e-001 9.999939e-001 9.999878e-001 9.999939e-001 9.999939e-001 -1.999988e+000 4.757077e-004 9.331755e+004
3.800000e-001 9.999926e-001 9.999852e-001 9.999926e-001 9.999926e-001 -1.999985e+000 5.466831e-004 8.473728e+004
3.900000e-001 9.999863e-001 9.999727e-001 9.999863e-001 9.999863e-001 -1.999973e+000 9.537653e-004 6.243325e+004
4.000000e-001 9.999902e-001 9.999805e-001 9.999902e-001 9.999902e-001 -1.999980e+000 6.486002e-004 7.387216e+004
4.100000e-001 9.999893e-001 9.999787e-001 9.999893e-001 9.999893e-001 -1.999979e+000 6.747290e-004 7.064872e+004
4.200000e-001 9.999836e-001 9.999673e-001 9.999836e-001 9.999836e-001 -1.999967e+000 1.017308e-003 5.710958e+004
4.300000e-001 9.999675e-001 9.999350e-001 9.999674e-001 9.999674e-001 -1.999935e+000 1.854418e-003 4.046099e+004
4.400000e-001 9.999616e-001 9.999234e-001 9.999616e-001 9.999616e-001 -1.999923e+000 2.085118e-003 3.724725e+004
4.500000e-001 9.999396e-001 9.998795e-001 9.999396e-001 9.999396e-001 -1.999879e+000 3.232066e-003 2.997296e+004
4.600000e-001 9.999154e-001 9.998311e-001 9.999154e-001 9.999154e-001 -1.999831e+000 4.180287e-003 2.511529e+004
4.700000e-001 9.999161e-001 9.998324e-001 9.999160e-001 9.999160e-001 -1.999832e+000 3.987468e-003 2.518104e+004
4.800000e-001 9.998547e-001 9.997098e-001 9.998546e-001 9.998546e-001 -1.999710e+000 6.533558e-003 1.908766e+004
4.900000e-001 9.998404e-001 9.996812e-001 9.998402e-001 9.998402e-001 -1.999681e+000 7.165172e-003 1.802122e+004
5.000000e-001 9.997906e-001 9.995818e-001 9.997904e-001 9.997904e-001 -1.999581e+000 9.193442e-003 1.603963e+004
5.100000e-001 9.997216e-001 9.994441e-001 9.997214e-001 9.997214e-001 -1.999444e+000 1.112420e-002 1.386117e+004
5.200000e-001 9.996976e-001 9.993961e-001 9.996973e-001 9.996973e-001 -1.999404e+000 1.122492e-002 1.288769e+004
5.300000e-001 9.996110e-001 9.992231e-001 9.996105e-001 9.996105e-001 -1.999225e+000 1.487659e-002 1.146825e+004
5.400000e-001 9.995749e-001 9.991512e-001 9.995745e-001 9.995745e-001 -1.999157e+000 1.536456e-002 1.104255e+004
5.500000e-001 9.994760e-001 9.989537e-001 9.994754e-001 9.994755e-001 -1.998956e+000 1.892044e-002 1.000717e+004
5.600000e-001 9.993773e-001 9.987566e-001 9.993766e-001 9.993770e-001 -1.998758e+000 2.108368e-002 9.187010e+003
5.700000e-001 9.992680e-001 9.985386e-001 9.992672e-001 9.992672e-001 -1.998545e+000 2.394751e-002 8.439459e+003
5.800000e-001 9.991402e-001 9.982838e-001 9.991391e-001 9.991391e-001 -1.998311e+000 2.939155e-002 7.485437e+003
5.900000e-001 9.990309e-001 9.980655e-001 9.990297e-001 9.990301e-001 -1.998099e+000 2.981417e-002 7.094751e+003
6.000000e-001 9.987461e-001 9.974972e-001 9.987444e-001 9.987447e-001 -1.997530e+000 3.718871e-002 6.276975e+003
6.100000e-001 9.985732e-001 9.971524e-001 9.985732e-001 9.985712e-001 -1.997184e+000 4.137861e-002 5.924973e+003
6.200000e-001 9.984292e-001 9.968654e-001 9.984276e-001 9.984271e-001 -1.996924e+000 4.405757e-002 5.645312e+003
6.300000e-001 9.981536e-001 9.963160e-001 9.981509e-001 9.981517e-001 -1.996357e+000 5.196700e-002 5.214058e+003
6.400000e-001 9.978767e-001 9.957637e-001 9.978734e-001 9.978740e-001 -1.995813e+000 5.567467e-002 4.855629e+003
6.500000e-001 9.976678e-001 9.953482e-001 9.976643e-001 9.976661e-001 -1.995425e+000 6.419182e-002 4.565741e+003
6.600000e-001 9.972515e-001 9.945183e-001 9.972481e-001 9.972479e-001 -1.994629e+000 6.581699e-002 4.225390e+003
6.700000e-001 9.968835e-001 9.937858e-001 9.968789e-001 9.968786e-001 -1.993904e+000 7.527328e-002 3.937767e+003
6.800000e-001 9.965291e-001 9.930800e-001 9.965247e-001 9.965258e-001 -1.993211e+000 7.985925e-002 3.740868e+003
6.900000e-001 9.959210e-001 9.918702e-001 9.959184e-001 9.959147e-001 -1.992036e+000 9.059398e-002 3.435368e+003
7.000000e-001 9.955745e-001 9.911811e-001 9.955736e-001 9.955723e-001 -1.991359e+000 9.635699e-002 3.285951e+003
7.100000e-001 9.951481e-001 9.903345e-001 9.951410e-001 9.951459e-001 -1.990571e+000 1.088651e-001 3.069846e+003
7.200000e-001 9.941986e-001 9.884485e-001 9.941971e-001 9.941947e-001 -1.988746e+000 1.231632e-001 2.832248e+003
7.300000e-001 9.938658e-001 9.877872e-001 9.938545e-001 9.938580e-001 -1.988131e+000 1.228034e-001 2.741337e+003
7.400000e-001 9.929286e-001 9.859280e-001 9.929193e-001 9.929255e-001 -1.986348e+000 1.381850e-001 2.541384e+003
7.500000e-001 9.923611e-001 9.848041e-001 9.923560e-001 9.923542e-001 -1.985231e+000 1.498568e-001 2.460353e+003
7.600000e-001 9.914632e-001 9.830264e-001 9.914551e-001 9.914521e-001 -1.983569e+000 1.671475e-001 2.306072e+003
7.700000e-001 9.906728e-001 9.814616e-001 9.906656e-001 9.906652e-001 -1.982109e+000 1.715240e-001 2.161079e+003
7.800000e-001 9.895827e-001 9.793081e-001 9.895600e-001 9.895635e-001 -1.980026e+000 1.969017e-001 2.067107e+003
7.900000e-001 9.888512e-001 9.778629e-001 9.888323e-001 9.888374e-001 -1.978754e+000 1.980775e-001 1.960027e+003
8.000000e-001 9.873245e-001 9.748495e-001 9.873183e-001 9.873051e-001 -1.975869e+000 2.137010e-001 1.852462e+003
8.100000e-001 9.862801e-001 9.727932e-001 9.862597e-001 9.862562e-001 -1.973966e+000 2.274914e-001 1.743697e+003
8.200000e-001 9.846832e-001 9.696526e-001 9.846691e-001 9.846645e-001 -1.970946e+000 2.579175e-001 1.651304e+003
8.300000e-001 9.836252e-001 9.675747e-001 9.836126e-001 9.836218e-001 -1.969106e+000 2.692061e-001 1.575217e+003
8.400000e-001 9.819137e-001 9.642176e-001 9.818874e-001 9.818974e-001 -1.965914e+000 2.894712e-001 1.493478e+003
8.500000e-001 9.807323e-001 9.619056e-001 9.807021e-001 9.807130e-001 -1.963792e+000 3.171399e-001 1.417183e+003
8.600000e-001 9.785981e-001 9.577326e-001 9.785761e-001 9.785701e-001 -1.959977e+000 3.379637e-001 1.334174e+003
8.700000e-001 9.765031e-001 9.536403e-001 9.764771e-001 9.764757e-001 -1.956134e+000 3.463712e-001 1.278183e+003
8.800000e-001 9.751049e-001 9.509259e-001 9.750560e-001 9.750703e-001 -1.953589e+000 3.888036e-001 1.248852e+003
8.900000e-001 9.724698e-001 9.458017e-001 9.724467e-001 9.724493e-001 -1.949024e+000 4.029863e-001 1.153894e+003
9.000000e-001 9.704441e-001 9.418738e-001 9.703973e-001 9.703998e-001 -1.945495e+000 4.082103e-001 1.095879e+003
9.100000e-001 9.676855e-001 9.365366e-001 9.676085e-001 9.676385e-001 -1.940556e+000 4.415347e-001 1.049528e+003
9.200000e-001 9.647443e-001 9.308593e-001 9.647101e-001 9.646943e-001 -1.935600e+000 4.439116e-001 9.840177e+002
9.300000e-001 9.622185e-001 9.260210e-001 9.621513e-001 9.621748e-001 -1.931054e+000 5.354076e-001 9.512477e+002
9.400000e-001 9.593004e-001 9.204225e-001 9.592889e-001 9.592634e-001 -1.925900e+000 5.411403e-001 9.092375e+002
9.500000e-001 9.559856e-001 9.140869e-001 9.559419e-001 9.559295e-001 -1.920528e+000 5.397295e-001 8.586560e+002
9.600000e-001 9.527897e-001 9.080080e-001 9.527232e-001 9.527341e-001 -1.914982e+000 5.911733e-001 8.146633e+002
9.700000e-001 9.487469e-001 9.003397e-001 9.486526e-001 9.486309e-001 -1.908170e+000 6.195046e-001 7.727092e+002
9.800000e-001 9.449774e-001 8.932433e-001 9.448448e-001 9.448832e-001 -1.901592e+000 7.233505e-001 7.335717e+002
9.900000e-001 9.390894e-001 8.821860e-001 9.389376e-001 9.390365e-001 -1.892560e+000 7.664343e-001 6.765039e+002
1.000000e+000 9.356177e-001 8.756728e-001 9.355294e-001 9.355191e-001 -1.886619e+000 7.438287e-001 6.549300e+002
1.010000e+000 9.310834e-001 8.672567e-001 9.309045e-001 9.309680e-001 -1.879184e+000 8.180856e-001 6.209988e+002
1.020000e+000 9.248154e-001 8.556837e-001 9.246821e-001 9.246695e-001 -1.869385e+000 9.076002e-001 5.819409e+002
1.030000e+000 9.189767e-001 8.449594e-001 9.188382e-001 9.188288e-001 -1.860191e+000 9.238144e-001 5.465828e+002
1.040000e+000 9.119184e-001 8.321048e-001 9.116722e-001 9.117096e-001 -1.849289e+000 1.054402e+000 5.073047e+002
1.050000e+000 9.071804e-001 8.235194e-001 9.069577e-001 9.069844e-001 -1.842235e+000 1.056007e+000 4.806609e+002
1.060000e+000 8.990817e-001 8.089507e-001 8.988822e-001 8.988065e-001 -1.830189e+000 1.092669e+000 4.544363e+002
1.070000e+000 8.917949e-001 7.959891e-001 8.915365e-001 8.914946e-001 -1.819411e+000 1.240216e+000 4.273805e+002
1.080000e+000 8.837397e-001 7.817696e-001 8.833663e-001 8.834786e-001 -1.807746e+000 1.257790e+000 3.966189e+002
1.090000e+000 8.747318e-001 7.660375e-001 8.745423e-001 8.743686e-001 -1.794465e+000 1.363019e+000 3.717595e+002
1.100000e+000 8.647758e-001 7.489011e-001 8.643954e-001 8.643464e-001 -1.780546e+000 1.529449e+000 3.500282e+002
1.110000e+000 8.511128e-001 7.255637e-001 8.505907e-001 8.505948e-001 -1.761464e+000 1.633924e+000 3.129286e+002
1.120000e+000 8.378917e-001 7.035982e-001 8.373699e-001 8.372964e-001 -1.744756e+000 1.895987e+000 2.795616e+002
1.130000e+000 8.255049e-001 6.831366e-001 8.248085e-001 8.249373e-001 -1.728186e+000 1.943927e+000 2.604943e+002
1.140000e+000 8.117091e-001 6.608243e-001 8.107771e-001 8.109675e-001 -1.710678e+000 2.089807e+000 2.392855e+002
1.150000e+000 7.967435e-001 6.369704e-001 7.957487e-001 7.960657e-001 -1.691408e+000 2.157521e+000 2.214628e+002
1.160000e+000 7.695645e-001 5.952571e-001 7.682337e-001 7.686086e-001 -1.659351e+000 2.573511e+000 1.846076e+002
1.170000e+000 7.444060e-001 5.578914e-001 7.425340e-001 7.435115e-001 -1.632151e+000 2.815868e+000 1.593855e+002
1.180000e+000 7.158006e-001 5.174338e-001 7.138038e-001 7.148654e-001 -1.601846e+000 3.427901e+000 1.358146e+002
1.190000e+000 6.753213e-001 4.637201e-001 6.716158e-001 6.746149e-001 -1.563494e+000 4.026773e+000 1.103096e+002
1.200000e+000 6.114180e-001 3.902019e-001 6.046998e-001 6.124359e-001 -1.509157e+000 6.201507e+000 7.904840e+001
1.210000e+000 5.145130e-001 2.923190e-001 5.035275e-001 5.194022e-001 -1.430457e+000 9.250888e+000 5.505838e+001
1.220000e+000 3.547961e-001 1.655232e-001 3.347867e-001 3.715695e-001 -1.319927e+000 1.175002e+001 3.191395e+001
1.230000e+000 1.967239e-001 6.655145e-002 1.698001e-001 2.175922e-001 -1.196124e+000 9.814272e+000 2.022671e+001
1.240000e+000 1.014400e-001 2.120844e-002 7.332630e-002 1.216338e-001 -1.108290e+000 6.065303e+000 1.352786e+001
1.250000e+000 6.672154e-002 8.683848e-003 3.712565e-002 8.383883e-002 -1.071602e+000 3.361525e+000 1.069895e+001
1.260000e+000 5.391816e-002 6.111512e-003 2.366354e-002 6.539134e-002 -1.042039e+000 4.154305e+000 9.883875e+000
1.270000e+000 3.686421e-002 2.411611e-003 1.361016e-002 4.352367e-002 -9.911113e-001 2.745661e+000 8.314784e+000
1.280000e+000 2.778890e-002 1.366380e-003 6.580078e-003 3.070023e-002 -9.558340e-001 1.860250e+000 7.539029e+000
1.290000e+000 2.756408e-002 1.418137e-003 6.792318e-003 3.076859e-002 -9.634957e-001 1.749982e+000 7.469283e+000
1.300000e+000 2.017695e-002 7.660699e-004 7.385417e-004 2.130934e-002 -9.128206e-001 2.423457e+000 6.640740e+000
1.310000e+000 1.834261e-002 5.807076e-004 1.371094e-004 1.794290e-002 -8.940665e-001 1.652979e+000 6.412091e+000
1.320000e+000 1.696452e-002 5.220115e-004 6.227214e-004 1.588522e-002 -8.752553e-001 1.565612e+000 6.435307e+000
1.330000e+000 1.639922e-002 4.891827e-004 -3.224609e-004 1.414642e-002 -8.662374e-001 1.654809e+000 6.412904e+000
1.340000e+000 1.463673e-002 3.766272e-004 -3.479818e-004 1.311729e-002 -8.541301e-001 1.654069e+000 5.882985e+000
1.350000e+000 1.364610e-002 3.274392e-004 4.710156e-003 7.251270e-003 -8.497842e-001 9.819368e-001 6.405196e+000
1.360000e+000 1.284400e-002 2.940982e-004 1.661328e-003 9.434375e-003 -8.245847e-001 1.346520e+000 6.049067e+000
1.370000e+000 1.169943e-002 2.440803e-004 4.482227e-003 1.813900e-003 -8.115536e-001 1.243718e+000 6.107289e+000
1.380000e+000 1.061618e-002 1.883045e-004 1.686654e-003 2.799284e-003 -7.803499e-001 9.113356e-001 6.058824e+000
1.390000e+000 1.023450e-002 1.597098e-004 -6.416667e-004 5.533398e-003 -7.855186e-001 1.186551e+000 5.880118e+000
1.400000e+000 9.674527e-003 1.638919e-004 -5.006510e-004 4.705501e-003 -7.606910e-001 9.906233e-001 5.583395e+000
1.410000e+000 8.640466e-003 1.357422e-004 -1.111979e-003 5.294596e-004 -7.483685e-001 1.023749e+000 5.685563e+000
1.420000e+000 9.054912e-003 1.314585e-004 -1.146029e-003 5.315592e-003 -7.208441e-001 8.035082e-001 6.084566e+000
1.430000e+000 8.378342e-003 1.154943e-004 -4.480990e-003 6.639323e-004 -7.349697e-001 7.615768e-001 5.659309e+000
1.440000e+000 7.507327e-003 8.875617e-005 -3.881120e-003 8.115234e-005 -7.214140e-001 8.089010e-001 5.459034e+000
1.450000e+000 8.295389e-003 1.141589e-004 1.715430e-003 1.162435e-003 -7.156210e-001 9.044744e-001 6.047209e+000
1.460000e+000 7.594260e-003 9.983802e-005 2.203776e-004 3.961849e-003 -6.948558e-001 8.048991e-001 5.406790e+000
1.470000e+000 6.885599e-003 8.308620e-005 2.779948e-003 5.949544e-003 -7.054371e-001 8.621293e-001 4.984877e+000
1.480000e+000 6.897772e-003 8.313402e-005 -3.291081e-003 4.069694e-003 -6.992398e-001 8.108177e-001 5.290080e+000
1.490000e+000 7.472229e-003 9.125468e-005 8.076367e-003 7.175456e-004 -6.731757e-001 9.206534e-001 6.294931e+000
1.500000e+000 6.375990e-003 7.396301e-005 -4.155599e-004 -1.054297e-003 -6.585742e-001 1.053926e+000 5.895593e+000
1.510000e+000 6.168575e-003 6.510978e-005 -2.434896e-004 2.006022e-003 -6.585848e-001 6.798433e-001 5.000735e+000
1.520000e+000 6.141143e-003 6.281380e-005 1.424609e-003 1.626986e-003 -6.532983e-001 5.703492e-001 5.630696e+000
1.530000e+000 5.771823e-003 5.184605e-005 2.318555e-003 5.756641e-003 -6.473063e-001 1.074928e+000 5.341460e+000
1.540000e+000 5.811675e-003 5.542876e-005 4.083789e-003 3.910156e-003 -6.373516e-001 5.133399e-001 5.234097e+000
1.550000e+000 5.190450e-003 4.431298e-005 -1.594857e-003 -4.047852e-003 -6.359098e-001 9.714549e-001 5.228808e+000
1.560000e+000 5.788922e-003 5.738235e-005 2.396029e-003 4.750586e-003 -6.167636e-001 6.299971e-001 5.569926e+000
1.570000e+000 5.642830e-003 4.952925e-005 -3.799870e-003 4.201953e-003 -6.092433e-001 8.745886e-001 6.236830e+000
1.580000e+000 5.445332e-003 4.682229e-005 3.796484e-003 -1.998047e-004 -6.119471e-001 5.667370e-001 5.551984e+000
1.590000e+000 4.438651e-003 3.090835e-005 4.524479e-003 -2.045833e-003 -6.014868e-001 7.424480e-001 4.944713e+000
1.600000e+000 5.509920e-003 4.840086e-005 5.065755e-003 -9.278646e-004 -5.881653e-001 5.207591e-001 6.201238e+000
1.610000e+000 5.037409e-003 3.980246e-005 2.292839e-003 2.483333e-003 -5.912332e-001 6.374252e-001 5.241713e+000
1.620000e+000 4.699721e-003 3.713416e-005 2.828776e-004 -1.526107e-003 -5.925732e-001 7.326571e-001 5.169440e+000
1.630000e+000 4.283754e-003 3.317984e-005 -1.152604e-003 -1.682682e-003 -5.498424e-001 7.061569e-001 5.563438e+000
1.640000e+000 4.482346e-003 3.255490e-005 4.791667e-005 -2.597982e-004 -5.851061e-001 8.131050e-001 4.754236e+000
1.650000e+000 3.746118e-003 2.307997e-005 -6.373177e-003 -2.401107e-003 -5.658241e-001 4.392684e-001 4.835957e+000
1.660000e+000 4.018312e-003 2.670120e-005 6.870443e-004 7.278646e-004 -5.648060e-001 5.148624e-001 4.661162e+000
1.670000e+000 4.571470e-003 3.439881e-005 -2.501042e-003 2.095052e-004 -5.506072e-001 3.401529e-001 5.918839e+000
1.680000e+000 4.558656e-003 3.485225e-005 4.077409e-003 -2.185156e-003 -5.636270e-001 4.960983e-001 5.556082e+000
1.690000e+000 4.119086e-003 2.716247e-005 -1.646745e-003 2.938411e-003 -5.383441e-001 6.642451e-001 5.155020e+000
1.700000e+000 4.316636e-003 2.930129e-005 -5.614844e-003 3.659831e-004 -5.419839e-001 4.268055e-001 5.734936e+000
1.710000e+000 3.082644e-003 1.519354e-005 -4.008398e-003 -1.104395e-003 -5.360193e-001 2.563572e-001 4.353506e+000
1.720000e+000 3.525702e-003 1.920799e-005 5.031055e-003 3.551335e-003 -5.428632e-001 5.983109e-001 4.204226e+000
1.730000e+000 4.117974e-003 2.562609e-005 4.759115e-005 2.613607e-004 -5.484135e-001 4.589758e-001 5.452629e+000
1.740000e+000 3.618058e-003 2.018731e-005 -2.515365e-003 1.361979e-003 -5.309820e-001 5.991791e-001 4.644173e+000
1.750000e+000 3.941251e-003 2.523462e-005 3.470052e-005 1.749382e-003 -5.344622e-001 3.871108e-001 5.376825e+000
1.760000e+000 2.936623e-003 1.497036e-005 -1.184831e-003 5.044108e-003 -4.923518e-001 3.337025e-001 4.524828e+000
1.770000e+000 3.088416e-003 1.726196e-005 2.481120e-003 1.229264e-003 -4.979865e-001 4.485181e-001 5.159042e+000
1.780000e+000 3.359376e-003 1.710052e-005 3.418620e-004 -2.086914e-004 -4.929221e-001 3.592913e-001 4.925330e+000
1.790000e+000 3.586452e-003 2.076820e-005 -7.545573e-004 -2.129102e-003 -4.921255e-001 5.225479e-001 5.268987e+000
1.800000e+000 3.861301e-003 2.314274e-005 7.920573e-004 1.621712e-003 -5.011380e-001 3.951178e-001 5.277724e+000
1.810000e+000 2.925187e-003 1.452645e-005 1.712174e-003 1.705762e-003 -4.974920e-001 3.878645e-001 4.228529e+000
1.820000e+000 3.239046e-003 1.782711e-005 2.709570e-003 -8.051432e-004 -4.943535e-001 2.997066e-001 4.548616e+000
1.830000e+000 3.005034e-003 1.375290e-005 -8.378255e-004 1.324479e-003 -4.838913e-001 3.616825e-001 4.454872e+000
1.840000e+000 3.454734e-003 1.971491e-005 -5.464063e-003 1.807943e-004 -4.735212e-001 2.643716e-001 5.511166e+000
1.850000e+000 3.471794e-003 1.934048e-005 -4.911198e-003 6.982096e-004 -4.709148e-001 3.694742e-001 5.937704e+000
1.860000e+000 3.430671e-003 2.134788e-005 3.667188e-003 -1.801888e-003 -4.559435e-001 3.016837e-001 5.876786e+000
1.870000e+000 3.475780e-003 1.872995e-005 9.419922e-004 -8.049805e-004 -4.568372e-001 2.584760e-001 5.553438e+000
1.880000e+000 3.063131e-003 1.548886e-005 5.510091e-003 2.295443e-003 -4.621546e-001 1.914983e-001 5.213457e+000
1.890000e+000 3.055989e-003 1.712733e-005 3.102539e-003 -3.215918e-003 -4.682812e-001 4.805293e-001 4.883881e+000
1.900000e+000 2.946820e-003 1.327390e-005 -4.829427e-004 -1.130664e-003 -4.710814e-001 2.955367e-001 4.912562e+000
1.910000e+000 3.008557e-003 1.400877e-005 -8.592448e-004 1.162337e-003 -4.585944e-001 4.988056e-001 4.988066e+000
1.920000e+000 3.143906e-003 1.473220e-005 1.130208e-004 3.416667e-004 -4.480715e-001 4.329918e-001 5.684751e+000
1.930000e+000 2.886089e-003 1.341329e-005 -4.346549e-003 -4.063053e-003 -4.630078e-001 2.459099e-001 4.758062e+000
1.940000e+000 2.840534e-003 1.301977e-005 -1.389909e-003 2.659831e-004 -4.316665e-001 5.215305e-001 5.378438e+000
1.950000e+000 2.605663e-003 1.114743e-005 3.246354e-003 -3.909570e-003 -4.441920e-001 2.539104e-001 4.444382e+000
1.960000e+000 2.922246e-003 1.378498e-005 5.410026e-003 4.566927e-003 -4.383074e-001 3.615121e-001 4.606951e+000
1.970000e+000 2.437755e-003 9.522516e-006 3.788542e-003 -1.613151e-003 -4.513489e-001 2.587832e-001 4.078657e+000
1.980000e+000 2.894006e-003 1.457264e-005 1.121875e-003 -2.202799e-004 -4.436538e-001 2.771242e-001 4.860222e+000
1.990000e+000 3.155561e-003 1.835878e-005 -5.858073e-003 3.518294e-003 -4.321044e-001 2.310775e-001 5.484452e+000
2.000000e+000 2.434032e-003 9.285897e-006 8.972656e-004 1.692220e-003 -4.351531e-001 2.497932e-001 4.601526e+000
