# Enhanced Quasi-3D Monte Carlo Simulation
# Timestamp: 20250719_000924
# Spin model: cube (8 states - cube vertices)
# Algorithm: wolff
# Theoretical Tc (8-state Potts): ~0.751
# Temperature range: 0.1-1.5 (optimized for critical region)
# Layer: 1/3
# System size: 24x24x3, Total sites: 1728
# Spin vectors: 8 cube vertices (±1,±1,±1)/√3
#
# Temperature          M^2          M^4          G^2          G^4       Energy           Cv         Corr
5.000000e-001 9.999854e-001 9.999710e-001 4.999927e-001 4.999927e-001 -3.999942e+000 2.481049e-003 3.404607e+004
5.100000e-001 9.999903e-001 9.999806e-001 4.999951e-001 4.999951e-001 -3.999961e+000 1.591479e-003 4.169785e+004
5.200000e-001 9.999811e-001 9.999622e-001 4.999905e-001 4.999905e-001 -3.999924e+000 2.982826e-003 2.984210e+004
5.300000e-001 9.999716e-001 9.999433e-001 4.999858e-001 4.999858e-001 -3.999886e+000 4.720051e-003 2.465805e+004
5.400000e-001 9.999799e-001 9.999599e-001 4.999899e-001 4.999899e-001 -3.999919e+000 2.933887e-003 2.897187e+004
5.500000e-001 9.999674e-001 9.999350e-001 4.999837e-001 4.999837e-001 -3.999869e+000 4.571156e-003 2.275746e+004
5.600000e-001 9.999734e-001 9.999470e-001 4.999867e-001 4.999867e-001 -3.999894e+000 3.600993e-003 2.519914e+004
5.700000e-001 9.999695e-001 9.999391e-001 4.999847e-001 4.999847e-001 -3.999878e+000 3.986147e-003 2.352052e+004
5.800000e-001 9.999621e-001 9.999244e-001 4.999810e-001 4.999810e-001 -3.999848e+000 4.775479e-003 2.110135e+004
5.900000e-001 9.999612e-001 9.999225e-001 4.999806e-001 4.999806e-001 -3.999844e+000 4.726577e-003 2.084862e+004
6.000000e-001 9.999482e-001 9.998967e-001 4.999741e-001 4.999741e-001 -3.999793e+000 6.076576e-003 1.805532e+004
6.100000e-001 9.999635e-001 9.999271e-001 4.999817e-001 4.999817e-001 -3.999854e+000 4.160618e-003 2.149829e+004
6.200000e-001 9.999362e-001 9.998727e-001 4.999681e-001 4.999681e-001 -3.999744e+000 6.993517e-003 1.626567e+004
6.300000e-001 9.999598e-001 9.999198e-001 4.999799e-001 4.999799e-001 -3.999839e+000 4.292183e-003 2.048600e+004
6.400000e-001 9.999559e-001 9.999119e-001 4.999779e-001 4.999779e-001 -3.999823e+000 4.561534e-003 1.955303e+004
6.500000e-001 9.999670e-001 9.999341e-001 4.999834e-001 4.999834e-001 -3.999868e+000 3.318928e-003 2.259775e+004
6.600000e-001 9.999679e-001 9.999359e-001 4.999839e-001 4.999839e-001 -3.999871e+000 3.129702e-003 2.292060e+004
6.700000e-001 9.999998e-001 9.999995e-001 4.999999e-001 4.999999e-001 -3.999999e+000 2.200056e-005 2.702343e+005
6.800000e-001 9.999921e-001 9.999843e-001 4.999961e-001 4.999961e-001 -3.999969e+000 7.249818e-004 4.634462e+004
6.900000e-001 9.999942e-001 9.999885e-001 4.999971e-001 4.999971e-001 -3.999977e+000 5.179688e-004 5.404670e+004
7.000000e-001 9.999986e-001 9.999972e-001 4.999993e-001 4.999993e-001 -3.999994e+000 1.209010e-004 1.103226e+005
7.100000e-001 9.999928e-001 9.999857e-001 4.999964e-001 4.999964e-001 -3.999971e+000 6.064238e-004 4.853534e+004
7.200000e-001 9.999979e-001 9.999959e-001 4.999990e-001 4.999990e-001 -3.999992e+000 1.713906e-004 9.007800e+004
7.300000e-001 9.999760e-001 9.999520e-001 4.999880e-001 4.999880e-001 -3.999904e+000 1.917469e-003 2.649833e+004
7.400000e-001 9.999854e-001 9.999710e-001 4.999927e-001 4.999927e-001 -3.999942e+000 1.132692e-003 3.404607e+004
7.500000e-001 9.999693e-001 9.999387e-001 4.999846e-001 4.999846e-001 -3.999877e+000 2.319724e-003 2.343192e+004
7.600000e-001 9.999737e-001 9.999474e-001 4.999868e-001 4.999868e-001 -3.999894e+000 1.938207e-003 2.530943e+004
7.700000e-001 9.999875e-001 9.999751e-001 4.999938e-001 4.999938e-001 -3.999950e+000 8.971046e-004 3.677400e+004
7.800000e-001 9.999621e-001 9.999244e-001 4.999810e-001 4.999810e-001 -3.999848e+000 2.640485e-003 2.110135e+004
7.900000e-001 9.999672e-001 9.999345e-001 4.999836e-001 4.999836e-001 -3.999869e+000 2.231231e-003 2.267719e+004
8.000000e-001 9.999697e-001 9.999396e-001 4.999848e-001 4.999848e-001 -3.999880e+000 2.074151e-003 2.326358e+004
8.100000e-001 9.999485e-001 9.998972e-001 4.999742e-001 4.999742e-001 -3.999794e+000 3.319481e-003 1.809576e+004
8.200000e-001 9.999621e-001 9.999244e-001 4.999810e-001 4.999810e-001 -3.999848e+000 2.447914e-003 2.110135e+004
8.300000e-001 9.999328e-001 9.998658e-001 4.999663e-001 4.999663e-001 -3.999731e+000 4.225967e-003 1.590798e+004
8.400000e-001 9.999365e-001 9.998732e-001 4.999682e-001 4.999682e-001 -3.999745e+000 3.824343e-003 1.628476e+004
8.500000e-001 9.999582e-001 9.999165e-001 4.999791e-001 4.999791e-001 -3.999832e+000 2.451870e-003 2.008594e+004
8.600000e-001 9.999774e-001 9.999548e-001 4.999887e-001 4.999887e-001 -3.999909e+000 1.302269e-003 2.729748e+004
8.700000e-001 9.999612e-001 9.999225e-001 4.999806e-001 4.999806e-001 -3.999844e+000 2.173763e-003 2.084862e+004
8.800000e-001 9.999344e-001 9.998691e-001 4.999671e-001 4.999671e-001 -3.999737e+000 3.672676e-003 1.611834e+004
8.900000e-001 9.999503e-001 9.999009e-001 4.999751e-001 4.999751e-001 -3.999801e+000 2.651975e-003 1.842937e+004
9.000000e-001 9.999402e-001 9.998806e-001 4.999700e-001 4.999700e-001 -3.999760e+000 3.117158e-003 1.679104e+004
9.100000e-001 9.999663e-001 9.999327e-001 4.999831e-001 4.999831e-001 -3.999865e+000 1.824008e-003 2.236437e+004
9.200000e-001 9.999404e-001 9.998810e-001 4.999701e-001 4.999701e-001 -3.999761e+000 2.971736e-003 1.682355e+004
9.300000e-001 9.999466e-001 9.998935e-001 4.999733e-001 4.999733e-001 -3.999786e+000 2.607389e-003 1.777964e+004
9.400000e-001 9.999212e-001 9.998428e-001 4.999605e-001 4.999605e-001 -3.999684e+000 4.148975e-003 1.484222e+004
9.500000e-001 9.999143e-001 9.998289e-001 4.999571e-001 4.999571e-001 -3.999656e+000 3.984739e-003 1.402926e+004
9.600000e-001 9.999029e-001 9.998063e-001 4.999514e-001 4.999514e-001 -3.999611e+000 4.406507e-003 1.318544e+004
9.700000e-001 9.993838e-001 9.987709e-001 4.996913e-001 4.996913e-001 -3.997531e+000 2.843986e-002 5.237246e+003
9.800000e-001 9.993535e-001 9.987104e-001 4.996762e-001 4.996762e-001 -3.997409e+000 2.816275e-002 5.130759e+003
9.900000e-001 9.992882e-001 9.985803e-001 4.996434e-001 4.996434e-001 -3.997147e+000 3.166592e-002 4.897309e+003
1.000000e+000 9.992529e-001 9.985098e-001 4.996257e-001 4.996257e-001 -3.997006e+000 3.232654e-002 4.800196e+003
1.010000e+000 9.991722e-001 9.983488e-001 4.995853e-001 4.995853e-001 -3.996683e+000 3.388643e-002 4.530075e+003
1.020000e+000 9.991914e-001 9.983874e-001 4.995949e-001 4.995949e-001 -3.996759e+000 3.447392e-002 4.619215e+003
1.030000e+000 9.990616e-001 9.981285e-001 4.995299e-001 4.995299e-001 -3.996240e+000 3.813673e-002 4.278108e+003
1.040000e+000 9.990690e-001 9.981430e-001 4.995336e-001 4.995336e-001 -3.996269e+000 3.621480e-002 4.256339e+003
1.050000e+000 9.989978e-001 9.980011e-001 4.994979e-001 4.994979e-001 -3.995983e+000 3.770634e-002 4.112792e+003
1.060000e+000 9.989177e-001 9.978415e-001 4.994578e-001 4.994578e-001 -3.995663e+000 4.092170e-002 3.961835e+003
1.070000e+000 9.988796e-001 9.977656e-001 4.994387e-001 4.994387e-001 -3.995510e+000 4.204900e-002 3.894714e+003
1.080000e+000 9.988220e-001 9.976509e-001 4.994098e-001 4.994100e-001 -3.995280e+000 4.264064e-002 3.810012e+003
1.090000e+000 9.987512e-001 9.975097e-001 4.993743e-001 4.993743e-001 -3.994998e+000 4.468171e-002 3.650433e+003
1.100000e+000 9.985087e-001 9.970266e-001 4.992528e-001 4.992528e-001 -3.994030e+000 5.313674e-002 3.405086e+003
1.110000e+000 9.985819e-001 9.971722e-001 4.992895e-001 4.992896e-001 -3.994318e+000 4.819824e-002 3.438634e+003
1.120000e+000 9.984941e-001 9.969973e-001 4.992455e-001 4.992456e-001 -3.993967e+000 5.045715e-002 3.336885e+003
1.130000e+000 9.982155e-001 9.964424e-001 4.991058e-001 4.991058e-001 -3.992852e+000 6.013758e-002 3.066460e+003
1.140000e+000 9.983223e-001 9.966549e-001 4.991594e-001 4.991594e-001 -3.993276e+000 5.293300e-002 3.131793e+003
1.150000e+000 9.980893e-001 9.961904e-001 4.990426e-001 4.990427e-001 -3.992344e+000 5.710105e-002 2.978365e+003
1.160000e+000 9.979491e-001 9.959120e-001 4.989722e-001 4.989722e-001 -3.991783e+000 6.542705e-002 2.875633e+003
1.170000e+000 9.980423e-001 9.960975e-001 4.990190e-001 4.990190e-001 -3.992153e+000 6.123790e-002 2.924351e+003
1.180000e+000 9.978335e-001 9.956813e-001 4.989144e-001 