# Enhanced Quasi-3D Monte Carlo Simulation
# Timestamp: 20250719_003802
# Spin model: cube (8 states - cube vertices)
# Algorithm: wolff
# Theoretical Tc (8-state Potts): ~0.751
# Temperature range: 0.1-1.5 (optimized for critical region)
# Layer: 2/3
# System size: 16x16x3, Total sites: 768
# Spin vectors: 8 cube vertices (±1,±1,±1)/√3
#
# Temperature          M^2          M^4          G^2          G^4       Energy           Cv         Corr
5.000000e-001 1.000000e+000 1.000000e+000 5.000000e-001 5.000000e-001 -4.000000e+000 0.000000e+000 0.000000e+000
5.100000e-001 1.000000e+000 1.000000e+000 5.000000e-001 5.000000e-001 -4.000000e+000 0.000000e+000 0.000000e+000
5.200000e-001 9.999995e-001 9.999990e-001 4.999997e-001 4.999997e-001 -3.999998e+000 8.217866e-005 8.035627e+004
5.300000e-001 9.999943e-001 9.999886e-001 4.999971e-001 4.999971e-001 -3.999977e+000 8.697401e-004 2.422826e+004
5.400000e-001 1.000000e+000 1.000000e+000 5.000000e-001 5.000000e-001 -4.000000e+000 0.000000e+000 0.000000e+000
5.500000e-001 9.999979e-001 9.999959e-001 4.999990e-001 4.999990e-001 -3.999992e+000 2.937888e-004 4.017810e+004
5.600000e-001 9.999979e-001 9.999959e-001 4.999990e-001 4.999990e-001 -3.999992e+000 2.833900e-004 4.017810e+004
5.700000e-001 1.000000e+000 1.000000e+000 5.000000e-001 5.000000e-001 -4.000000e+000 0.000000e+000 0.000000e+000
5.800000e-001 9.999886e-001 9.999773e-001 4.999943e-001 4.999943e-001 -3.999954e+000 1.451698e-003 1.713192e+004
5.900000e-001 9.999979e-001 9.999959e-001 4.999990e-001 4.999990e-001 -3.999992e+000 2.553034e-004 4.017810e+004
6.000000e-001 9.999984e-001 9.999969e-001 4.999992e-001 4.999992e-001 -3.999994e+000 1.851574e-004 4.639369e+004
6.100000e-001 9.999787e-001 9.999577e-001 4.999893e-001 4.999893e-001 -3.999915e+000 2.443546e-003 1.254941e+004
6.200000e-001 9.999647e-001 9.999298e-001 4.999823e-001 4.999823e-001 -3.999858e+000 3.917725e-003 9.744459e+003
6.300000e-001 9.999673e-001 9.999350e-001 4.999836e-001 4.999836e-001 -3.999869e+000 3.516226e-003 1.012378e+004
6.400000e-001 9.999829e-001 9.999659e-001 4.999914e-001 4.999914e-001 -3.999931e+000 1.787410e-003 1.398811e+004
6.500000e-001 9.999767e-001 9.999536e-001 4.999883e-001 4.999883e-001 -3.999906e+000 2.361538e-003 1.197867e+004
6.600000e-001 9.999232e-001 9.998472e-001 4.999615e-001 4.999615e-001 -3.999692e+000 7.494378e-003 6.604992e+003
6.700000e-001 9.999383e-001 9.998772e-001 4.999690e-001 4.999690e-001 -3.999752e+000 5.855892e-003 7.366021e+003
6.800000e-001 9.999357e-001 9.998720e-001 4.999677e-001 4.999677e-001 -3.999742e+000 5.922299e-003 7.215975e+003
6.900000e-001 9.999658e-001 9.999319e-001 4.999828e-001 4.999828e-001 -3.999863e+000 3.070419e-003 9.891006e+003
7.000000e-001 9.999035e-001 9.998080e-001 4.999516e-001 4.999516e-001 -3.999613e+000 8.356925e-003 5.891724e+003
7.100000e-001 9.999222e-001 9.998452e-001 4.999609e-001 4.999609e-001 -3.999687e+000 6.562851e-003 6.560808e+003
7.200000e-001 9.998765e-001 9.997543e-001 4.999380e-001 4.999380e-001 -3.999504e+000 1.008092e-002 5.208402e+003
7.300000e-001 9.998895e-001 9.997801e-001 4.999445e-001 4.999445e-001 -3.999556e+000 8.787621e-003 5.505617e+003
7.400000e-001 9.997977e-001 9.995974e-001 4.998984e-001 4.998984e-001 -3.999188e+000 1.551802e-002 4.068586e+003
7.500000e-001 9.998034e-001 9.996090e-001 4.999013e-001 4.999013e-001 -3.999215e+000 1.508715e-002 4.084228e+003
7.600000e-001 9.997271e-001 9.994571e-001 4.998630e-001 4.998630e-001 -3.998905e+000 1.978753e-002 3.496833e+003
7.700000e-001 9.996815e-001 9.993662e-001 4.998401e-001 4.998401e-001 -3.998721e+000 2.245648e-002 3.242398e+003
7.800000e-001 9.996685e-001 9.993404e-001 4.998336e-001 4.998336e-001 -3.998669e+000 2.259420e-002 3.178318e+003
7.900000e-001 9.995948e-001 9.991939e-001 4.997966e-001 4.997966e-001 -3.998373e+000 2.686542e-002 2.875495e+003
8.000000e-001 9.996140e-001 9.992321e-001 4.998062e-001 4.998062e-001 -3.998450e+000 2.521956e-002 2.942631e+003
8.100000e-001 9.995311e-001 9.990674e-001 4.997646e-001 4.997646e-001 -3.998118e+000 3.168333e-002 2.676305e+003
8.200000e-001 9.995493e-001 9.991035e-001 4.997737e-001 4.997737e-001 -3.998207e+000 2.836364e-002 2.680397e+003
8.300000e-001 9.993951e-001 9.987969e-001 4.996964e-001 4.996964e-001 -3.997571e+000 3.729044e-002 2.357413e+003
8.400000e-001 9.994231e-001 9.988524e-001 4.997104e-001 4.997104e-001 -3.997683e+000 3.408204e-002 2.417873e+003
8.500000e-001 9.993801e-001 9.987671e-001 4.996888e-001 4.996888e-001 -3.997511e+000 3.686862e-002 2.311369e+003
8.600000e-001 9.992945e-001 9.985969e-001 4.996458e-001 4.996458e-001 -3.997167e+000 4.084851e-002 2.187989e+003
8.700000e-001 9.990533e-001 9.981171e-001 4.995247e-001 4.995247e-001 -3.996203e+000 5.189441e-002 1.881106e+003
8.800000e-001 9.991140e-001 9.982378e-001 4.995552e-001 4.995552e-001 -3.996444e+000 4.760123e-002 1.949278e+003
8.900000e-001 9.990410e-001 9.980929e-001 4.995242e-001 4.995185e-001 -3.996158e+000 5.182730e-002 1.864370e+003
9.000000e-001 9.988885e-001 9.977898e-001 4.994419e-001 4.994419e-001 -3.995548e+000 5.817316e-002 1.723177e+003
9.100000e-001 9.986866e-001 9.973895e-001 4.993404e-001 4.993404e-001 -3.994768e+000 7.061327e-002 1.580965e+003
9.200000e-001 9.984073e-001 9.968338e-001 4.992003e-001 4.992003e-001 -3.993626e+000 8.015868e-002 1.443370e+003
9.300000e-001 9.983811e-001 9.967818e-001 4.991870e-001 4.991872e-001 -3.993517e+000 8.081918e-002 1.428237e+003
9.400000e-001 9.983005e-001 9.966226e-001 4.991464e-001 4.991467e-001 -3.993251e+000 8.463517e-002 1.368093e+003
9.500000e-001 9.981444e-001 9.963121e-001 4.990680e-001 4.990701e-001 -3.992576e+000 9.032498e-002 1.328581e+003
9.600000e-001 9.981643e-001 9.963511e-001 4.990781e-001 4.990789e-001 -3.992649e+000 8.441803e-002 1.342265e+003
9.700000e-001 9.978170e-001 9.956609e-001 4.989036e-001 4.989042e-001 -3.991283e+000 9.524073e-002 1.219674e+003
9.800000e-001 9.977207e-001 9.954718e-001 4.988557e-001 4.988560e-001 -3.990922e+000 1.047448e-001 1.199032e+003
9.900000e-001 9.976240e-001 9.952807e-001 4.988086e-001 4.988174e-001 -3.990510e+000 1.117414e-001 1.172159e+003
1.000000e+000 9.971620e-001 9.943627e-001 4.985758e-001 4.985792e-001 -3.988659e+000 1.241842e-001 1.068288e+003
1.010000e+000 9.969474e-001 9.939380e-001 4.984664e-001 4.984693e-001 -3.987851e+000 1.329874e-001 1.023091e+003
1.020000e+000 9.965331e-001 9.931159e-001 4.982609e-001 4.982586e-001 -3.986190e+000 1.452122e-001 9.654125e+002
1.030000e+000 9.964348e-001 9.929183e-001 4.982089e-001 4.982116e-001 -3.985787e+000 1.359593e-001 9.528639e+002
1.040000e+000 9.962643e-001 9.925820e-001 4.981229e-001 4.981238e-001 -3.985107e+000 1.471782e-001 9.263652e+002
1.050000e+000 9.957286e-001 9.915208e-001 4.978557e-001 4.978573e-001 -3.982994e+000 1.648710e-001 8.706144e+002
1.060000e+000 9.957051e-001 9.914721e-001 4.978453e-001 4.978426e-001 -3.982804e+000 1.579833e-001 8.714400e+002
1.070000e+000 9.950752e-001 9.902266e-001 4.975247e-001 4.975284e-001 -3.980329e+000 1.830690e-001 8.102337e+002
1.080000e+000 9.947118e-001 9.895069e-001 4.973523e-001 4.973432e-001 -3.978895e+000 1.907369e-001 7.849575e+002
1.090000e+000 9.942894e-001 9.886705e-001 4.971331e-001 4.971298e-001 -3.977172e+000 2.020436e-001 7.585577e+002
1.100000e+000 9.941743e-001 9.884433e-001 4.970833e-001 4.970770e-001 -3.976832e+000 2.013982e-001 7.476442e+002
1.110000e+000 9.933903e-001 9.868975e-001 4.966893e-001 4.966811e-001 -3.973779e+000 2.359860e-001 6.925055e+002
1.120000e+000 9.927901e-001 9.857100e-001 4.963740e-001 4.963790e-001 -3.971421e+000 2.454534e-001 6.615560e+002
1.130000e+000 9.924960e-001 9.851270e-001 4.962375e-001 4.962285e-001 -3.970265e+000 2.433010e-001 6.527628e+002
1.140000e+000 9.917365e-001 9.836306e-001 4.958458e-001 4.958486e-001 -3.967258e+000 2.711396e-001 6.188343e+002
1.150000e+000 9.915013e-001 9.831679e-001 4.957404e-001 4.957397e-001 -3.966306e+000 2.783735e-001 6.043124e+002
1.160000e+000 9.910802e-001 9.823372e-001 4.955159e-001 4.955245e-001 -3.964587e+000 2.884446e-001 5.997359e+002
1.170000e+000 9.906272e-001 9.814478e-001 4.952875e-001 4.952949e-001 -3.962851e+000 3.049528e-001 5.796000e+002
1.180000e+000 9.897115e-001 9.796414e-001 4.948331e-001 4.948255e-001 -3.959176e+000 3.185649e-001 5.510165e+002
1.190000e+000 9.891990e-001 9.786315e-001 4.945716e-001 4.945799e-001 -3.957194e+000 3.267325e-001 5.395036e+002
1.200000e+000 9.883669e-001 9.769967e-001 4.941617e-001 4.941674e-001 -3.953894e+000 3.505063e-001 5.187919e+002
1.210000e+000 9.876178e-001 9.755314e-001 4.937794e-001 4.937870e-001 -3.951088e+000 3.787871e-001 5.000095e+002
1.220000e+000 9.868450e-001 9.739962e-001 4.933932e-001 4.934055e-001 -3.947694e+000 3.565479e-001 4.897226e+002
1.230000e+000 9.860811e-001 9.725158e-001 4.930044e-001 4.930158e-001 -3.944962e+000 4.127645e-001 4.729045e+002
1.240000e+000 9.857412e-001 9.718505e-001 4.928323e-001 4.928548e-001 -3.943672e+000 4.193808e-001 4.632457e+002
1.250000e+000 9.847987e-001 9.699902e-001 4.923716e-001 4.923635e-001 -3.940103e+000 3.988080e-001 4.499158e+002
1.260000e+000 9.848862e-001 9.701631e-001 4.924151e-001 4.924117e-001 -3.940222e+000 4.011426e-001 4.495559e+002
1.270000e+000 9.829793e-001 9.664363e-001 4.914711e-001 4.914553e-001 -3.932751e+000 4.557949e-001 4.275869e+002
1.280000e+000 9.821977e-001 9.649112e-001 4.910531e-001 4.910661e-001 -3.929765e+000 4.732572e-001 4.118983e+002
1.290000e+000 9.808423e-001 9.622823e-001 4.903591e-001 4.903807e-001 -3.924579e+000 5.292523e-001 4.023887e+002
1.300000e+000 9.803862e-001 9.613879e-001 4.901573e-001 4.901552e-001 -3.923071e+000 5.159849e-001 3.858333e+002
1.310000e+000 9.786443e-001 9.579825e-001 4.892510e-001 4.892975e-001 -3.915809e+000 5.369146e-001 3.763195e+002
1.320000e+000 9.779444e-001 9.566268e-001 4.889544e-001 4.889203e-001 -3.913173e+000 5.574047e-001 3.694243e+002
1.330000e+000 9.771157e-001 9.550089e-001 4.884956e-001 4.885070e-001 -3.910195e+000 5.450562e-001 3.637511e+002
1.340000e+000 9.762256e-001 9.532858e-001 4.880909e-001 4.880633e-001 -3.906835e+000 5.695187e-001 3.527686e+002
1.350000e+000 9.738305e-001 9.486432e-001 4.868516e-001 4.868447e-001 -3.897565e+000 6.182606e-001 3.379224e+002
1.360000e+000 9.726538e-001 9.463861e-001 4.862411e-001 4.862694e-001 -3.892845e+000 6.731394e-001 3.302089e+002
1.370000e+000 9.722805e-001 9.456526e-001 4.860734e-001 4.860763e-001 -3.891412e+000 6.515722e-001 3.264366e+002
1.380000e+000 9.708949e-001 9.429810e-001 4.853729e-001 4.853616e-001 -3.886385e+000 6.804046e-001 3.133137e+002
1.390000e+000 9.692682e-001 9.398272e-001 4.845576e-001 4.846030e-001 -3.879865e+000 6.769392e-001 3.084170e+002
1.400000e+000 9.674327e-001 9.363119e-001 4.836385e-001 4.836233e-001 -3.872429e+000 7.493908e-001 2.994355e+002
1.410000e+000 9.665642e-001 9.346298e-001 4.831945e-001 4.832092e-001 -3.869673e+000 7.129723e-001 2.946876e+002
1.420000e+000 9.657524e-001 9.330923e-001 4.828029e-001 4.827978e-001 -3.866616e+000 7.676048e-001 2.878166e+002
1.430000e+000 9.636163e-001 9.289666e-001 4.817055e-001 4.817240e-001 -3.858468e+000 7.350402e-001 2.800684e+002
1.440000e+000 9.622999e-001 9.264527e-001 4.810362e-001 4.810835e-001 -3.853256e+000 7.719868e-001 2.747019e+002
1.450000e+000 9.595719e-001 9.212744e-001 4.796815e-001 4.797137e-001 -3.842660e+000 8.814765e-001 2.648863e+002
1.460000e+000 9.578958e-001 9.180792e-001 4.789070e-001 4.788358e-001 -3.836359e+000 8.926069e-001 2.576157e+002
1.470000e+000 9.553031e-001 9.131030e-001 4.775125e-001 4.775632e-001 -3.826145e+000 8.553314e-001 2.502873e+002
1.480000e+000 9.533144e-001 9.093631e-001 4.765521e-001 4.765350e-001 -3.819292e+000 9.176087e-001 2.428449e+002
1.490000e+000 9.518929e-001 9.066487e-001 4.758549e-001 4.758460e-001 -3.813773e+000 9.056287e-001 2.383509e+002
1.500000e+000 9.515769e-001 9.060656e-001 4.756966e-001 4.756714e-001 -3.812545e+000 9.168652e-001 2.376895e+002
1.510000e+000 9.480007e-001 8.993155e-001 4.738185e-001 4.738715e-001 -3.798915e+000 9.743184e-001 2.280833e+002
1.520000e+000 9.463383e-001 8.962079e-001 4.729794e-001 4.730340e-001 -3.793189e+000 1.005718e+000 2.230374e+002
1.530000e+000 9.437610e-001 8.913489e-001 4.717589e-001 4.717217e-001 -3.782608e+000 1.025747e+000 2.195741e+002
1.540000e+000 9.421519e-001 8.883650e-001 4.709018e-001 4.709115e-001 -3.777293e+000 1.063759e+000 2.147299e+002
1.550000e+000 9.378170e-001 8.802795e-001 4.688622e-001 4.687457e-001 -3.761162e+000 1.149925e+000 2.050134e+002
1.560000e+000 9.359877e-001 8.768486e-001 4.678773e-001 4.678211e-001 -3.753240e+000 1.142500e+000 2.049372e+002
1.570000e+000 9.353659e-001 8.756699e-001 4.674727e-001 4.675604e-001 -3.751510e+000 1.100123e+000 1.984191e+002
1.580000e+000 9.303226e-001 8.663801e-001 4.650159e-001 4.650464e-001 -3.733140e+000 1.240642e+000 1.907320e+002
1.590000e+000 9.280712e-001 8.621823e-001 4.638799e-001 4.638570e-001 -3.725218e+000 1.199272e+000 1.880485e+002
1.600000e+000 9.270558e-001 8.603398e-001 4.633516e-001 4.633780e-001 -3.721600e+000 1.241373e+000 1.856687e+002
1.610000e+000 9.215287e-001 8.501619e-001 4.604555e-001 4.606220e-001 -3.700606e+000 1.280522e+000 1.796621e+002
1.620000e+000 9.175290e-001 8.428737e-001 4.585443e-001 4.585497e-001 -3.685450e+000 1.332223e+000 1.739300e+002
1.630000e+000 9.155739e-001 8.393315e-001 4.575539e-001 4.575743e-001 -3.679155e+000 1.366265e+000 1.700793e+002
1.640000e+000 9.121533e-001 8.330886e-001 4.558214e-001 4.558626e-001 -3.666032e+000 1.375821e+000 1.684527e+002
1.650000e+000 9.094759e-001 8.282442e-001 4.545224e-001 4.545947e-001 -3.656284e+000 1.383139e+000 1.646181e+002
1.660000e+000 9.053179e-001 8.207879e-001 4.524279e-001 4.523378e-001 -3.639740e+000 1.480608e+000 1.600899e+002
1.670000e+000 9.017345e-001 8.144380e-001 4.507995e-001 4.507051e-001 -3.627714e+000 1.591208e+000 1.547329e+002
1.680000e+000 8.945309e-001 8.015386e-001 4.469396e-001 4.471173e-001 -3.601427e+000 1.623310e+000 1.491199e+002
1.690000e+000 8.950643e-001 8.024772e-001 4.471852e-001 4.472250e-001 -3.603933e+000 1.551359e+000 1.481417e+002
1.700000e+000 8.890889e-001 7.919773e-001 4.442693e-001 4.443147e-001 -3.583519e+000 1.694217e+000 1.428733e+002
1.710000e+000 8.857141e-001 7.860521e-001 4.424688e-001 4.425622e-001 -3.570608e+000 1.759545e+000 1.397251e+002
1.720000e+000 8.835520e-001 7.821252e-001 4.414958e-001 4.414953e-001 -3.561572e+000 1.657536e+000 1.383919e+002
1.730000e+000 8.781512e-001 7.727244e-001 4.386971e-001 4.387655e-001 -3.542470e+000 1.709616e+000 1.345415e+002
1.740000e+000 8.730169e-001 7.639252e-001 4.362948e-001 4.361763e-001 -3.525446e+000 1.884450e+000 1.306017e+002
1.750000e+000 8.665992e-001 7.527239e-001 4.328820e-001 4.328984e-001 -3.501419e+000 1.856058e+000 1.256230e+002
1.760000e+000 8.631566e-001 7.467311e-001 4.309195e-001 4.311759e-001 -3.489214e+000 1.780297e+000 1.256759e+002
1.770000e+000 8.580613e-001 7.382940e-001 4.285258e-001 4.285727e-001 -3.471943e+000 2.056385e+000 1.212155e+002
1.780000e+000 8.529602e-001 7.295534e-001 4.262135e-001 4.262232e-001 -3.453841e+000 2.037768e+000 1.178952e+002
1.790000e+000 8.455536e-001 7.170527e-001 4.221951e-001 4.222798e-001 -3.429916e+000 2.029008e+000 1.128630e+002
1.800000e+000 8.370397e-001 7.027630e-001 4.179406e-001 4.181835e-001 -3.396256e+000 2.042793e+000 1.102007e+002
1.810000e+000 8.362074e-001 7.016786e-001 4.175716e-001 4.176587e-001 -3.394355e+000 2.331239e+000 1.092652e+002
1.820000e+000 8.278091e-001 6.876958e-001 4.134117e-001 4.134039e-001 -3.367664e+000 2.219502e+000 1.039176e+002
1.830000e+000 8.216617e-001 6.775639e-001 4.101961e-001 4.104340e-001 -3.344624e+000 2.253276e+000 1.034887e+002
1.840000e+000 8.168391e-001 6.696875e-001 4.079089e-001 4.078172e-001 -3.329360e+000 2.204494e+000 9.837609e+001
1.850000e+000 8.099647e-001 6.588226e-001 4.039724e-001 4.045229e-001 -3.305461e+000 2.415919e+000 9.709088e+001
1.860000e+000 7.993765e-001 6.419930e-001 3.991146e-001 3.991526e-001 -3.270639e+000 2.512138e+000 9.182181e+001
1.870000e+000 7.913864e-001 6.293469e-001 3.954927e-001 3.951023e-001 -3.244448e+000 2.508922e+000 8.988687e+001
1.880000e+000 7.832174e-001 6.165638e-001 3.908883e-001 3.909479e-001 -3.217245e+000 2.542450e+000 8.603626e+001
1.890000e+000 7.757390e-001 6.053850e-001 3.868242e-001 3.871995e-001 -3.193196e+000 2.848710e+000 8.396273e+001
1.900000e+000 7.663859e-001 5.907728e-001 3.822013e-001 3.825030e-001 -3.160087e+000 2.593603e+000 8.067251e+001
1.910000e+000 7.552358e-001 5.741273e-001 3.769427e-001 3.771542e-001 -3.123610e+000 2.814336e+000 7.652249e+001
1.920000e+000 7.455110e-001 5.599583e-001 3.717203e-001 3.717272e-001 -3.094235e+000 3.039295e+000 7.487489e+001
1.930000e+000 7.364755e-001 5.467854e-001 3.671516e-001 3.674797e-001 -3.066274e+000 3.155374e+000 7.215660e+001
1.940000e+000 7.278198e-001 5.343092e-001 3.630883e-001 3.631401e-001 -3.038793e+000 3.176732e+000 7.079836e+001
1.950000e+000 7.136150e-001 5.140662e-001 3.556357e-001 3.560561e-001 -2.993096e+000 3.258291e+000 6.634325e+001
1.960000e+000 6.966492e-001 4.908396e-001 3.471122e-001 3.474538e-001 -2.942173e+000 3.552113e+000 6.164790e+001
1.970000e+000 6.883905e-001 4.794435e-001 3.426760e-001 3.430444e-001 -2.914239e+000 3.445254e+000 6.079613e+001
1.980000e+000 6.672631e-001 4.508980e-001 3.321245e-001 3.331036e-001 -2.855208e+000 3.371116e+000 5.475881e+001
1.990000e+000 6.563803e-001 4.370491e-001 3.267810e-001 3.277703e-001 -2.820694e+000 3.554378e+000 5.297459e+001
2.000000e+000 6.309085e-001 4.063340e-001 3.138573e-001 3.146983e-001 -2.749929e+000 4.281183e+000 4.753793e+001
2.010000e+000 6.055214e-001 3.775233e-001 3.005648e-001 3.027031e-001 -2.677391e+000 5.229133e+000 4.270847e+001
2.020000e+000 5.694571e-001 3.378936e-001 2.818596e-001 2.847223e-001 -2.588281e+000 5.652000e+000 3.683895e+001
2.030000e+000 5.478696e-001 3.157387e-001 2.703966e-001 2.743960e-001 -2.537304e+000 6.325495e+000 3.422956e+001
2.040000e+000 5.005195e-001 2.687288e-001 2.453313e-001 2.509691e-001 -2.415373e+000 6.497457e+000 2.917353e+001
2.050000e+000 4.566605e-001 2.418721e-001 2.233875e-001 2.310439e-001 -2.314854e+000 1.103343e+001 2.524179e+001
2.060000e+000 3.183429e-001 1.392251e-001 1.506125e-001 1.639375e-001 -1.988045e+000 1.290195e+001 1.653794e+001
2.070000e+000 2.357691e-001 8.723635e-002 1.058565e-001 1.258521e-001 -1.794379e+000 1.091442e+001 1.259027e+001
2.080000e+000 1.723278e-001 5.555531e-002 7.691510e-002 9.306250e-002 -1.630593e+000 9.190707e+000 1.013635e+001
2.090000e+000 1.269247e-001 3.230798e-002 5.138828e-002 7.230443e-002 -1.538636e+000 6.430458e+000 8.062684e+000
2.100000e+000 7.528421e-002 1.220697e-002 2.312109e-002 4.520026e-002 -1.365047e+000 3.939736e+000 6.180869e+000
2.110000e+000 5.491984e-002 7.136661e-003 1.646042e-002 3.600169e-002 -1.284606e+000 3.559323e+000 5.282801e+000
2.120000e+000 5.750307e-002 7.574907e-003 1.516667e-002 3.451940e-002 -1.284127e+000 2.972213e+000 5.525735e+000
2.130000e+000 3.915525e-002 3.260988e-003 9.090885e-003 2.276341e-002 -1.217567e+000 2.392675e+000 4.374221e+000
2.140000e+000 3.459188e-002 2.384739e-003 1.130937e-002 1.853216e-002 -1.149529e+000 1.948670e+000 4.170703e+000
2.150000e+000 3.314889e-002 2.175349e-003 4.532031e-003 1.956042e-002 -1.132305e+000 1.895023e+000 4.249121e+000
2.160000e+000 2.663414e-002 1.293676e-003 2.820052e-003 1.349766e-002 -1.109030e+000 1.829986e+000 3.579205e+000
2.170000e+000 2.954009e-002 1.771501e-003 3.540104e-003 1.572604e-002 -1.100709e+000 1.919950e+000 3.968214e+000
2.180000e+000 2.257029e-002 8.838276e-004 -1.178125e-003 1.153190e-002 -1.059543e+000 1.502849e+000 3.468284e+000
2.190000e+000 2.114523e-002 8.325884e-004 3.598177e-003 1.026120e-002 -1.049279e+000 1.562058e+000 3.305452e+000
2.200000e+000 2.007329e-002 7.339216e-004 1.284635e-003 8.486328e-003 -1.012495e+000 1.142660e+000 3.414298e+000
2.210000e+000 1.979226e-002 7.525470e-004 2.662760e-003 8.307813e-003 -1.008516e+000 1.457341e+000 3.251284e+000
2.220000e+000 1.732578e-002 5.451998e-004 6.023698e-003 7.241406e-003 -9.743151e-001 1.332819e+000 3.022391e+000
2.230000e+000 1.865181e-002 6.098026e-004 2.886198e-003 1.154154e-002 -9.710755e-001 1.326581e+000 3.161193e+000
2.240000e+000 1.622987e-002 4.575211e-004 -1.059896e-004 9.168750e-003 -9.354365e-001 9.624735e-001 2.972092e+000
2.250000e+000 1.965328e-002 6.946722e-004 5.147656e-003 7.419922e-003 -9.773693e-001 1.628611e+000 3.385707e+000
2.260000e+000 1.458968e-002 3.728218e-004 2.401563e-003 6.894141e-003 -9.596583e-001 1.428814e+000 2.781990e+000
2.270000e+000 1.638013e-002 4.779457e-004 -6.259635e-003 7.464193e-003 -9.273948e-001 1.095424e+000 3.264226e+000
2.280000e+000 1.640683e-002 4.479355e-004 -1.030729e-003 1.017135e-002 -9.377953e-001 1.203717e+000 3.253980e+000
2.290000e+000 1.495283e-002 3.984946e-004 2.895313e-003 3.587240e-003 -8.547313e-001 9.703262e-001 3.308786e+000
2.300000e+000 1.472995e-002 3.837085e-004 3.814583e-003 5.387109e-003 -9.121469e-001 1.179609e+000 2.999231e+000
2.310000e+000 1.431837e-002 3.465296e-004 -2.607292e-003 4.950130e-003 -9.099115e-001 9.623271e-001 2.984833e+000
2.320000e+000 1.354138e-002 2.911366e-004 -3.263021e-003 4.818490e-003 -8.954859e-001 8.816262e-001 2.816933e+000
2.330000e+000 1.298141e-002 2.631264e-004 -8.002604e-004 4.229036e-003 -8.647641e-001 8.395431e-001 2.917605e+000
2.340000e+000 1.414878e-002 3.425663e-004 -1.209375e-003 4.115104e-003 -8.836656e-001 9.638104e-001 3.035730e+000
2.350000e+000 1.407092e-002 3.182015e-004 5.304687e-003 2.752865e-003 -8.770141e-001 1.010898e+000 3.192372e+000
2.360000e+000 1.172809e-002 2.302832e-004 -3.507552e-003 3.301823e-003 -8.219656e-001 6.990965e-001 2.817059e+000
2.370000e+000 1.105080e-002 2.053716e-004 -3.269271e-003 -1.118490e-004 -8.060469e-001 1.185859e+000 2.702134e+000
2.380000e+000 1.068304e-002 1.861306e-004 2.593750e-004 2.563281e-003 -7.719771e-001 9.038686e-001 2.628931e+000
2.390000e+000 1.233681e-002 2.595271e-004 1.698437e-003 -1.013021e-003 -8.147594e-001 1.005105e+000 3.045250e+000
2.400000e+000 1.107741e-002 2.128138e-004 3.227865e-003 1.456641e-003 -7.513500e-001 7.035190e-001 2.788100e+000
2.410000e+000 1.084646e-002 1.938590e-004 -2.040885e-003 6.167969e-003 -7.830359e-001 7.320818e-001 2.569689e+000
2.420000e+000 1.138766e-002 2.285608e-004 2.454167e-003 4.967448e-004 -7.799896e-001 7.929566e-001 2.901271e+000
2.430000e+000 1.112580e-002 1.957775e-004 -1.173437e-003 2.010417e-004 -7.599479e-001 8.167030e-001 2.982054e+000
2.440000e+000 1.067409e-002 1.996115e-004 4.340885e-003 6.979167e-005 -7.396177e-001 9.113822e-001 2.940195e+000
2.450000e+000 1.068442e-002 1.761846e-004 -1.767969e-003 -1.338151e-003 -7.607896e-001 7.572031e-001 2.694456e+000
2.460000e+000 1.039266e-002 1.711907e-004 -2.909115e-003 2.513802e-003 -7.544010e-001 6.739530e-001 2.616775e+000
2.470000e+000 1.150654e-002 2.079182e-004 5.467187e-003 -3.906250e-007 -7.535771e-001 9.901234e-001 3.157413e+000
2.480000e+000 1.250524e-002 2.643703e-004 -2.237240e-003 2.602083e-003 -7.511880e-001 7.070183e-001 3.329500e+000
2.490000e+000 9.384129e-003 1.535080e-004 -7.395833e-005 2.414193e-003 -7.435245e-001 8.640551e-001 2.679069e+000
2.500000e+000 9.075785e-003 1.288738e-004 -4.427083e-005 2.682292e-003 -7.244594e-001 7.822839e-001 2.679424e+000
