# Enhanced Quasi-3D Monte Carlo Simulation
# Timestamp: 20250719_003317
# Spin model: cube (8 states - cube vertices)
# Algorithm: wolff
# Theoretical Tc (8-state Potts): ~0.751
# Temperature range: 0.1-1.5 (optimized for critical region)
# Layer: 2/3
# System size: 8x8x3, Total sites: 192
# Spin vectors: 8 cube vertices (±1,±1,±1)/√3
#
# Temperature          M^2          M^4          G^2          G^4       Energy           Cv         Corr
5.000000e-001 9.999487e-001 9.998996e-001 4.999740e-001 4.999740e-001 -3.999792e+000 8.877778e-003 2.048211e+003
5.100000e-001 1.000000e+000 1.000000e+000 5.000000e-001 5.000000e-001 -4.000000e+000 0.000000e+000 0.000000e+000
5.200000e-001 1.000000e+000 1.000000e+000 5.000000e-001 5.000000e-001 -4.000000e+000 0.000000e+000 0.000000e+000
5.300000e-001 1.000000e+000 1.000000e+000 5.000000e-001 5.000000e-001 -4.000000e+000 0.000000e+000 0.000000e+000
5.400000e-001 1.000000e+000 1.000000e+000 5.000000e-001 5.000000e-001 -4.000000e+000 0.000000e+000 0.000000e+000
5.500000e-001 1.000000e+000 1.000000e+000 5.000000e-001 5.000000e-001 -4.000000e+000 0.000000e+000 0.000000e+000
5.600000e-001 1.000000e+000 1.000000e+000 5.000000e-001 5.000000e-001 -4.000000e+000 0.000000e+000 0.000000e+000
5.700000e-001 1.000000e+000 1.000000e+000 5.000000e-001 5.000000e-001 -4.000000e+000 0.000000e+000 0.000000e+000
5.800000e-001 9.999364e-001 9.998755e-001 4.999677e-001 4.999677e-001 -3.999742e+000 8.178610e-003 1.839336e+003
5.900000e-001 1.000000e+000 1.000000e+000 5.000000e-001 5.000000e-001 -4.000000e+000 0.000000e+000 0.000000e+000
6.000000e-001 9.999897e-001 9.999799e-001 4.999948e-001 4.999948e-001 -3.999958e+000 1.234259e-003 4.580034e+003
6.100000e-001 9.999774e-001 9.999558e-001 4.999885e-001 4.999885e-001 -3.999908e+000 2.626283e-003 3.087839e+003
6.200000e-001 1.000000e+000 1.000000e+000 5.000000e-001 5.000000e-001 -4.000000e+000 0.000000e+000 0.000000e+000
6.300000e-001 9.999713e-001 9.999438e-001 4.999854e-001 4.999854e-001 -3.999883e+000 3.133216e-003 2.737068e+003
6.400000e-001 9.999651e-001 9.999317e-001 4.999823e-001 4.999823e-001 -3.999858e+000 3.686100e-003 2.483841e+003
6.500000e-001 9.999754e-001 9.999518e-001 4.999875e-001 4.999875e-001 -3.999900e+000 2.523140e-003 2.956378e+003
6.600000e-001 9.999897e-001 9.999799e-001 4.999948e-001 4.999948e-001 -3.999958e+000 1.020049e-003 4.580034e+003
6.700000e-001 9.999262e-001 9.998554e-001 4.999625e-001 4.999625e-001 -3.999700e+000 7.115705e-003 1.706823e+003
6.800000e-001 9.999016e-001 9.998072e-001 4.999500e-001 4.999500e-001 -3.999600e+000 9.205075e-003 1.478134e+003
6.900000e-001 9.999487e-001 9.998996e-001 4.999740e-001 4.999740e-001 -3.999792e+000 4.661719e-003 2.048211e+003
7.000000e-001 9.998749e-001 9.997549e-001 4.999365e-001 4.999365e-001 -3.999492e+000 1.103201e-002 1.311184e+003
7.100000e-001 9.998545e-001 9.997153e-001 4.999260e-001 4.999260e-001 -3.999417e+000 1.256453e-002 1.187124e+003
7.200000e-001 9.999303e-001 9.998634e-001 4.999646e-001 4.999646e-001 -3.999717e+000 5.819993e-003 1.756310e+003
7.300000e-001 9.999262e-001 9.998554e-001 4.999625e-001 4.999625e-001 -3.999700e+000 5.994070e-003 1.706823e+003
7.400000e-001 9.999098e-001 9.998232e-001 4.999542e-001 4.999542e-001 -3.999633e+000 7.126564e-003 1.543867e+003
7.500000e-001 9.998852e-001 9.997750e-001 4.999417e-001 4.999417e-001 -3.999533e+000 8.824604e-003 1.368475e+003
7.600000e-001 9.997354e-001 9.994817e-001 4.998656e-001 4.998656e-001 -3.998925e+000 1.972422e-002 9.015777e+002
7.700000e-001 9.995365e-001 9.990921e-001 4.997646e-001 4.997646e-001 -3.998117e+000 3.349955e-002 6.810833e+002
7.800000e-001 9.997500e-001 9.995115e-001 4.998729e-001 4.998729e-001 -3.998998e+000 1.880554e-002 9.051881e+002
7.900000e-001 9.997601e-001 9.995300e-001 4.998781e-001 4.998781e-001 -3.999025e+000 1.656651e-002 9.466959e+002
8.000000e-001 9.996637e-001 9.993411e-001 4.998292e-001 4.998292e-001 -3.998633e+000 2.259100e-002 7.995772e+002
8.100000e-001 9.995816e-001 9.991804e-001 4.997875e-001 4.997875e-001 -3.998300e+000 2.735616e-002 7.168846e+002
8.200000e-001 9.994176e-001 9.988590e-001 4.997042e-001 4.997042e-001 -3.997633e+000 3.701067e-002 6.075321e+002
8.300000e-001 9.994178e-001 9.988602e-001 4.997042e-001 4.997042e-001 -3.997642e+000 3.670851e-002 6.024327e+002
8.400000e-001 9.995468e-001 9.991124e-001 4.997698e-001 4.997698e-001 -3.998158e+000 2.778508e-002 6.893000e+002
8.500000e-001 9.995468e-001 9.991121e-001 4.997698e-001 4.997698e-001 -3.998158e+000 2.688910e-002 6.887484e+002
8.600000e-001 9.992412e-001 9.985135e-001 4.996146e-001 4.996146e-001 -3.996917e+000 4.364581e-002 5.322172e+002
8.700000e-001 9.993009e-001 9.986319e-001 4.996448e-001 4.996448e-001 -3.997169e+000 4.069711e-002 5.528536e+002
8.800000e-001 9.992063e-001 9.984452e-001 4.995969e-001 4.995969e-001 -3.996775e+000 4.356193e-002 5.203873e+002
8.900000e-001 9.986451e-001 9.973495e-001 4.993115e-001 4.993115e-001 -3.994531e+000 7.469924e-002 3.932738e+002
9.000000e-001 9.989193e-001 9.978833e-001 4.994510e-001 4.994510e-001 -3.995608e+000 5.674771e-002 4.452788e+002
9.100000e-001 9.984918e-001 9.970491e-001 4.992333e-001 4.992333e-001 -3.993919e+000 7.859338e-002 3.725210e+002
9.200000e-001 9.983451e-001 9.967646e-001 4.991583e-001 4.991583e-001 -3.993287e+000 8.907619e-002 3.584762e+002
9.300000e-001 9.982786e-001 9.966322e-001 4.991250e-001 4.991250e-001 -3.993006e+000 8.797117e-002 3.513307e+002
9.400000e-001 9.984746e-001 9.970134e-001 4.992250e-001 4.992250e-001 -3.993810e+000 7.361085e-002 3.744588e+002
9.500000e-001 9.976169e-001 9.953383e-001 4.987885e-001 4.987885e-001 -3.990392e+000 1.128007e-001 2.954023e+002
9.600000e-001 9.977064e-001 9.955160e-001 4.988333e-001 4.988349e-001 -3.990825e+000 1.067482e-001 2.982333e+002
9.700000e-001 9.980322e-001 9.961525e-001 4.989990e-001 4.990010e-001 -3.992054e+000 9.270480e-002 3.296945e+002
9.800000e-001 9.974082e-001 9.949341e-001 4.986823e-001 4.986823e-001 -3.989494e+000 1.212076e-001 2.862507e+002
9.900000e-001 9.973240e-001 9.947658e-001 4.986396e-001 4.986396e-001 -3.989135e+000 1.190535e-001 2.838186e+002
1.000000e+000 9.970040e-001 9.941385e-001 4.984771e-001 4.984771e-001 -3.987862e+000 1.271716e-001 2.654654e+002
1.010000e+000 9.968953e-001 9.939310e-001 4.984208e-001 4.984208e-001 -3.987410e+000 1.344918e-001 2.590252e+002
1.020000e+000 9.968119e-001 9.937655e-001 4.983792e-001 4.983792e-001 -3.987142e+000 1.302988e-001 2.560689e+002
1.030000e+000 9.964282e-001 9.930187e-001 4.981854e-001 4.981865e-001 -3.985581e+000 1.456624e-001 2.412592e+002
1.040000e+000 9.962465e-001 9.926592e-001 4.980917e-001 4.980917e-001 -3.984867e+000 1.446299e-001 2.347917e+002
1.050000e+000 9.956709e-001 9.915426e-001 4.977979e-001 4.977979e-001 -3.982510e+000 1.712834e-001 2.188718e+002
1.060000e+000 9.959123e-001 9.920174e-001 4.979229e-001 4.979250e-001 -3.983608e+000 1.579977e-001 2.232928e+002
1.070000e+000 9.958583e-001 9.919056e-001 4.978958e-001 4.978990e-001 -3.983223e+000 1.567263e-001 2.263664e+002
1.080000e+000 9.958905e-001 9.919694e-001 4.979094e-001 4.979104e-001 -3.983431e+000 1.500652e-001 2.234445e+002
1.090000e+000 9.949044e-001 9.900560e-001 4.974063e-001 4.974109e-001 -3.979433e+000 1.920862e-001 2.025071e+002
1.100000e+000 9.941283e-001 9.885375e-001 4.970115e-001 4.970115e-001 -3.976423e+000 2.070306e-001 1.866718e+002
1.110000e+000 9.941305e-001 9.885480e-001 4.970250e-001 4.970120e-001 -3.976354e+000 2.109627e-001 1.875186e+002
1.120000e+000 9.936891e-001 9.876758e-001 4.967885e-001 4.967911e-001 -3.974554e+000 2.110655e-001 1.811737e+002
1.130000e+000 9.927814e-001 9.859245e-001 4.963594e-001 4.963339e-001 -3.970908e+000 2.488159e-001 1.697584e+002
1.140000e+000 9.924668e-001 9.853206e-001 4.961625e-001 4.961630e-001 -3.969683e+000 2.601996e-001 1.665728e+002
1.150000e+000 9.921701e-001 9.847488e-001 4.960438e-001 4.960198e-001 -3.968498e+000 2.682410e-001 1.601527e+002
1.160000e+000 9.917694e-001 9.839410e-001 4.958104e-001 4.958115e-001 -3.966777e+000 2.568274e-001 1.586651e+002
1.170000e+000 9.906491e-001 9.817936e-001 4.952406e-001 4.952469e-001 -3.962494e+000 3.030397e-001 1.475946e+002
1.180000e+000 9.896908e-001 9.799551e-001 4.947687e-001 4.947589e-001 -3.958817e+000 3.303541e-001 1.408040e+002
1.190000e+000 9.901496e-001 9.808101e-001 4.949823e-001 4.950010e-001 -3.960483e+000 2.956506e-001 1.435033e+002
1.200000e+000 9.885717e-001 9.777782e-001 4.941792e-001 4.941917e-001 -3.954206e+000 3.531434e-001 1.313926e+002
1.210000e+000 9.883539e-001 9.773270e-001 4.940740e-001 4.940859e-001 -3.953250e+000 3.344198e-001 1.317588e+002
1.220000e+000 9.886295e-001 9.778783e-001 4.942010e-001 4.942177e-001 -3.954633e+000 3.268099e-001 1.320515e+002
1.230000e+000 9.867697e-001 9.742783e-001 4.932531e-001 4.932844e-001 -3.946940e+000 3.787630e-001 1.232899e+002
1.240000e+000 9.856731e-001 9.721597e-001 4.926948e-001 4.927109e-001 -3.942865e+000 3.926193e-001 1.173003e+002
1.250000e+000 9.846990e-001 9.702729e-001 4.922063e-001 4.922328e-001 -3.938442e+000 4.186943e-001 1.153786e+002
1.260000e+000 9.837542e-001 9.684680e-001 4.917229e-001 4.917661e-001 -3.935150e+000 4.377900e-001 1.105805e+002
1.270000e+000 9.832593e-001 9.675011e-001 4.915625e-001 4.915214e-001 -3.932879e+000 4.411172e-001 1.097088e+002
1.280000e+000 9.836751e-001 9.683655e-001 4.917219e-001 4.916958e-001 -3.934998e+000 4.502831e-001 1.083729e+002
1.290000e+000 9.814823e-001 9.641443e-001 4.906375e-001 4.905865e-001 -3.925794e+000 5.066781e-001 1.038402e+002
1.300000e+000 9.797620e-001 9.608535e-001 4.897302e-001 4.897521e-001 -3.919552e+000 5.320943e-001 9.798660e+001
1.310000e+000 9.790179e-001 9.593868e-001 4.893115e-001 4.893333e-001 -3.916027e+000 5.341773e-001 9.718433e+001
1.320000e+000 9.777848e-001 9.570167e-001 4.887542e-001 4.887062e-001 -3.911494e+000 5.388632e-001 9.454046e+001
1.330000e+000 9.774511e-001 9.563881e-001 4.884917e-001 4.885026e-001 -3.910683e+000 5.390971e-001 9.272733e+001
1.340000e+000 9.762601e-001 9.541740e-001 4.878802e-001 4.879417e-001 -3.905683e+000 5.910073e-001 9.011669e+001
1.350000e+000 9.751000e-001 9.519553e-001 4.874937e-001 4.873750e-001 -3.900283e+000 6.327385e-001 8.843089e+001
1.360000e+000 9.735909e-001 9.490166e-001 4.865927e-001 4.865776e-001 -3.895075e+000 6.001459e-001 8.534366e+001
1.370000e+000 9.737321e-001 9.493525e-001 4.866885e-001 4.866495e-001 -3.895627e+000 6.208687e-001 8.515040e+001
1.380000e+000 9.710737e-001 9.442038e-001 4.852656e-001 4.852604e-001 -3.884554e+000 6.339659e-001 8.243926e+001
1.390000e+000 9.699486e-001 9.422220e-001 4.847240e-001 4.848182e-001 -3.881375e+000 7.119824e-001 7.911286e+001
1.400000e+000 9.656974e-001 9.342108e-001 4.825552e-001 4.825870e-001 -3.864940e+000 8.021401e-001 7.400269e+001
1.410000e+000 9.674243e-001 9.373584e-001 4.834458e-001 4.834906e-001 -3.871121e+000 6.979379e-001 7.573610e+001
1.420000e+000 9.647935e-001 9.324843e-001 4.820865e-001 4.822604e-001 -3.861315e+000 7.619449e-001 7.137175e+001
1.430000e+000 9.628905e-001 9.287463e-001 4.810802e-001 4.811406e-001 -3.852854e+000 7.568752e-001 7.118210e+001
1.440000e+000 9.641506e-001 9.311889e-001 4.817104e-001 4.817141e-001 -3.858058e+000 7.512419e-001 7.259684e+001
1.450000e+000 9.599186e-001 9.233812e-001 4.797833e-001 4.795781e-001 -3.842529e+000 8.600233e-001 6.695935e+001
1.460000e+000 9.577406e-001 9.191215e-001 4.784010e-001 4.785417e-001 -3.833200e+000 8.358922e-001 6.586689e+001
1.470000e+000 9.561795e-001 9.162577e-001 4.777292e-001 4.777333e-001 -3.827813e+000 8.631303e-001 6.393290e+001
1.480000e+000 9.556368e-001 9.151898e-001 4.773188e-001 4.773682e-001 -3.824967e+000 8.498539e-001 6.430264e+001
1.490000e+000 9.523355e-001 9.091235e-001 4.755885e-001 4.759109e-001 -3.811919e+000 9.424853e-001 6.172295e+001
1.500000e+000 9.490278e-001 9.031302e-001 4.739177e-001 4.740672e-001 -3.800556e+000 1.032737e+000 5.877714e+001
1.510000e+000 9.505044e-001 9.056746e-001 4.747677e-001 4.748073e-001 -3.805263e+000 9.122664e-001 6.018534e+001
1.520000e+000 9.468705e-001 8.991510e-001 4.729531e-001 4.730203e-001 -3.793000e+000 1.027647e+000 5.709533e+001
1.530000e+000 9.431073e-001 8.922602e-001 4.709573e-001 4.710135e-001 -3.777998e+000 1.104942e+000 5.604150e+001
1.540000e+000 9.398501e-001 8.861294e-001 4.693208e-001 4.692938e-001 -3.764100e+000 1.119583e+000 5.325934e+001
1.550000e+000 9.359819e-001 8.791837e-001 4.676052e-001 4.676203e-001 -3.751879e+000 1.164045e+000 5.096470e+001
1.560000e+000 9.327470e-001 8.733356e-001 4.657052e-001 4.657109e-001 -3.738473e+000 1.244453e+000 5.036131e+001
1.570000e+000 9.338681e-001 8.751521e-001 4.662542e-001 4.663771e-001 -3.743433e+000 1.116086e+000 5.035133e+001
1.580000e+000 9.301579e-001 8.685952e-001 4.643313e-001 4.644953e-001 -3.729075e+000 1.229904e+000 4.903153e+001
1.590000e+000 9.275685e-001 8.638282e-001 4.630531e-001 4.633130e-001 -3.718560e+000 1.231540e+000 4.777823e+001
