# Enhanced Quasi-3D Monte Carlo Simulation
# Timestamp: 20250718_235829
# Spin model: cube (8 states - cube vertices)
# Algorithm: wolff
# Theoretical Tc (8-state Potts): ~0.751
# Temperature range: 0.1-1.5 (optimized for critical region)
# Layer: 1/3
# System size: 24x24x3, Total sites: 1728
# Spin vectors: 8 cube vertices (±1,±1,±1)/√3
#
# Temperature          M^2          M^4          G^2          G^4       Energy           Cv         Corr
1.000000e-001 1.000000e+000 1.000000e+000 5.000000e-001 5.000000e-001 -4.000000e+000 0.000000e+000 0.000000e+000
1.080000e-001 1.000000e+000 1.000000e+000 5.000000e-001 5.000000e-001 -4.000000e+000 0.000000e+000 0.000000e+000
1.160000e-001 1.000000e+000 1.000000e+000 5.000000e-001 5.000000e-001 -4.000000e+000 0.000000e+000 0.000000e+000
1.240000e-001 1.000000e+000 1.000000e+000 5.000000e-001 5.000000e-001 -4.000000e+000 0.000000e+000 0.000000e+000
1.320000e-001 1.000000e+000 1.000000e+000 5.000000e-001 5.000000e-001 -4.000000e+000 0.000000e+000 0.000000e+000
1.400000e-001 1.000000e+000 1.000000e+000 5.000000e-001 5.000000e-001 -4.000000e+000 0.000000e+000 0.000000e+000
1.480000e-001 1.000000e+000 1.000000e+000 5.000000e-001 5.000000e-001 -4.000000e+000 0.000000e+000 0.000000e+000
1.560000e-001 1.000000e+000 1.000000e+000 5.000000e-001 5.000000e-001 -4.000000e+000 0.000000e+000 0.000000e+000
1.640000e-001 1.000000e+000 1.000000e+000 5.000000e-001 5.000000e-001 -4.000000e+000 0.000000e+000 0.000000e+000
1.720000e-001 1.000000e+000 1.000000e+000 5.000000e-001 5.000000e-001 -4.000000e+000 0.000000e+000 0.000000e+000
1.800000e-001 1.000000e+000 1.000000e+000 5.000000e-001 5.000000e-001 -4.000000e+000 0.000000e+000 0.000000e+000
1.880000e-001 1.000000e+000 1.000000e+000 5.000000e-001 5.000000e-001 -4.000000e+000 0.000000e+000 0.000000e+000
1.960000e-001 1.000000e+000 1.000000e+000 5.000000e-001 5.000000e-001 -4.000000e+000 0.000000e+000 0.000000e+000
2.040000e-001 1.000000e+000 1.000000e+000 5.000000e-001 5.000000e-001 -4.000000e+000 0.000000e+000 0.000000e+000
2.120000e-001 1.000000e+000 1.000000e+000 5.000000e-001 5.000000e-001 -4.000000e+000 0.000000e+000 0.000000e+000
2.200000e-001 1.000000e+000 1.000000e+000 5.000000e-001 5.000000e-001 -4.000000e+000 0.000000e+000 0.000000e+000
2.280000e-001 1.000000e+000 1.000000e+000 5.000000e-001 5.000000e-001 -4.000000e+000 0.000000e+000 0.000000e+000
2.360000e-001 1.000000e+000 1.000000e+000 5.000000e-001 5.000000e-001 -4.000000e+000 0.000000e+000 0.000000e+000
2.440000e-001 1.000000e+000 1.000000e+000 5.000000e-001 5.000000e-001 -4.000000e+000 0.000000e+000 0.000000e+000
2.520000e-001 1.000000e+000 1.000000e+000 5.000000e-001 5.000000e-001 -4.000000e+000 0.000000e+000 0.000000e+000
2.600000e-001 1.000000e+000 1.000000e+000 5.000000e-001 5.000000e-001 -4.000000e+000 0.000000e+000 0.000000e+000
2.680000e-001 1.000000e+000 1.000000e+000 5.000000e-001 5.000000e-001 -4.000000e+000 0.000000e+000 0.000000e+000
2.760000e-001 1.000000e+000 1.000000e+000 5.000000e-001 5.000000e-001 -4.000000e+000 0.000000e+000 0.000000e+000
2.840000e-001 1.000000e+000 1.000000e+000 5.000000e-001 5.000000e-001 -4.000000e+000 0.000000e+000 0.000000e+000
2.920000e-001 1.000000e+000 1.000000e+000 5.000000e-001 5.000000e-001 -4.000000e+000 0.000000e+000 0.000000e+000
3.000000e-001 1.000000e+000 1.000000e+000 5.000000e-001 5.000000e-001 -4.000000e+000 0.000000e+000 0.000000e+000
3.080000e-001 1.000000e+000 1.000000e+000 5.000000e-001 5.000000e-001 -4.000000e+000 0.000000e+000 0.000000e+000
3.160000e-001 1.000000e+000 1.000000e+000 5.000000e-001 5.000000e-001 -4.000000e+000 0.000000e+000 0.000000e+000
3.240000e-001 1.000000e+000 1.000000e+000 5.000000e-001 5.000000e-001 -4.000000e+000 0.000000e+000 0.000000e+000
3.320000e-001 1.000000e+000 1.000000e+000 5.000000e-001 5.000000e-001 -4.000000e+000 0.000000e+000 0.000000e+000
3.400000e-001 1.000000e+000 1.000000e+000 5.000000e-001 5.000000e-001 -4.000000e+000 0.000000e+000 0.000000e+000
3.480000e-001 1.000000e+000 1.000000e+000 5.000000e-001 5.000000e-001 -4.000000e+000 0.000000e+000 0.000000e+000
3.560000e-001 1.000000e+000 1.000000e+000 5.000000e-001 5.000000e-001 -4.000000e+000 0.000000e+000 0.000000e+000
3.640000e-001 1.000000e+000 1.000000e+000 5.000000e-001 5.000000e-001 -4.000000e+000 0.000000e+000 0.000000e+000
3.720000e-001 1.000000e+000 1.000000e+000 5.000000e-001 5.000000e-001 -4.000000e+000 0.000000e+000 0.000000e+000
3.800000e-001 1.000000e+000 1.000000e+000 5.000000e-001 5.000000e-001 -4.000000e+000 0.000000e+000 0.000000e+000
3.880000e-001 1.000000e+000 1.000000e+000 5.000000e-001 5.000000e-001 -4.000000e+000 0.000000e+000 0.000000e+000
3.960000e-001 1.000000e+000 1.000000e+000 5.000000e-001 5.000000e-001 -4.000000e+000 0.000000e+000 0.000000e+000
4.040000e-001 1.000000e+000 1.000000e+000 5.000000e-001 5.000000e-001 -4.000000e+000 0.000000e+000 0.000000e+000
4.120000e-001 1.000000e+000 1.000000e+000 5.000000e-001 5.000000e-001 -4.000000e+000 0.000000e+000 0.000000e+000
4.200000e-001 1.000000e+000 1.000000e+000 5.000000e-001 5.000000e-001 -4.000000e+000 0.000000e+000 0.000000e+000
4.280000e-001 1.000000e+000 1.000000e+000 5.000000e-001 5.000000e-001 -4.000000e+000 0.000000e+000 0.000000e+000
4.360000e-001 1.000000e+000 1.000000e+000 5.000000e-001 5.000000e-001 -4.000000e+000 0.000000e+000 0.000000e+000
4.440000e-001 1.000000e+000 1.000000e+000 5.000000e-001 5.000000e-001 -4.000000e+000 0.000000e+000 0.000000e+000
4.520000e-001 1.000000e+000 1.000000e+000 5.000000e-001 5.000000e-001 -4.000000e+000 0.000000e+000 0.000000e+000
4.600000e-001 1.000000e+000 1.000000e+000 5.000000e-001 5.000000e-001 -4.000000e+000 0.000000e+000 0.000000e+000
4.680000e-001 1.000000e+000 1.000000e+000 5.000000e-001 5.000000e-001 -4.000000e+000 0.000000e+000 0.000000e+000
4.760000e-001 1.000000e+000 1.000000e+000 5.000000e-001 5.000000e-001 -4.000000e+000 0.000000e+000 0.000000e+000
4.840000e-001 1.000000e+000 1.000000e+000 5.000000e-001 5.000000e-001 -4.000000e+000 0.000000e+000 0.000000e+000
4.920000e-001 1.000000e+000 1.000000e+000 5.000000e-001 5.000000e-001 -4.000000e+000 0.000000e+000 0.000000e+000
5.050000e-001 1.000000e+000 1.000000e+000 5.000000e-001 5.000000e-001 -4.000000e+000 0.000000e+000 0.000000e+000
5.100000e-001 1.000000e+000 1.000000e+000 5.000000e-001 5.000000e-001 -4.000000e+000 0.000000e+000 0.000000e+000
5.150000e-001 1.000000e+000 1.000000e+000 5.000000e-001 5.000000e-001 -4.000000e+000 0.000000e+000 0.000000e+000
5.200000e-001 1.000000e+000 1.000000e+000 5.000000e-001 5.000000e-001 -4.000000e+000 0.000000e+000 0.000000e+000
5.250000e-001 1.000000e+000 1.000000e+000 5.000000e-001 5.000000e-001 -4.000000e+000 0.000000e+000 0.000000e+000
5.300000e-001 1.000000e+000 1.000000e+000 5.000000e-001 5.000000e-001 -4.000000e+000 0.000000e+000 0.000000e+000
5.350000e-001 1.000000e+000 1.000000e+000 5.000000e-001 5.000000e-001 -4.000000e+000 0.000000e+000 0.000000e+000
5.400000e-001 9.999995e-001 9.999991e-001 4.999998e-001 4.999998e-001 -3.999998e+000 6.773356e-005 1.910845e+005
5.450000e-001 1.000000e+000 1.000000e+000 5.000000e-001 5.000000e-001 -4.000000e+000 0.000000e+000 0.000000e+000
5.500000e-001 1.000000e+000 1.000000e+000 5.000000e-001 5.000000e-001 -4.000000e+000 0.000000e+000 0.000000e+000
5.550000e-001 1.000000e+000 1.000000e+000 5.000000e-001 5.000000e-001 -4.000000e+000 0.000000e+000 0.000000e+000
5.600000e-001 9.999945e-001 9.999889e-001 4.999972e-001 4.999972e-001 -3.999978e+000 7.549509e-004 5.516119e+004
5.650000e-001 1.000000e+000 1.000000e+000 5.000000e-001 5.000000e-001 -4.000000e+000 0.000000e+000 0.000000e+000
5.700000e-001 1.000000e+000 1.000000e+000 5.000000e-001 5.000000e-001 -4.000000e+000 0.000000e+000 0.000000e+000
5.750000e-001 1.000000e+000 1.000000e+000 5.000000e-001 5.000000e-001 -4.000000e+000 0.000000e+000 0.000000e+000
5.800000e-001 9.999988e-001 9.999977e-001 4.999994e-001 4.999994e-001 -3.999995e+000 1.467609e-004 1.208524e+005
5.850000e-001 1.000000e+000 1.000000e+000 5.000000e-001 5.000000e-001 -4.000000e+000 0.000000e+000 0.000000e+000
5.900000e-001 1.000000e+000 1.000000e+000 5.000000e-001 5.000000e-001 -4.000000e+000 0.000000e+000 0.000000e+000
5.950000e-001 9.999995e-001 9.999991e-001 4.999998e-001 4.999998e-001 -3.999998e+000 5.579016e-005 1.910845e+005
6.000000e-001 1.000000e+000 1.000000e+000 5.000000e-001 5.000000e-001 -4.000000e+000 0.000000e+000 0.000000e+000
6.050000e-001 9.999986e-001 9.999972e-001 4.999993e-001 4.999993e-001 -3.999994e+000 1.618509e-004 1.103226e+005
6.100000e-001 1.000000e+000 1.000000e+000 5.000000e-001 5.000000e-001 -4.000000e+000 0.000000e+000 0.000000e+000
6.150000e-001 9.999982e-001 9.999963e-001 4.999991e-001 4.999991e-001 -3.999993e+000 2.088195e-004 9.554216e+004
6.200000e-001 9.999965e-001 9.999931e-001 4.999983e-001 4.999983e-001 -3.999986e+000 3.851119e-004 6.977407e+004
6.250000e-001 9.999984e-001 9.999968e-001 4.999992e-001 4.999992e-001 -3.999994e+000 1.769257e-004 1.021389e+005
6.300000e-001 9.999968e-001 9.999935e-001 4.999984e-001 4.999984e-001 -3.999987e+000 3.481351e-004 7.222303e+004
6.350000e-001 9.999993e-001 9.999986e-001 4.999997e-001 4.999997e-001 -3.999997e+000 7.347061e-005 1.560198e+005
6.400000e-001 9.999968e-001 9.999935e-001 4.999984e-001 4.999984e-001 -3.999987e+000 3.373409e-004 7.222303e+004
6.450000e-001 9.999972e-001 9.999945e-001 4.999986e-001 4.999986e-001 -3.999989e+000 2.847122e-004 7.800981e+004
6.500000e-001 9.999935e-001 9.999871e-001 4.999968e-001 4.999968e-001 -3.999974e+000 6.536238e-004 5.106931e+004
6.550000e-001 9.999917e-001 9.999834e-001 4.999958e-001 4.999958e-001 -3.999967e+000 8.272607e-004 4.503886e+004
6.600000e-001 1.000000e+000 1.000000e+000 5.000000e-001 5.000000e-001 -4.000000e+000 0.000000e+000 0.000000e+000
6.650000e-001 9.999972e-001 9.999945e-001 4.999986e-001 4.999986e-001 -3.999989e+000 2.678442e-004 7.800981e+004
6.700000e-001 9.999947e-001 9.999894e-001 4.999973e-001 4.999973e-001 -3.999979e+000 5.054561e-004 5.634759e+004
6.750000e-001 9.999995e-001 9.999991e-001 4.999998e-001 4.999998e-001 -3.999998e+000 4.334948e-005 1.910845e+005
6.800000e-001 9.999965e-001 9.999931e-001 4.999983e-001 4.999983e-001 -3.999986e+000 3.201492e-004 6.977407e+004
6.850000e-001 9.999975e-001 9.999949e-001 4.999987e-001 4.999987e-001 -3.999990e+000 2.314076e-004 8.147860e+004
6.900000e-001 9.999924e-001 9.999848e-001 4.999962e-001 4.999962e-001 -3.999969e+000 6.834450e-004 4.704157e+004
6.950000e-001 9.999843e-001 9.999686e-001 4.999921e-001 4.999921e-001 -3.999937e+000 1.385687e-003 3.277046e+004
