# Temperature          M^2          M^4          G^2          G^4       Energy           Cv         Corr
 0.000000e+00  1.000000e+00  1.000000e+00  1.000000e+00  1.000000e+00 -4.000000e+00  0.000000e+00  0.000000e+00
 1.000000e-02  1.000000e+00  1.000000e+00  1.000000e+00  1.000000e+00 -4.000000e+00 -2.273737e-09  0.000000e+00
 2.000000e-02  1.000000e+00  1.000000e+00  1.000000e+00  1.000000e+00 -4.000000e+00 -5.684342e-10  0.000000e+00
 3.000000e-02  1.000000e+00  1.000000e+00  1.000000e+00  1.000000e+00 -4.000000e+00 -2.526374e-10  0.000000e+00
 4.000000e-02  1.000000e+00  1.000000e+00  1.000000e+00  1.000000e+00 -4.000000e+00 -1.421085e-10  0.000000e+00
 5.000000e-02  1.000000e+00  1.000000e+00  1.000000e+00  1.000000e+00 -4.000000e+00 -9.094947e-11  0.000000e+00
 6.000000e-02  1.000000e+00  1.000000e+00  1.000000e+00  1.000000e+00 -4.000000e+00 -6.315935e-11  0.000000e+00
 7.000000e-02  1.000000e+00  1.000000e+00  1.000000e+00  1.000000e+00 -4.000000e+00 -4.640279e-11  0.000000e+00
 8.000000e-02  1.000000e+00  1.000000e+00  1.000000e+00  1.000000e+00 -4.000000e+00 -3.552714e-11  0.000000e+00
 9.000000e-02  1.000000e+00  1.000000e+00  1.000000e+00  1.000000e+00 -4.000000e+00 -2.807082e-11  0.000000e+00
 1.000000e-01  1.000000e+00  1.000000e+00  1.000000e+00  1.000000e+00 -4.000000e+00 -2.273737e-11  0.000000e+00
 1.100000e-01  1.000000e+00  1.000000e+00  1.000000e+00  1.000000e+00 -4.000000e+00 -1.879121e-11  0.000000e+00
 1.200000e-01  1.000000e+00  1.000000e+00  1.000000e+00  1.000000e+00 -4.000000e+00 -1.578984e-11  0.000000e+00
 1.300000e-01  1.000000e+00  1.000000e+00  1.000000e+00  1.000000e+00 -4.000000e+00 -1.345406e-11  0.000000e+00
 1.400000e-01  1.000000e+00  1.000000e+00  1.000000e+00  1.000000e+00 -4.000000e+00 -1.160070e-11  0.000000e+00
 1.500000e-01  1.000000e+00  1.000000e+00  1.000000e+00  1.000000e+00 -4.000000e+00 -1.010550e-11  0.000000e+00
 1.600000e-01  1.000000e+00  1.000000e+00  1.000000e+00  1.000000e+00 -4.000000e+00 -8.881784e-12  0.000000e+00
 1.700000e-01  1.000000e+00  1.000000e+00  1.000000e+00  1.000000e+00 -4.000000e+00 -7.867601e-12  0.000000e+00
 1.800000e-01  1.000000e+00  1.000000e+00  1.000000e+00  1.000000e+00 -4.000000e+00 -7.017706e-12  0.000000e+00
 1.900000e-01  1.000000e+00  1.000000e+00  1.000000e+00  1.000000e+00 -4.000000e+00 -6.298440e-12  0.000000e+00
 2.000000e-01  1.000000e+00  1.000000e+00  1.000000e+00  1.000000e+00 -4.000000e+00 -5.684342e-12  0.000000e+00
 2.100000e-01  1.000000e+00  1.000000e+00  1.000000e+00  1.000000e+00 -4.000000e+00 -5.155866e-12  0.000000e+00
 2.200000e-01  1.000000e+00  1.000000e+00  1.000000e+00  1.000000e+00 -4.000000e+00 -4.697803e-12  0.000000e+00
 2.300000e-01  1.000000e+00  1.000000e+00  1.000000e+00  1.000000e+00 -4.000000e+00 -4.298179e-12  0.000000e+00
 2.400000e-01  1.000000e+00  1.000000e+00  1.000000e+00  1.000000e+00 -4.000000e+00 -3.947460e-12  0.000000e+00
 2.500000e-01  1.000000e+00  1.000000e+00  1.000000e+00  1.000000e+00 -4.000000e+00 -3.637979e-12  0.000000e+00
 2.600000e-01  1.000000e+00  1.000000e+00  1.000000e+00  1.000000e+00 -4.000000e+00 -3.363516e-12  0.000000e+00
 2.700000e-01  1.000000e+00  1.000000e+00  1.000000e+00  1.000000e+00 -4.000000e+00 -3.118980e-12  0.000000e+00
 2.800000e-01  1.000000e+00  1.000000e+00  1.000000e+00  1.000000e+00 -4.000000e+00 -2.900174e-12  0.000000e+00
 2.900000e-01  1.000000e+00  1.000000e+00  1.000000e+00  1.000000e+00 -4.000000e+00 -2.703611e-12  0.000000e+00
 3.000000e-01  1.000000e+00  1.000000e+00  1.000000e+00  1.000000e+00 -4.000000e+00 -2.526374e-12  0.000000e+00
 3.100000e-01  1.000000e+00  1.000000e+00  1.000000e+00  1.000000e+00 -4.000000e+00 -2.366011e-12  0.000000e+00
 3.200000e-01  1.000000e+00  1.000000e+00  1.000000e+00  1.000000e+00 -4.000000e+00 -2.220446e-12  0.000000e+00
 3.300000e-01  1.000000e+00  1.000000e+00  1.000000e+00  1.000000e+00 -4.000000e+00 -2.087913e-12  0.000000e+00
 3.400000e-01  1.000000e+00  1.000000e+00  1.000000e+00  1.000000e+00 -4.000000e+00 -1.966900e-12  0.000000e+00
 3.500000e-01  1.000000e+00  1.000000e+00  1.000000e+00  1.000000e+00 -4.000000e+00 -1.856112e-12  0.000000e+00
 3.600000e-01  1.000000e+00  1.000000e+00  1.000000e+00  1.000000e+00 -4.000000e+00 -1.754427e-12  0.000000e+00
 3.700000e-01  1.000000e+00  1.000000e+00  1.000000e+00  1.000000e+00 -4.000000e+00 -1.660874e-12  0.000000e+00
 3.800000e-01  1.000000e+00  1.000000e+00  1.000000e+00  1.000000e+00 -4.000000e+00 -1.574610e-12  0.000000e+00
 3.900000e-01  1.000000e+00  1.000000e+00  1.000000e+00  1.000000e+00 -4.000000e+00 -1.494896e-12  0.000000e+00
 4.000000e-01  1.000000e+00  1.000000e+00  1.000000e+00  1.000000e+00 -4.000000e+00 -1.421085e-12  0.000000e+00
 4.100000e-01  1.000000e+00  1.000000e+00  1.000000e+00  1.000000e+00 -4.000000e+00 -1.352610e-12  0.000000e+00
 4.200000e-01  1.000000e+00  1.000000e+00  1.000000e+00  1.000000e+00 -4.000000e+00 -1.288966e-12  0.000000e+00
 4.300000e-01  1.000000e+00  1.000000e+00  1.000000e+00  1.000000e+00 -4.000000e+00 -1.229712e-12  0.000000e+00
 4.400000e-01  1.000000e+00  1.000000e+00  1.000000e+00  1.000000e+00 -4.000000e+00 -1.174451e-12  0.000000e+00
 4.500000e-01  1.000000e+00  1.000000e+00  1.000000e+00  1.000000e+00 -4.000000e+00 -1.122833e-12  0.000000e+00
 4.600000e-01  1.000000e+00  1.000000e+00  1.000000e+00  1.000000e+00 -4.000000e+00 -1.074545e-12  0.000000e+00
 4.700000e-01  1.000000e+00  1.000000e+00  1.000000e+00  1.000000e+00 -4.000000e+00 -1.029306e-12  0.000000e+00
 4.800000e-01  1.000000e+00  1.000000e+00  1.000000e+00  1.000000e+00 -4.000000e+00 -9.868649e-13  0.000000e+00
 4.900000e-01  1.000000e+00  1.000000e+00  1.000000e+00  1.000000e+00 -4.000000e+00 -9.469957e-13  0.000000e+00
 5.000000e-01  1.000000e+00  1.000000e+00  1.000000e+00  1.000000e+00 -4.000000e+00 -9.094947e-13  0.000000e+00
 5.100000e-01  1.000000e+00  1.000000e+00  1.000000e+00  1.000000e+00 -4.000000e+00 -8.741779e-13  0.000000e+00
 5.200000e-01  1.000000e+00  1.000000e+00  9.999792e-01  1.000000e+00 -3.999958e+00  2.050460e-04  0.000000e+00
 5.300000e-01  1.000000e+00  1.000000e+00  1.000000e+00  1.000000e+00 -4.000000e+00 -8.094470e-13  0.000000e+00
 5.400000e-01  1.000000e+00  1.000000e+00  1.000000e+00  1.000000e+00 -4.000000e+00 -7.797451e-13  0.000000e+00
 5.500000e-01  1.000000e+00  1.000000e+00  1.000000e+00  1.000000e+00 -4.000000e+00 -7.516485e-13  0.000000e+00
 5.600000e-01  1.000000e+00  1.000000e+00  1.000000e+00  1.000000e+00 -4.000000e+00 -7.250436e-13  0.000000e+00
 5.700000e-01  1.000000e+00  1.000000e+00  1.000000e+00  1.000000e+00 -4.000000e+00 -6.998266e-13  0.000000e+00
 5.800000e-01  1.000000e+00  1.000000e+00  1.000000e+00  1.000000e+00 -4.000000e+00 -6.759027e-13  0.000000e+00
 5.900000e-01  1.000000e+00  1.000000e+00  1.000000e+00  1.000000e+00 -4.000000e+00 -6.531849e-13  0.000000e+00
 6.000000e-01  1.000000e+00  1.000000e+00  1.000000e+00  1.000000e+00 -4.000000e+00 -6.315935e-13  0.000000e+00
 6.100000e-01  1.000000e+00  1.000000e+00  1.000000e+00  9.999688e-01 -3.999938e+00  2.232823e-04  0.000000e+00
 6.200000e-01  1.000000e+00  1.000000e+00  1.000000e+00  1.000000e+00 -4.000000e+00 -5.915028e-13  0.000000e+00
 6.300000e-01  1.000000e+00  1.000000e+00  1.000000e+00  1.000000e+00 -4.000000e+00 -5.728740e-13  0.000000e+00
 6.400000e-01  1.000000e+00  1.000000e+00  1.000000e+00  1.000000e+00 -4.000000e+00 -5.551115e-13  0.000000e+00
 6.500000e-01  1.000000e+00  1.000000e+00  9.999583e-01  9.999792e-01 -3.999875e+00  3.921104e-04  0.000000e+00
 6.600000e-01  1.000000e+00  1.000000e+00  1.000000e+00  9.999740e-01 -3.999948e+00  1.590239e-04  0.000000e+00
 6.700000e-01  1.000000e+00  1.000000e+00  9.999323e-01  1.000000e+00 -3.999865e+00  3.996033e-04  0.000000e+00
 6.800000e-01  9.995693e-01  9.991563e-01  9.996719e-01  9.996615e-01 -3.998667e+00  2.252163e-02  7.065648e+02
 6.900000e-01  1.000000e+00  1.000000e+00  1.000000e+00  1.000000e+00 -4.000000e+00 -4.775755e-13  0.000000e+00
 7.000000e-01  9.998770e-01  9.997590e-01  9.999063e-01  9.999063e-01 -3.999625e+00  6.104082e-03  1.322067e+03
 7.100000e-01  9.998564e-01  9.997188e-01  9.998698e-01  9.998906e-01 -3.999521e+00  7.024124e-03  1.223983e+03
 7.200000e-01  1.000000e+00  1.000000e+00  1.000000e+00  1.000000e+00 -4.000000e+00 -4.386066e-13  0.000000e+00
 7.300000e-01  9.998975e-01  9.997991e-01  9.998698e-01  9.999219e-01 -3.999583e+00  4.931090e-03  1.448267e+03
 7.400000e-01  1.000000e+00  1.000000e+00  9.999896e-01  9.998750e-01 -3.999729e+00  6.508705e-04  0.000000e+00
 7.500000e-01  1.000000e+00  1.000000e+00  9.999687e-01  1.000000e+00 -3.999938e+00  1.477037e-04  0.000000e+00
 7.600000e-01  9.998154e-01  9.996384e-01  9.998594e-01  9.998125e-01 -3.999344e+00  7.959552e-03  1.079430e+03
 7.700000e-01  9.997949e-01  9.995983e-01  9.998438e-01  9.997187e-01 -3.999125e+00  8.912689e-03  1.024026e+03
 7.800000e-01  9.998770e-01  9.997590e-01  9.997135e-01  9.998594e-01 -3.999146e+00  5.904330e-03  1.322067e+03
 7.900000e-01  1.000000e+00  1.000000e+00  9.998750e-01  9.999479e-01 -3.999646e+00  1.188868e-03  0.000000e+00
 8.000000e-01  1.000000e+00  1.000000e+00  9.999583e-01  9.999479e-01 -3.999813e+00  3.871094e-04  0.000000e+00
 8.100000e-01  9.998154e-01  9.996384e-01  9.996979e-01  9.998333e-01 -3.999063e+00  7.535056e-03  1.079430e+03
 8.200000e-01  1.000000e+00  1.000000e+00  9.998229e-01  9.999115e-01 -3.999469e+00  1.026578e-03  0.000000e+00
 8.300000e-01  9.996924e-01  9.993974e-01  9.994479e-01  9.995885e-01 -3.998073e+00  1.245721e-02  8.360707e+02
 8.400000e-01  9.999180e-01  9.998393e-01  9.998125e-01  9.998281e-01 -3.999281e+00  3.673381e-03  1.619228e+03
 8.500000e-01  9.994873e-01  9.989956e-01  9.993802e-01  9.995313e-01 -3.997823e+00  1.824605e-02  6.475506e+02
 8.600000e-01  9.992617e-01  9.985537e-01  9.993073e-01  9.992552e-01 -3.997125e+00  2.474896e-02  5.395641e+02
 8.700000e-01  9.990156e-01  9.980716e-01  9.987240e-01  9.991094e-01 -3.995667e+00  3.368036e-02  4.672182e+02
 8.800000e-01  9.993027e-01  9.986341e-01  9.991510e-01  9.992187e-01 -3.996740e+00  2.302886e-02  5.552184e+02
 8.900000e-01  9.984414e-01  9.969467e-01  9.985885e-01  9.983854e-01 -3.993948e+00  4.843348e-02  3.711998e+02
 9.000000e-01  9.991592e-01  9.983528e-01  9.987135e-01  9.991875e-01 -3.995802e+00  3.216385e-02  5.055684e+02
 9.100000e-01  9.997744e-01  9.995581e-01  9.995000e-01  9.994948e-01 -3.997990e+00  8.492927e-03  9.763606e+02
 9.200000e-01  9.986875e-01  9.974288e-01  9.985521e-01  9.986823e-01 -3.994469e+00  4.220521e-02  4.045559e+02
 9.300000e-01  9.980312e-01  9.961432e-01  9.983958e-01  9.982552e-01 -3.993302e+00  5.396057e-02  3.302091e+02
 9.400000e-01  9.981748e-01  9.964245e-01  9.985260e-01  9.982500e-01 -3.993552e+00  4.874974e-02  3.429739e+02
 9.500000e-01  9.983197e-01  9.967148e-01  9.983646e-01  9.984792e-01 -3.993688e+00  5.159098e-02  3.663875e+02
 9.600000e-01  9.982161e-01  9.965071e-01  9.983906e-01  9.982083e-01 -3.993198e+00  4.888532e-02  3.454998e+02
 9.700000e-01  9.971084e-01  9.943354e-01  9.969115e-01  9.970417e-01 -3.987906e+00  8.005101e-02  2.723407e+02
 9.800000e-01  9.962520e-01  9.926823e-01  9.967969e-01  9.965104e-01 -3.986469e+00  1.088855e-01  2.380328e+02
 9.900000e-01  9.984678e-01  9.970124e-01  9.980104e-01  9.980052e-01 -3.992094e+00  5.083041e-02  3.595652e+02
 1.000000e+00  9.966777e-01  9.934917e-01  9.968802e-01  9.968854e-01 -3.987531e+00  7.845272e-02  2.540213e+02
 1.010000e+00  9.961676e-01  9.925022e-01  9.965573e-01  9.962344e-01 -3.985604e+00  9.194412e-02  2.381795e+02
 1.020000e+00  9.978877e-01  9.958620e-01  9.976615e-01  9.975781e-01 -3.990479e+00  4.939743e-02  3.187679e+02
 1.030000e+00  9.971842e-01  9.945241e-01  9.966094e-01  9.971979e-01 -3.987635e+00  8.672557e-02  2.769932e+02
 1.040000e+00  9.970078e-01  9.941482e-01  9.966979e-01  9.969271e-01 -3.987250e+00  7.770012e-02  2.676231e+02
 1.050000e+00  9.968656e-01  9.938761e-01  9.966771e-01  9.967760e-01 -3.986990e+00  7.579994e-02  2.571422e+02
 1.060000e+00  9.956051e-01  9.914292e-01  9.955833e-01  9.953854e-01 -3.982354e+00  1.041689e-01  2.056361e+02
 1.070000e+00  9.974372e-01  9.949811e-01  9.971302e-01  9.975312e-01 -3.989344e+00  5.378606e-02  2.873385e+02
 1.080000e+00  9.956624e-01  9.915352e-01  9.961042e-01  9.954479e-01 -3.983333e+00  9.352138e-02  2.113611e+02
 1.090000e+00  9.954795e-01  9.911783e-01  9.955521e-01  9.947187e-01 -3.980521e+00  1.053684e-01  2.229611e+02
 1.100000e+00  9.957194e-01  9.916305e-01  9.949687e-01  9.953281e-01 -3.980635e+00  8.855670e-02  2.263244e+02
 1.110000e+00  9.936387e-01  9.875853e-01  9.932917e-01  9.940521e-01 -3.974531e+00  1.385618e-01  1.829278e+02
 1.120000e+00  9.926719e-01  9.857005e-01  9.927500e-01  9.928594e-01 -3.971281e+00  1.465561e-01  1.700571e+02
 1.130000e+00  9.917604e-01  9.839415e-01  9.920312e-01  9.922083e-01 -3.968927e+00  1.619140e-01  1.534436e+02
 1.140000e+00  9.939437e-01  9.881997e-01  9.928385e-01  9.935417e-01 -3.973031e+00  1.241786e-01  1.798329e+02
 1.150000e+00  9.907070e-01  9.818620e-01  9.912240e-01  9.911094e-01 -3.964854e+00  1.651130e-01  1.495775e+02
 1.160000e+00  9.888509e-01  9.783136e-01  9.894271e-01  9.896510e-01 -3.958490e+00  2.266326e-01  1.305437e+02
 1.170000e+00  9.933031e-01  9.869049e-01  9.929062e-01  9.922500e-01 -3.970417e+00  1.224544e-01  1.771397e+02
 1.180000e+00  9.922715e-01  9.849411e-01  9.913229e-01  9.914271e-01 -3.965490e+00  1.701001e-01  1.663949e+02
 1.190000e+00  9.898014e-01  9.801345e-01  9.901042e-01  9.890521e-01 -3.958521e+00  1.974892e-01  1.445433e+02
 1.200000e+00  9.909639e-01  9.824003e-01  9.897656e-01  9.904531e-01 -3.960708e+00  1.698110e-01  1.544284e+02
 1.210000e+00  9.879128e-01  9.765246e-01  9.882969e-01  9.883021e-01 -3.953542e+00  2.234232e-01  1.303917e+02
 1.220000e+00  9.890013e-01  9.786274e-01  9.894583e-01  9.886927e-01 -3.956635e+00  2.102156e-01  1.351104e+02
 1.230000e+00  9.847529e-01  9.703777e-01  9.857187e-01  9.850885e-01 -3.942188e+00  2.617375e-01  1.132854e+02
 1.240000e+00  9.871156e-01  9.748897e-01  9.868229e-01  9.868385e-01 -3.947292e+00  2.128335e-01  1.263987e+02
 1.250000e+00  9.833083e-01  9.674769e-01  9.831458e-01  9.829010e-01 -3.932625e+00  2.277910e-01  1.094299e+02
 1.260000e+00  9.824652e-01  9.661418e-01  9.836146e-01  9.827396e-01 -3.933396e+00  3.103425e-01  1.065826e+02
 1.270000e+00  9.848115e-01  9.704773e-01  9.849635e-01  9.837604e-01 -3.937646e+00  2.467941e-01  1.157005e+02
 1.280000e+00  9.796712e-01  9.605649e-01  9.804219e-01  9.809583e-01 -3.923719e+00  3.001729e-01  9.904737e+01
 1.290000e+00  9.771953e-01  9.559020e-01  9.780521e-01  9.780469e-01 -3.913802e+00  3.276311e-01  9.069449e+01
 1.300000e+00  9.789502e-01  9.592901e-01  9.785937e-01  9.794896e-01 -3.917260e+00  3.227759e-01  9.644822e+01
 1.310000e+00  9.766478e-01  9.551032e-01  9.782187e-01  9.769479e-01 -3.911521e+00  4.440785e-01  9.342554e+01
 1.320000e+00  9.801507e-01  9.615736e-01  9.801042e-01  9.794375e-01 -3.919771e+00  2.891733e-01  1.011681e+02
 1.330000e+00  9.778939e-01  9.573522e-01  9.779531e-01  9.774740e-01 -3.911844e+00  3.474995e-01  9.511007e+01
 1.340000e+00  9.765091e-01  9.546295e-01  9.760365e-01  9.776302e-01 -3.908031e+00  3.438605e-01  9.153837e+01
 1.350000e+00  9.751009e-01  9.520708e-01  9.758385e-01  9.746094e-01 -3.903667e+00  3.862921e-01  8.487885e+01
 1.360000e+00  9.735518e-01  9.489440e-01  9.730312e-01  9.732083e-01 -3.893375e+00  3.972192e-01  8.568822e+01
 1.370000e+00  9.755146e-01  9.527735e-01  9.736927e-01  9.732604e-01 -3.895094e+00  3.507000e-01  8.978533e+01
 1.380000e+00  9.675365e-01  9.376296e-01  9.676875e-01  9.683646e-01 -3.875271e+00  4.282893e-01  7.616853e+01
 1.390000e+00  9.693698e-01  9.411195e-01  9.701719e-01  9.694115e-01 -3.881052e+00  4.650396e-01  7.768657e+01
 1.400000e+00  9.679958e-01  9.382496e-01  9.683854e-01  9.674583e-01 -3.873542e+00  3.674476e-01  7.603051e+01
 1.410000e+00  9.662428e-01  9.350757e-01  9.668490e-01  9.669427e-01 -3.869906e+00  4.209172e-01  7.172867e+01
 1.420000e+00  9.656751e-01  9.341300e-01  9.651667e-01  9.657708e-01 -3.863156e+00  4.749844e-01  7.426359e+01
 1.430000e+00  9.684548e-01  9.395289e-01  9.673802e-01  9.676146e-01 -3.871344e+00  4.976839e-01  7.992170e+01
 1.440000e+00  9.654007e-01  9.339266e-01  9.636615e-01  9.647396e-01 -3.858948e+00  5.518024e-01  7.588729e+01
 1.450000e+00  9.594287e-01  9.223460e-01  9.595052e-01  9.597708e-01 -3.843333e+00  4.864923e-01  6.332650e+01
 1.460000e+00  9.663991e-01  9.354402e-01  9.662865e-01  9.646406e-01 -3.864188e+00  4.352578e-01  7.669659e+01
 1.470000e+00  9.508047e-01  9.060662e-01  9.520729e-01  9.520677e-01 -3.813531e+00  5.185217e-01  5.933957e+01
 1.480000e+00  9.599355e-01  9.231531e-01  9.609531e-01  9.588281e-01 -3.840813e+00  4.459754e-01  6.827055e+01
 1.490000e+00  9.559378e-01  9.158581e-01  9.541927e-01  9.555417e-01 -3.822156e+00  5.124102e-01  6.650386e+01
 1.500000e+00  9.414326e-01  8.888867e-01  9.441562e-01  9.424844e-01 -3.778406e+00  6.489428e-01  5.473016e+01
 1.510000e+00  9.370345e-01  8.808242e-01  9.409792e-01  9.405104e-01 -3.770729e+00  6.551123e-01  4.986702e+01
 1.520000e+00  9.490915e-01  9.031287e-01  9.495469e-01  9.488385e-01 -3.799594e+00  6.061327e-01  6.064824e+01
 1.530000e+00  9.401533e-01  8.867953e-01  9.409010e-01  9.406302e-01 -3.768688e+00  7.039718e-01  5.327166e+01
 1.540000e+00  9.440970e-01  8.937867e-01  9.419167e-01  9.440052e-01 -3.777469e+00  6.109572e-01  5.676446e+01
 1.550000e+00  9.468656e-01  8.993670e-01  9.447031e-01  9.465156e-01 -3.787844e+00  6.723994e-01  5.717151e+01
 1.560000e+00  9.417259e-01  8.901492e-01  9.423021e-01  9.419010e-01 -3.772490e+00  8.224233e-01  5.398811e+01
 1.570000e+00  9.258141e-01  8.605289e-01  9.256667e-01  9.296979e-01 -3.717385e+00  8.016294e-01  4.767049e+01
 1.580000e+00  9.421025e-01  8.899109e-01  9.403958e-01  9.401771e-01 -3.768073e+00  5.199704e-01  5.290865e+01
 1.590000e+00  9.278314e-01  8.639533e-01  9.293698e-01  9.291302e-01 -3.723740e+00  6.918199e-01  4.877469e+01
 1.600000e+00  9.288695e-01  8.660899e-01  9.290729e-01  9.277031e-01 -3.718885e+00  7.107851e-01  4.892964e+01
 1.610000e+00  9.206354e-01  8.509998e-01  9.222448e-01  9.220417e-01 -3.699313e+00  7.406962e-01  4.492936e+01
 1.620000e+00  9.192705e-01  8.487195e-01  9.216875e-01  9.203073e-01 -3.688979e+00  7.893863e-01  4.572195e+01
 1.630000e+00  9.143486e-01  8.408599e-01  9.158021e-01  9.156875e-01 -3.671990e+00  9.115283e-01  4.228680e+01
 1.640000e+00  9.103535e-01  8.331571e-01  9.110677e-01  9.110000e-01 -3.658719e+00  8.302036e-01  4.111383e+01
 1.650000e+00  9.002497e-01  8.153412e-01  9.046250e-01  9.030156e-01 -3.627750e+00  9.922924e-01  3.941904e+01
 1.660000e+00  9.134447e-01  8.382746e-01  9.125365e-01  9.147604e-01 -3.662448e+00  8.066956e-01  4.179294e+01
 1.670000e+00  8.968757e-01  8.091739e-01  8.997604e-01  8.985469e-01 -3.606156e+00  9.586055e-01  3.939370e+01
 1.680000e+00  9.029417e-01  8.200754e-01  9.048333e-01  9.053906e-01 -3.630313e+00  9.251088e-01  4.143343e+01
 1.690000e+00  9.058089e-01  8.252345e-01  9.072031e-01  9.062187e-01 -3.636740e+00  9.255917e-01  4.035251e+01
 1.700000e+00  8.856559e-01  7.893850e-01  8.921563e-01  8.902865e-01 -3.577635e+00  9.836380e-01  3.650931e+01
 1.710000e+00  8.806676e-01  7.815171e-01  8.822292e-01  8.829062e-01 -3.548667e+00  1.012383e+00  3.545456e+01
 1.720000e+00  8.680430e-01  7.597727e-01  8.729062e-01  8.728438e-01 -3.510250e+00  1.174790e+00  3.391591e+01
 1.730000e+00  8.871859e-01  7.922636e-01  8.876823e-01  8.876094e-01 -3.568437e+00  8.944017e-01  3.655651e+01
 1.740000e+00  8.735400e-01  7.684494e-01  8.776615e-01  8.755260e-01 -3.521458e+00  9.965457e-01  3.539681e+01
 1.750000e+00  8.544238e-01  7.381946e-01  8.574323e-01  8.613750e-01 -3.459031e+00  1.480130e+00  3.056204e+01
 1.760000e+00  8.783880e-01  7.786069e-01  8.791302e-01  8.818177e-01 -3.538958e+00  1.169096e+00  3.531743e+01
 1.770000e+00  8.555889e-01  7.380120e-01  8.595729e-01  8.614427e-01 -3.463208e+00  1.098957e+00  3.114817e+01
 1.780000e+00  8.542347e-01  7.375903e-01  8.592969e-01  8.575833e-01 -3.455396e+00  1.380631e+00  3.105198e+01
 1.790000e+00  8.543913e-01  7.368652e-01  8.598125e-01  8.556510e-01 -3.454333e+00  1.191547e+00  3.061524e+01
 1.800000e+00  8.465329e-01  7.244688e-01  8.484635e-01  8.506458e-01 -3.418094e+00  1.335424e+00  3.074821e+01
 1.810000e+00  8.442311e-01  7.190795e-01  8.459427e-01  8.477760e-01 -3.411042e+00  9.707774e-01  2.899933e+01
 1.820000e+00  8.131025e-01  6.732771e-01  8.234375e-01  8.222031e-01 -3.324354e+00  1.802354e+00  2.454911e+01
 1.830000e+00  8.417399e-01  7.178325e-01  8.434010e-01  8.403229e-01 -3.400625e+00  1.337712e+00  2.810072e+01
 1.840000e+00  8.379131e-01  7.105912e-01  8.392812e-01  8.389323e-01 -3.382740e+00  1.357338e+00  2.858687e+01
 1.850000e+00  8.164092e-01  6.761181e-01  8.210104e-01  8.218646e-01 -3.327083e+00  1.369702e+00  2.617352e+01
 1.860000e+00  8.089626e-01  6.664455e-01  8.167188e-01  8.134427e-01 -3.302458e+00  1.718219e+00  2.526420e+01
 1.870000e+00  7.882572e-01  6.331086e-01  7.977396e-01  8.021771e-01 -3.243094e+00  1.699502e+00  2.251564e+01
 1.880000e+00  7.835218e-01  6.239758e-01  7.923490e-01  7.970885e-01 -3.222792e+00  1.418325e+00  2.298918e+01
 1.890000e+00  7.910049e-01  6.378007e-01  7.989792e-01  7.984583e-01 -3.242500e+00  1.709043e+00  2.307252e+01
 1.900000e+00  7.839232e-01  6.253150e-01  7.891875e-01  7.890260e-01 -3.187531e+00  1.661230e+00  2.343554e+01
 1.910000e+00  7.590452e-01  5.913170e-01  7.722135e-01  7.747813e-01 -3.144854e+00  2.027028e+00  2.072948e+01
 1.920000e+00  7.734535e-01  6.098199e-01  7.777448e-01  7.802656e-01 -3.168719e+00  1.417521e+00  2.173055e+01
 1.930000e+00  7.495335e-01  5.744830e-01  7.565417e-01  7.593177e-01 -3.081979e+00  1.717882e+00  2.058832e+01
 1.940000e+00  7.305498e-01  5.504867e-01  7.415833e-01  7.425052e-01 -3.023552e+00  2.420595e+00  1.971401e+01
 1.950000e+00  7.171315e-01  5.341767e-01  7.315937e-01  7.329323e-01 -2.998542e+00  2.609475e+00  1.852107e+01
 1.960000e+00  7.253617e-01  5.429456e-01  7.453542e-01  7.427187e-01 -3.042406e+00  2.125534e+00  1.951096e+01
 1.970000e+00  6.978376e-01  5.077232e-01  7.145104e-01  7.254479e-01 -2.956385e+00  2.205415e+00  1.680321e+01
 1.980000e+00  6.760316e-01  4.745073e-01  6.922083e-01  7.040052e-01 -2.868490e+00  2.179914e+00  1.699325e+01
 1.990000e+00  6.823418e-01  4.928066e-01  6.982865e-01  7.045833e-01 -2.884719e+00  3.297440e+00  1.564014e+01
 2.000000e+00  5.998138e-01  3.895641e-01  6.335990e-01  6.375104e-01 -2.671563e+00  3.390401e+00  1.303916e+01
