# Temperature          M^2          M^4          G^2          G^4       Energy           Cv         Corr
 0.000000e+00  1.000000e+00  1.000000e+00  1.000000e+00  1.000000e+00 -4.000000e+00  0.000000e+00  0.000000e+00
 1.000000e-02  1.000000e+00  1.000000e+00  1.000000e+00  1.000000e+00 -4.000000e+00 -2.273737e-09  0.000000e+00
 2.000000e-02  1.000000e+00  1.000000e+00  1.000000e+00  1.000000e+00 -4.000000e+00 -5.684342e-10  0.000000e+00
 3.000000e-02  1.000000e+00  1.000000e+00  1.000000e+00  1.000000e+00 -4.000000e+00 -2.526374e-10  0.000000e+00
 4.000000e-02  1.000000e+00  1.000000e+00  1.000000e+00  1.000000e+00 -4.000000e+00 -1.421085e-10  0.000000e+00
 5.000000e-02  1.000000e+00  1.000000e+00  1.000000e+00  1.000000e+00 -4.000000e+00 -9.094947e-11  0.000000e+00
 6.000000e-02  1.000000e+00  1.000000e+00  1.000000e+00  1.000000e+00 -4.000000e+00 -6.315935e-11  0.000000e+00
 7.000000e-02  1.000000e+00  1.000000e+00  1.000000e+00  1.000000e+00 -4.000000e+00 -4.640279e-11  0.000000e+00
 8.000000e-02  1.000000e+00  1.000000e+00  1.000000e+00  1.000000e+00 -4.000000e+00 -3.552714e-11  0.000000e+00
 9.000000e-02  1.000000e+00  1.000000e+00  1.000000e+00  1.000000e+00 -4.000000e+00 -2.807082e-11  0.000000e+00
 1.000000e-01  1.000000e+00  1.000000e+00  1.000000e+00  1.000000e+00 -4.000000e+00 -2.273737e-11  0.000000e+00
 1.100000e-01  1.000000e+00  1.000000e+00  1.000000e+00  1.000000e+00 -4.000000e+00 -1.879121e-11  0.000000e+00
 1.200000e-01  1.000000e+00  1.000000e+00  1.000000e+00  1.000000e+00 -4.000000e+00 -1.578984e-11  0.000000e+00
 1.300000e-01  1.000000e+00  1.000000e+00  1.000000e+00  1.000000e+00 -4.000000e+00 -1.345406e-11  0.000000e+00
 1.400000e-01  1.000000e+00  1.000000e+00  1.000000e+00  1.000000e+00 -4.000000e+00 -1.160070e-11  0.000000e+00
 1.500000e-01  1.000000e+00  1.000000e+00  1.000000e+00  1.000000e+00 -4.000000e+00 -1.010550e-11  0.000000e+00
 1.600000e-01  1.000000e+00  1.000000e+00  1.000000e+00  1.000000e+00 -4.000000e+00 -8.881784e-12  0.000000e+00
 1.700000e-01  1.000000e+00  1.000000e+00  1.000000e+00  1.000000e+00 -4.000000e+00 -7.867601e-12  0.000000e+00
 1.800000e-01  1.000000e+00  1.000000e+00  1.000000e+00  1.000000e+00 -4.000000e+00 -7.017706e-12  0.000000e+00
 1.900000e-01  1.000000e+00  1.000000e+00  1.000000e+00  1.000000e+00 -4.000000e+00 -6.298440e-12  0.000000e+00
 2.000000e-01  1.000000e+00  1.000000e+00  1.000000e+00  1.000000e+00 -4.000000e+00 -5.684342e-12  0.000000e+00
 2.100000e-01  1.000000e+00  1.000000e+00  1.000000e+00  1.000000e+00 -4.000000e+00 -5.155866e-12  0.000000e+00
 2.200000e-01  1.000000e+00  1.000000e+00  1.000000e+00  1.000000e+00 -4.000000e+00 -4.697803e-12  0.000000e+00
 2.300000e-01  1.000000e+00  1.000000e+00  1.000000e+00  1.000000e+00 -4.000000e+00 -4.298179e-12  0.000000e+00
 2.400000e-01  1.000000e+00  1.000000e+00  1.000000e+00  1.000000e+00 -4.000000e+00 -3.947460e-12  0.000000e+00
 2.500000e-01  1.000000e+00  1.000000e+00  1.000000e+00  1.000000e+00 -4.000000e+00 -3.637979e-12  0.000000e+00
 2.600000e-01  1.000000e+00  1.000000e+00  1.000000e+00  1.000000e+00 -4.000000e+00 -3.363516e-12  0.000000e+00
 2.700000e-01  1.000000e+00  1.000000e+00  1.000000e+00  1.000000e+00 -4.000000e+00 -3.118980e-12  0.000000e+00
 2.800000e-01  1.000000e+00  1.000000e+00  1.000000e+00  1.000000e+00 -4.000000e+00 -2.900174e-12  0.000000e+00
 2.900000e-01  1.000000e+00  1.000000e+00  1.000000e+00  1.000000e+00 -4.000000e+00 -2.703611e-12  0.000000e+00
 3.000000e-01  1.000000e+00  1.000000e+00  1.000000e+00  1.000000e+00 -4.000000e+00 -2.526374e-12  0.000000e+00
 3.100000e-01  1.000000e+00  1.000000e+00  1.000000e+00  1.000000e+00 -4.000000e+00 -2.366011e-12  0.000000e+00
 3.200000e-01  1.000000e+00  1.000000e+00  1.000000e+00  1.000000e+00 -4.000000e+00 -2.220446e-12  0.000000e+00
 3.300000e-01  1.000000e+00  1.000000e+00  1.000000e+00  1.000000e+00 -4.000000e+00 -2.087913e-12  0.000000e+00
 3.400000e-01  1.000000e+00  1.000000e+00  1.000000e+00  1.000000e+00 -4.000000e+00 -1.966900e-12  0.000000e+00
 3.500000e-01  1.000000e+00  1.000000e+00  1.000000e+00  1.000000e+00 -4.000000e+00 -1.856112e-12  0.000000e+00
 3.600000e-01  1.000000e+00  1.000000e+00  1.000000e+00  1.000000e+00 -4.000000e+00 -1.754427e-12  0.000000e+00
 3.700000e-01  1.000000e+00  1.000000e+00  1.000000e+00  1.000000e+00 -4.000000e+00 -1.660874e-12  0.000000e+00
 3.800000e-01  1.000000e+00  1.000000e+00  1.000000e+00  1.000000e+00 -4.000000e+00 -1.574610e-12  0.000000e+00
 3.900000e-01  1.000000e+00  1.000000e+00  1.000000e+00  1.000000e+00 -4.000000e+00 -1.494896e-12  0.000000e+00
 4.000000e-01  1.000000e+00  1.000000e+00  1.000000e+00  1.000000e+00 -4.000000e+00 -1.421085e-12  0.000000e+00
 4.100000e-01  1.000000e+00  1.000000e+00  1.000000e+00  1.000000e+00 -4.000000e+00 -1.352610e-12  0.000000e+00
 4.200000e-01  1.000000e+00  1.000000e+00  1.000000e+00  1.000000e+00 -4.000000e+00 -1.288966e-12  0.000000e+00
 4.300000e-01  1.000000e+00  1.000000e+00  1.000000e+00  1.000000e+00 -4.000000e+00 -1.229712e-12  0.000000e+00
 4.400000e-01  1.000000e+00  1.000000e+00  1.000000e+00  1.000000e+00 -4.000000e+00 -1.174451e-12  0.000000e+00
 4.500000e-01  1.000000e+00  1.000000e+00  1.000000e+00  1.000000e+00 -4.000000e+00 -1.122833e-12  0.000000e+00
 4.600000e-01  1.000000e+00  1.000000e+00  1.000000e+00  1.000000e+00 -4.000000e+00 -1.074545e-12  0.000000e+00
 4.700000e-01  1.000000e+00  1.000000e+00  1.000000e+00  1.000000e+00 -4.000000e+00 -1.029306e-12  0.000000e+00
 4.800000e-01  1.000000e+00  1.000000e+00  1.000000e+00  1.000000e+00 -4.000000e+00 -9.868649e-13  0.000000e+00
 4.900000e-01  1.000000e+00  1.000000e+00  1.000000e+00  1.000000e+00 -4.000000e+00 -9.469957e-13  0.000000e+00
 5.000000e-01  1.000000e+00  1.000000e+00  1.000000e+00  1.000000e+00 -4.000000e+00 -9.094947e-13  0.000000e+00
 5.100000e-01  1.000000e+00  1.000000e+00  1.000000e+00  1.000000e+00 -4.000000e+00 -8.741779e-13  0.000000e+00
 5.200000e-01  1.000000e+00  1.000000e+00  1.000000e+00  1.000000e+00 -4.000000e+00 -8.408790e-13  0.000000e+00
 5.300000e-01  1.000000e+00  1.000000e+00  1.000000e+00  1.000000e+00 -4.000000e+00 -8.094470e-13  0.000000e+00
 5.400000e-01  1.000000e+00  1.000000e+00  9.999896e-01  1.000000e+00 -3.999979e+00  9.516461e-05  0.000000e+00
 5.500000e-01  1.000000e+00  1.000000e+00  1.000000e+00  1.000000e+00 -4.000000e+00 -7.516485e-13  0.000000e+00
 5.600000e-01  1.000000e+00  1.000000e+00  1.000000e+00  1.000000e+00 -4.000000e+00 -7.250436e-13  0.000000e+00
 5.700000e-01  1.000000e+00  1.000000e+00  1.000000e+00  1.000000e+00 -4.000000e+00 -6.998266e-13  0.000000e+00
 5.800000e-01  1.000000e+00  1.000000e+00  1.000000e+00  1.000000e+00 -4.000000e+00 -6.759027e-13  0.000000e+00
 5.900000e-01  1.000000e+00  1.000000e+00  1.000000e+00  1.000000e+00 -4.000000e+00 -6.531849e-13  0.000000e+00
 6.000000e-01  9.998975e-01  9.997991e-01  9.999219e-01  9.999219e-01 -3.999688e+00  6.927083e-03  1.448267e+03
 6.100000e-01  1.000000e+00  1.000000e+00  1.000000e+00  1.000000e+00 -4.000000e+00 -6.110553e-13  0.000000e+00
 6.200000e-01  1.000000e+00  1.000000e+00  1.000000e+00  1.000000e+00 -4.000000e+00 -5.915028e-13  0.000000e+00
 6.300000e-01  9.999590e-01  9.999197e-01  9.999688e-01  9.999688e-01 -3.999875e+00  2.517007e-03  2.289981e+03
 6.400000e-01  1.000000e+00  1.000000e+00  1.000000e+00  1.000000e+00 -4.000000e+00 -5.551115e-13  0.000000e+00
 6.500000e-01  1.000000e+00  1.000000e+00  1.000000e+00  1.000000e+00 -4.000000e+00 -5.381625e-13  0.000000e+00
 6.600000e-01  9.999385e-01  9.998795e-01  9.999531e-01  9.999531e-01 -3.999813e+00  3.438361e-03  1.869743e+03
 6.700000e-01  1.000000e+00  1.000000e+00  9.998750e-01  1.000000e+00 -3.999750e+00  7.336452e-04  0.000000e+00
 6.800000e-01  9.999385e-01  9.998795e-01  9.999531e-01  9.999531e-01 -3.999813e+00  3.239079e-03  1.869743e+03
 6.900000e-01  9.999590e-01  9.999197e-01  9.999688e-01  9.999688e-01 -3.999875e+00  2.098299e-03  2.289981e+03
 7.000000e-01  9.998154e-01  9.996384e-01  9.998594e-01  9.998177e-01 -3.999354e+00  9.355952e-03  1.079430e+03
 7.100000e-01  9.995898e-01  9.991965e-01  9.996875e-01  9.996771e-01 -3.998729e+00  1.968740e-02  7.240210e+02
 7.200000e-01  1.000000e-01  9.995581e-01  9.998281e-01  9.998281e-01 -3.999313e+00  1.055122e-02  9.763606e+02
 7.300000e-01  1.000000e+00  1.000000e+00  9.998698e-01  9.999479e-01 -3.999635e+00  8.962360e-04  0.000000e+00
 7.400000e-01  9.999590e-01  9.999197e-01  9.998802e-01  9.999062e-01 -3.999573e+00  2.540366e-03  2.289981e+03
 7.500000e-01  9.998770e-01  9.997590e-01  9.998854e-01  9.999063e-01 -3.999583e+00  5.412346e-03  1.322067e+03
 7.600000e-01  9.997744e-01  9.995581e-01  9.997812e-01  9.997865e-01 -3.999135e+00  9.944298e-03  9.763606e+02
 7.700000e-01  9.999795e-01  9.999598e-01  9.998802e-01  9.999844e-01 -3.999729e+00  1.303902e-03  3.238556e+03
 7.800000e-01  9.998564e-01  9.997188e-01  9.998854e-01  9.998854e-01 -3.999542e+00  5.776353e-03  1.223983e+03
 7.900000e-01  9.997129e-01  9.994376e-01  9.996042e-01  9.993281e-01 -3.997865e+00  1.344130e-02  8.654243e+02
 8.000000e-01  9.991387e-01  9.983127e-01  9.992917e-01  9.991458e-01 -3.996875e+00  3.287760e-02  4.995083e+02
 8.100000e-01  9.993027e-01  9.986341e-01  9.994688e-01  9.993385e-01 -3.997615e+00  2.588485e-02  5.552184e+02
 8.200000e-01  9.998564e-01  9.997188e-01  9.998333e-01  9.998333e-01 -3.999333e+00  5.617357e-03  1.223983e+03
 8.300000e-01  9.988105e-01  9.976699e-01  9.990156e-01  9.990365e-01 -3.996104e+00  4.121026e-02  4.249927e+02
 8.400000e-01  9.988926e-01  9.978306e-01  9.990677e-01  9.987969e-01 -3.995729e+00  3.830369e-02  4.404702e+02
 8.500000e-01  9.996104e-01  9.992367e-01  9.995417e-01  9.996406e-01 -3.998365e+00  1.354624e-02  7.428375e+02
 8.600000e-01  9.990156e-01  9.980716e-01  9.991094e-01  9.991042e-01 -3.996427e+00  3.237815e-02  4.672182e+02
 8.700000e-01  9.994053e-01  9.988349e-01  9.993073e-01  9.994375e-01 -3.997490e+00  1.985363e-02  6.012108e+02
 8.800000e-01  9.988516e-01  9.977502e-01  9.990990e-01  9.989427e-01 -3.996083e+00  3.567837e-02  4.325242e+02
 8.900000e-01  9.975456e-01  9.952078e-01  9.979635e-01  9.976354e-01 -3.991198e+00  8.623328e-02  2.989464e+02
 9.000000e-01  9.972936e-01  9.947015e-01  9.977292e-01  9.977344e-01 -3.990927e+00  7.880109e-02  2.833365e+02
 9.100000e-01  9.995078e-01  9.990358e-01  9.993490e-01  9.991250e-01 -3.996948e+00  1.687389e-02  6.609104e+02
 9.200000e-01  9.982187e-01  9.965253e-01  9.984427e-01  9.981719e-01 -3.993240e+00  6.029457e-02  3.516390e+02
 9.300000e-01  9.984209e-01  9.969066e-01  9.984896e-01  9.987448e-01 -3.994469e+00  4.515646e-02  3.687777e+02
 9.400000e-01  9.984619e-01  9.969869e-01  9.985000e-01  9.985260e-01 -3.994052e+00  4.228251e-02  3.736702e+02
 9.500000e-01  9.991592e-01  9.983528e-01  9.985417e-01  9.990000e-01 -3.995083e+00  2.577113e-02  5.055684e+02
 9.600000e-01  9.987285e-01  9.975092e-01  9.987240e-01  9.985521e-01 -3.994552e+00  3.587112e-02  4.110377e+02
 9.700000e-01  9.964958e-01  9.931484e-01  9.966042e-01  9.970000e-01 -3.987208e+00  9.116579e-02  2.472234e+02
 9.800000e-01  9.987490e-01  9.975494e-01  9.983281e-01  9.984323e-01 -3.993521e+00  3.407952e-02  4.143974e+02
 9.900000e-01  9.971494e-01  9.944157e-01  9.973646e-01  9.973021e-01 -3.989333e+00  6.795951e-02  2.742987e+02
 1.000000e+00  9.963789e-01  9.929504e-01  9.965469e-01  9.964844e-01 -3.986063e+00  1.095122e-01  2.451466e+02
 1.010000e+00  9.972321e-01  9.945810e-01  9.971719e-01  9.973021e-01 -3.988969e+00  6.388616e-02  2.766010e+02
 1.020000e+00  9.969626e-01  9.940946e-01  9.968021e-01  9.969583e-01 -3.987521e+00  9.879210e-02  2.735084e+02
 1.030000e+00  9.977650e-01  9.956233e-01  9.974427e-01  9.974375e-01 -3.989760e+00  5.642295e-02  3.108610e+02
 1.040000e+00  9.958643e-01  9.919209e-01  9.955990e-01  9.955260e-01 -3.982323e+00  9.927545e-02  2.268161e+02
 1.050000e+00  9.959004e-01  9.919788e-01  9.957760e-01  9.956146e-01 -3.982792e+00  9.054482e-02  2.309358e+02
 1.060000e+00  9.941660e-01  9.886119e-01  9.949063e-01  9.950833e-01 -3.980042e+00  1.264348e-01  1.884160e+02
 1.070000e+00  9.937148e-01  9.877249e-01  9.938750e-01  9.943698e-01 -3.976500e+00  1.322924e-01  1.856151e+02
 1.080000e+00  9.951820e-01  9.905681e-01  9.954635e-01  9.953854e-01 -3.981698e+00  9.703975e-02  2.108416e+02
 1.090000e+00  9.960251e-01  9.922228e-01  9.957031e-01  9.957500e-01 -3.982969e+00  7.800021e-02  2.287111e+02
 1.100000e+00  9.939303e-01  9.881129e-01  9.938958e-01  9.941406e-01 -3.976073e+00  1.070580e-01  1.873272e+02
 1.110000e+00  9.891908e-01  9.789827e-01  9.906615e-01  9.900677e-01 -3.961490e+00  2.366679e-01  1.383584e+02
 1.120000e+00  9.914189e-01  9.832305e-01  9.908958e-01  9.915417e-01 -3.964885e+00  1.576139e-01  1.567812e+02
 1.130000e+00  9.938825e-01  9.881287e-01  9.934115e-01  9.935312e-01 -3.973896e+00  1.698339e-01  2.019997e+02
 1.140000e+00  9.906725e-01  9.818305e-01  9.909479e-01  9.913958e-01 -3.964865e+00  1.832234e-01  1.485006e+02
 1.150000e+00  9.896452e-01  9.798558e-01  9.898177e-01  9.903281e-01 -3.960938e+00  1.982225e-01  1.357382e+02
 1.160000e+00  9.919232e-01  9.841924e-01  9.920885e-01  9.913698e-01 -3.966927e+00  1.340035e-01  1.622440e+02
 1.170000e+00  9.928210e-01  9.860510e-01  9.919323e-01  9.918854e-01 -3.968448e+00  1.565894e-01  1.561811e+02
 1.180000e+00  9.886953e-01  9.779214e-01  9.885781e-01  9.887135e-01 -3.954750e+00  1.777589e-01  1.359269e+02
 1.190000e+00  9.923932e-01  9.851597e-01  9.916094e-01  9.923906e-01 -3.968052e+00  1.394259e-01  1.616033e+02
 1.200000e+00  9.897181e-01  9.800124e-01  9.900625e-01  9.893177e-01 -3.959250e+00  1.945807e-01  1.456678e+02
 1.210000e+00  9.887113e-01  9.779982e-01  9.881510e-01  9.884062e-01 -3.953448e+00  1.987097e-01  1.341017e+02
 1.220000e+00  9.884704e-01  9.776881e-01  9.884167e-01  9.878646e-01 -3.953094e+00  2.418191e-01  1.378590e+02
 1.230000e+00  9.858223e-01  9.725509e-01  9.856458e-01  9.853646e-01 -3.942583e+00  2.895922e-01  1.158273e+02
 1.240000e+00  9.854059e-01  9.715715e-01  9.853854e-01  9.856406e-01 -3.942563e+00  2.205990e-01  1.150996e+02
 1.250000e+00  9.811836e-01  9.635575e-01  9.823698e-01  9.819740e-01 -3.929500e+00  3.290230e-01  1.032487e+02
 1.260000e+00  9.846888e-01  9.702343e-01  9.844219e-01  9.837031e-01 -3.937073e+00  2.298907e-01  1.148653e+02
 1.270000e+00  9.851898e-01  9.711858e-01  9.846875e-01  9.839896e-01 -3.937844e+00  2.113899e-01  1.188413e+02
 1.280000e+00  9.809476e-01  9.630763e-01  9.805052e-01  9.810000e-01 -3.923875e+00  2.971443e-01  1.011293e+02
 1.290000e+00  9.798874e-01  9.611114e-01  9.798958e-01  9.804583e-01 -3.921698e+00  3.113324e-01  9.698969e+01
 1.300000e+00  9.791523e-01  9.595159e-01  9.799479e-01  9.794115e-01 -3.919188e+00  2.719158e-01  9.786821e+01
 1.310000e+00  9.794365e-01  9.601854e-01  9.783698e-01  9.793802e-01 -3.915635e+00  3.194428e-01  9.916576e+01
 1.320000e+00  9.826234e-01  9.663299e-01  9.827135e-01  9.815625e-01 -3.928531e+00  2.942169e-01  1.144361e+02
 1.330000e+00  9.779066e-01  9.573231e-01  9.782708e-01  9.780781e-01 -3.913292e+00  3.377296e-01  9.427118e+01
 1.340000e+00  9.788682e-01  9.591598e-01  9.773021e-01  9.782292e-01 -3.912260e+00  3.341930e-01  9.103466e+01
 1.350000e+00  9.746097e-01  9.510218e-01  9.744062e-01  9.745729e-01 -3.898844e+00  3.784426e-01  8.886956e+01
 1.360000e+00  9.734880e-01  9.490504e-01  9.730521e-01  9.741562e-01 -3.895542e+00  4.418193e-01  8.452770e+01
 1.370000e+00  9.743984e-01  9.504328e-01  9.728958e-01  9.733698e-01 -3.893719e+00  3.077947e-01  8.575382e+01
 1.380000e+00  9.738799e-01  9.496601e-01  9.735990e-01  9.735781e-01 -3.895990e+00  3.641048e-01  8.767509e+01
 1.390000e+00  9.702669e-01  9.427741e-01  9.711198e-01  9.710260e-01 -3.886177e+00  4.007825e-01  7.671136e+01
 1.400000e+00  9.656354e-01  9.338336e-01  9.670937e-01  9.668750e-01 -3.870031e+00  4.119135e-01  7.456572e+01
 1.410000e+00  9.670902e-01  9.367179e-01  9.678802e-01  9.661927e-01 -3.869854e+00  4.586175e-01  7.444892e+01
 1.420000e+00  9.656279e-01  9.341289e-01  9.656719e-01  9.651042e-01 -3.865271e+00  4.628010e-01  7.025908e+01
 1.430000e+00  9.614131e-01  9.261228e-01  9.611927e-01  9.634479e-01 -3.852365e+00  5.053224e-01  7.044832e+01
 1.440000e+00  9.624372e-01  9.278488e-01  9.632760e-01  9.634792e-01 -3.854156e+00  4.475777e-01  6.958981e+01
 1.450000e+00  9.620775e-01  9.274970e-01  9.623750e-01  9.608854e-01 -3.849063e+00  5.378646e-01  6.890209e+01
 1.460000e+00  9.568516e-01  9.174861e-01  9.582448e-01  9.577292e-01 -3.834198e+00  5.199117e-01  6.838409e+01
 1.470000e+00  9.656286e-01  9.340054e-01  9.656198e-01  9.639583e-01 -3.862521e+00  4.324741e-01  7.104015e+01
 1.480000e+00  9.587129e-01  9.207912e-01  9.567396e-01  9.582448e-01 -3.832875e+00  4.659539e-01  6.831900e+01
 1.490000e+00  9.517249e-01  9.078119e-01  9.507812e-01  9.519427e-01 -3.808531e+00  5.582107e-01  6.321746e+01
 1.500000e+00  9.547370e-01  9.136618e-01  9.539271e-01  9.534844e-01 -3.816708e+00  5.637061e-01  6.490339e+01
 1.510000e+00  9.472630e-01  9.001224e-01  9.481615e-01  9.480365e-01 -3.797969e+00  6.893581e-01  5.817914e+01
 1.520000e+00  9.476589e-01  9.006476e-01  9.480260e-01  9.485104e-01 -3.797146e+00  6.222086e-01  5.814849e+01
 1.530000e+00  9.485199e-01  9.019399e-01  9.495781e-01  9.481562e-01 -3.802490e+00  5.618876e-01  5.626831e+01
 1.540000e+00  9.366458e-01  8.801692e-01  9.404635e-01  9.392552e-01 -3.763802e+00  7.046063e-01  5.428627e+01
 1.550000e+00  9.372246e-01  8.814854e-01  9.402760e-01  9.391823e-01 -3.764219e+00  6.823759e-01  5.018051e+01
 1.560000e+00  9.441064e-01  8.940731e-01  9.421875e-01  9.426562e-01 -3.773063e+00  7.124282e-01  5.979143e+01
 1.570000e+00  9.355957e-01  8.784338e-01  9.363177e-01  9.358958e-01 -3.749771e+00  6.916765e-01  5.210945e+01
 1.580000e+00  9.296966e-01  8.681253e-01  9.315208e-01  9.328125e-01 -3.735542e+00  8.830645e-01  4.934692e+01
 1.590000e+00  9.316172e-01  8.713738e-01  9.304635e-01  9.317500e-01 -3.729760e+00  7.655693e-01  4.937326e+01
 1.600000e+00  9.177269e-01  8.465217e-01  9.204427e-01  9.211979e-01 -3.694323e+00  8.788221e-01  4.271391e+01
 1.610000e+00  9.193883e-01  8.502683e-01  9.215521e-01  9.212240e-01 -3.695344e+00  1.024853e+00  4.214386e+01
 1.620000e+00  9.313685e-01  8.707433e-01  9.298646e-01  9.285729e-01 -3.726865e+00  6.376303e-01  4.833261e+01
 1.630000e+00  9.040726e-01  8.214121e-01  9.068438e-01  9.063281e-01 -3.636208e+00  8.670668e-01  4.112339e+01
 1.640000e+00  9.085387e-01  8.301204e-01  9.138802e-01  9.140260e-01 -3.665740e+00  9.856641e-01  4.191712e+01
 1.650000e+00  9.116517e-01  8.349018e-01  9.136354e-01  9.123854e-01 -3.656292e+00  7.646566e-01  4.343501e+01
 1.660000e+00  9.146016e-01  8.406497e-01  9.135260e-01  9.163073e-01 -3.670396e+00  8.431916e-01  4.268251e+01
 1.670000e+00  9.026458e-01  8.192715e-01  9.030625e-01  9.049323e-01 -3.626094e+00  8.379025e-01  4.314904e+01
 1.680000e+00  8.983994e-01  8.121636e-01  9.017552e-01  8.996719e-01 -3.613771e+00  1.034192e+00  3.870635e+01
 1.690000e+00  8.942904e-01  8.051571e-01  8.939375e-01  8.985729e-01 -3.599219e+00  9.701953e-01  3.719134e+01
 1.700000e+00  8.823724e-01  7.844561e-01  8.858698e-01  8.873437e-01 -3.566656e+00  1.046345e+00  3.643107e+01
 1.710000e+00  8.771914e-01  7.753895e-01  8.830156e-01  8.859635e-01 -3.552823e+00  1.038370e+00  3.378602e+01
 1.720000e+00  8.993708e-01  8.141579e-01  8.967031e-01  8.979271e-01 -3.602781e+00  9.419889e-01  3.717965e+01
 1.730000e+00  8.803066e-01  7.817536e-01  8.837031e-01  8.835000e-01 -3.545906e+00  1.242423e+00  3.446554e+01
 1.740000e+00  8.912764e-01  7.996940e-01  8.889167e-01  8.912083e-01 -3.575021e+00  1.001681e+00  3.690543e+01
 1.750000e+00  8.749115e-01  7.711380e-01  8.798229e-01  8.808854e-01 -3.538771e+00  9.368769e-01  3.370050e+01
 1.760000e+00  8.745492e-01  7.705035e-01  8.739844e-01  8.757812e-01 -3.515760e+00  9.819090e-01  3.453458e+01
 1.770000e+00  8.642282e-01  7.544227e-01  8.670990e-01  8.668125e-01 -3.489521e+00  1.156277e+00  3.268230e+01
 1.780000e+00  8.577487e-01  7.420503e-01  8.600208e-01  8.597083e-01 -3.464708e+00  1.137749e+00  3.126695e+01
 1.790000e+00  8.409020e-01  7.149532e-01  8.484219e-01  8.508437e-01 -3.419625e+00  1.319653e+00  2.923024e+01
 1.800000e+00  8.452249e-01  7.220795e-01  8.503073e-01  8.519792e-01 -3.432344e+00  1.204675e+00  2.813644e+01
 1.810000e+00  8.235687e-01  6.882134e-01  8.305573e-01  8.341458e-01 -3.362729e+00  1.570779e+00  2.646496e+01
 1.820000e+00  8.156540e-01  6.757268e-01  8.238073e-01  8.237240e-01 -3.331938e+00  1.531212e+00  2.578547e+01
 1.830000e+00  8.385452e-01  7.113425e-01  8.416563e-01  8.439896e-01 -3.390010e+00  1.344715e+00  2.926507e+01
 1.840000e+00  8.046094e-01  6.584704e-01  8.159479e-01  8.182708e-01 -3.305375e+00  1.668160e+00  2.372339e+01
 1.850000e+00  7.960785e-01  6.449182e-01  8.087031e-01  8.100521e-01 -3.265031e+00  1.849119e+00  2.484432e+01
 1.860000e+00  7.947513e-01  6.427921e-01  8.047813e-01  8.064479e-01 -3.260698e+00  1.577694e+00  2.324918e+01
 1.870000e+00  7.839238e-01  6.275098e-01  7.929167e-01  7.963542e-01 -3.223385e+00  1.925201e+00  2.286109e+01
 1.880000e+00  7.933877e-01  6.410785e-01  7.988073e-01  8.016875e-01 -3.243208e+00  1.651158e+00  2.399192e+01
 1.890000e+00  7.831536e-01  6.236042e-01  7.908594e-01  7.913385e-01 -3.204135e+00  1.657109e+00  2.302292e+01
 1.900000e+00  7.762243e-01  6.151183e-01  7.819010e-01  7.894115e-01 -3.190760e+00  1.656941e+00  2.147834e+01
 1.910000e+00  7.662432e-01  6.003786e-01  7.749792e-01  7.765000e-01 -3.152229e+00  1.799740e+00  2.176065e+01
 1.920000e+00  7.601022e-01  5.927075e-01  7.722656e-01  7.717813e-01 -3.144969e+00  1.981056e+00  2.065496e+01
 1.930000e+00  7.457552e-01  5.727167e-01  7.649687e-01  7.618906e-01 -3.100354e+00  2.260050e+00  1.989759e+01
 1.940000e+00  7.278633e-01  5.450871e-01  7.390938e-01  7.407656e-01 -3.017708e+00  2.119997e+00  1.870322e+01
 1.950000e+00  7.289277e-01  5.487760e-01  7.427812e-01  7.455104e-01 -3.050865e+00  2.134426e+00  1.769063e+01
 1.960000e+00  7.215872e-01  5.373252e-01  7.355885e-01  7.390781e-01 -3.014854e+00  2.171026e+00  1.836589e+01
 1.970000e+00  6.580120e-01  4.553931e-01  6.784375e-01  6.857604e-01 -2.836167e+00  2.605141e+00  1.458264e+01
 1.980000e+00  6.991644e-01  5.038613e-01  7.140521e-01  7.192448e-01 -2.927792e+00  1.890835e+00  1.775385e+01
 1.990000e+00  6.660947e-01  4.663482e-01  6.885937e-01  6.917656e-01 -2.840990e+00  2.749758e+00  1.510440e+01
 2.000000e+00  6.608398e-01  4.612658e-01  6.806771e-01  6.909271e-01 -2.823062e+00  2.761020e+00  1.462607e+01
