# Temperature          M^2          M^4          G^2          G^4       Energy           Cv         Corr
 0.000000e+00  1.000000e+00  1.000000e+00  1.000000e+00  1.000000e+00 -4.000000e+00  0.000000e+00  0.000000e+00
 1.000000e-02  1.000000e+00  1.000000e+00  1.000000e+00  1.000000e+00 -4.000000e+00 -2.273737e-09  0.000000e+00
 2.000000e-02  1.000000e+00  1.000000e+00  1.000000e+00  1.000000e+00 -4.000000e+00 -5.684342e-10  0.000000e+00
 3.000000e-02  1.000000e+00  1.000000e+00  1.000000e+00  1.000000e+00 -4.000000e+00 -2.526374e-10  0.000000e+00
 4.000000e-02  1.000000e+00  1.000000e+00  1.000000e+00  1.000000e+00 -4.000000e+00 -1.421085e-10  0.000000e+00
 5.000000e-02  1.000000e+00  1.000000e+00  1.000000e+00  1.000000e+00 -4.000000e+00 -9.094947e-11  0.000000e+00
 6.000000e-02  1.000000e+00  1.000000e+00  1.000000e+00  1.000000e+00 -4.000000e+00 -6.315935e-11  0.000000e+00
 7.000000e-02  1.000000e+00  1.000000e+00  1.000000e+00  1.000000e+00 -4.000000e+00 -4.640279e-11  0.000000e+00
 8.000000e-02  1.000000e+00  1.000000e+00  1.000000e+00  1.000000e+00 -4.000000e+00 -3.552714e-11  0.000000e+00
 9.000000e-02  1.000000e+00  1.000000e+00  1.000000e+00  1.000000e+00 -4.000000e+00 -2.807082e-11  0.000000e+00
 1.000000e-01  1.000000e+00  1.000000e+00  1.000000e+00  1.000000e+00 -4.000000e+00 -2.273737e-11  0.000000e+00
 1.100000e-01  1.000000e+00  1.000000e+00  1.000000e+00  1.000000e+00 -4.000000e+00 -1.879121e-11  0.000000e+00
 1.200000e-01  1.000000e+00  1.000000e+00  1.000000e+00  1.000000e+00 -4.000000e+00 -1.578984e-11  0.000000e+00
 1.300000e-01  1.000000e+00  1.000000e+00  1.000000e+00  1.000000e+00 -4.000000e+00 -1.345406e-11  0.000000e+00
 1.400000e-01  1.000000e+00  1.000000e+00  1.000000e+00  1.000000e+00 -4.000000e+00 -1.160070e-11  0.000000e+00
 1.500000e-01  1.000000e+00  1.000000e+00  1.000000e+00  1.000000e+00 -4.000000e+00 -1.010550e-11  0.000000e+00
 1.600000e-01  1.000000e+00  1.000000e+00  1.000000e+00  1.000000e+00 -4.000000e+00 -8.881784e-12  0.000000e+00
 1.700000e-01  1.000000e+00  1.000000e+00  1.000000e+00  1.000000e+00 -4.000000e+00 -7.867601e-12  0.000000e+00
 1.800000e-01  1.000000e+00  1.000000e+00  1.000000e+00  1.000000e+00 -4.000000e+00 -7.017706e-12  0.000000e+00
 1.900000e-01  1.000000e+00  1.000000e+00  1.000000e+00  1.000000e+00 -4.000000e+00 -6.298440e-12  0.000000e+00
 2.000000e-01  1.000000e+00  1.000000e+00  1.000000e+00  1.000000e+00 -4.000000e+00 -5.684342e-12  0.000000e+00
 2.100000e-01  1.000000e+00  1.000000e+00  1.000000e+00  1.000000e+00 -4.000000e+00 -5.155866e-12  0.000000e+00
 2.200000e-01  1.000000e+00  1.000000e+00  1.000000e+00  1.000000e+00 -4.000000e+00 -4.697803e-12  0.000000e+00
 2.300000e-01  1.000000e+00  1.000000e+00  1.000000e+00  1.000000e+00 -4.000000e+00 -4.298179e-12  0.000000e+00
 2.400000e-01  1.000000e+00  1.000000e+00  1.000000e+00  1.000000e+00 -4.000000e+00 -3.947460e-12  0.000000e+00
 2.500000e-01  1.000000e+00  1.000000e+00  1.000000e+00  1.000000e+00 -4.000000e+00 -3.637979e-12  0.000000e+00
 2.600000e-01  1.000000e+00  1.000000e+00  1.000000e+00  1.000000e+00 -4.000000e+00 -3.363516e-12  0.000000e+00
 2.700000e-01  1.000000e+00  1.000000e+00  1.000000e+00  1.000000e+00 -4.000000e+00 -3.118980e-12  0.000000e+00
 2.800000e-01  1.000000e+00  1.000000e+00  1.000000e+00  1.000000e+00 -4.000000e+00 -2.900174e-12  0.000000e+00
 2.900000e-01  1.000000e+00  1.000000e+00  1.000000e+00  1.000000e+00 -4.000000e+00 -2.703611e-12  0.000000e+00
 3.000000e-01  1.000000e+00  1.000000e+00  1.000000e+00  1.000000e+00 -4.000000e+00 -2.526374e-12  0.000000e+00
 3.100000e-01  1.000000e+00  1.000000e+00  1.000000e+00  1.000000e+00 -4.000000e+00 -2.366011e-12  0.000000e+00
 3.200000e-01  1.000000e+00  1.000000e+00  1.000000e+00  1.000000e+00 -4.000000e+00 -2.220446e-12  0.000000e+00
 3.300000e-01  1.000000e+00  1.000000e+00  1.000000e+00  1.000000e+00 -4.000000e+00 -2.087913e-12  0.000000e+00
 3.400000e-01  1.000000e+00  1.000000e+00  1.000000e+00  1.000000e+00 -4.000000e+00 -1.966900e-12  0.000000e+00
 3.500000e-01  1.000000e+00  1.000000e+00  1.000000e+00  1.000000e+00 -4.000000e+00 -1.856112e-12  0.000000e+00
 3.600000e-01  1.000000e+00  1.000000e+00  1.000000e+00  1.000000e+00 -4.000000e+00 -1.754427e-12  0.000000e+00
 3.700000e-01  1.000000e+00  1.000000e+00  1.000000e+00  1.000000e+00 -4.000000e+00 -1.660874e-12  0.000000e+00
 3.800000e-01  1.000000e+00  1.000000e+00  1.000000e+00  1.000000e+00 -4.000000e+00 -1.574610e-12  0.000000e+00
 3.900000e-01  1.000000e+00  1.000000e+00  1.000000e+00  1.000000e+00 -4.000000e+00 -1.494896e-12  0.000000e+00
 4.000000e-01  1.000000e+00  1.000000e+00  1.000000e+00  1.000000e+00 -4.000000e+00 -1.421085e-12  0.000000e+00
 4.100000e-01  1.000000e+00  1.000000e+00  1.000000e+00  1.000000e+00 -4.000000e+00 -1.352610e-12  0.000000e+00
 4.200000e-01  1.000000e+00  1.000000e+00  1.000000e+00  1.000000e+00 -4.000000e+00 -1.288966e-12  0.000000e+00
 4.300000e-01  1.000000e+00  1.000000e+00  1.000000e+00  1.000000e+00 -4.000000e+00 -1.229712e-12  0.000000e+00
 4.400000e-01  1.000000e+00  1.000000e+00  1.000000e+00  1.000000e+00 -4.000000e+00 -1.174451e-12  0.000000e+00
 4.500000e-01  1.000000e+00  1.000000e+00  1.000000e+00  1.000000e+00 -4.000000e+00 -1.122833e-12  0.000000e+00
 4.600000e-01  1.000000e+00  1.000000e+00  1.000000e+00  1.000000e+00 -4.000000e+00 -1.074545e-12  0.000000e+00
 4.700000e-01  1.000000e+00  1.000000e+00  1.000000e+00  1.000000e+00 -4.000000e+00 -1.029306e-12  0.000000e+00
 4.800000e-01  1.000000e+00  1.000000e+00  1.000000e+00  1.000000e+00 -4.000000e+00 -9.868649e-13  0.000000e+00
 4.900000e-01  1.000000e+00  1.000000e+00  1.000000e+00  1.000000e+00 -4.000000e+00 -9.469957e-13  0.000000e+00
 5.000000e-01  1.000000e+00  1.000000e+00  1.000000e+00  1.000000e+00 -4.000000e+00 -9.094947e-13  0.000000e+00
 5.100000e-01  1.000000e+00  1.000000e+00  1.000000e+00  1.000000e+00 -4.000000e+00 -8.741779e-13  0.000000e+00
 5.200000e-01  1.000000e+00  1.000000e+00  1.000000e+00  1.000000e+00 -4.000000e+00 -8.408790e-13  0.000000e+00
 5.300000e-01  1.000000e+00  1.000000e+00  1.000000e+00  1.000000e+00 -4.000000e+00 -8.094470e-13  0.000000e+00
 5.400000e-01  1.000000e+00  1.000000e+00  1.000000e+00  9.999896e-01 -3.999979e+00  9.516461e-05  0.000000e+00
 5.500000e-01  1.000000e+00  1.000000e+00  1.000000e+00  1.000000e+00 -4.000000e+00 -7.516485e-13  0.000000e+00
 5.600000e-01  1.000000e+00  1.000000e+00  1.000000e+00  1.000000e+00 -4.000000e+00 -7.250436e-13  0.000000e+00
 5.700000e-01  1.000000e+00  1.000000e+00  1.000000e+00  1.000000e+00 -4.000000e+00 -6.998266e-13  0.000000e+00
 5.800000e-01  1.000000e+00  1.000000e+00  1.000000e+00  1.000000e+00 -4.000000e+00 -6.759027e-13  0.000000e+00
 5.900000e-01  1.000000e+00  1.000000e+00  1.000000e+00  1.000000e+00 -4.000000e+00 -6.531849e-13  0.000000e+00
 6.000000e-01  1.000000e+00  1.000000e+00  9.999740e-01  1.000000e+00 -3.999948e+00  1.924190e-04  0.000000e+00
 6.100000e-01  1.000000e+00  1.000000e+00  1.000000e+00  1.000000e+00 -4.000000e+00 -6.110553e-13  0.000000e+00
 6.200000e-01  1.000000e+00  1.000000e+00  1.000000e+00  1.000000e+00 -4.000000e+00 -5.915028e-13  0.000000e+00
 6.300000e-01  1.000000e+00  1.000000e+00  9.999896e-01  1.000000e+00 -3.999979e+00  6.991685e-05  0.000000e+00
 6.400000e-01  1.000000e+00  1.000000e+00  1.000000e+00  1.000000e+00 -4.000000e+00 -5.551115e-13  0.000000e+00
 6.500000e-01  1.000000e+00  1.000000e+00  1.000000e+00  1.000000e+00 -4.000000e+00 -5.381625e-13  0.000000e+00
 6.600000e-01  1.000000e+00  1.000000e+00  9.999844e-01  1.000000e+00 -3.999969e+00  9.551002e-05  0.000000e+00
 6.700000e-01  1.000000e+00  1.000000e+00  1.000000e+00  9.998750e-01 -3.999750e+00  7.336452e-04  0.000000e+00
 6.800000e-01  1.000000e+00  1.000000e+00  9.999844e-01  1.000000e+00 -3.999969e+00  8.997441e-05  0.000000e+00
 6.900000e-01  1.000000e+00  1.000000e+00  9.999896e-01  1.000000e+00 -3.999979e+00  5.828607e-05  0.000000e+00
 7.000000e-01  9.998359e-01  9.996786e-01  9.998281e-01  9.998750e-01 -3.999406e+00  8.372321e-03  1.144920e+03
 7.100000e-01  9.999590e-01  9.999197e-01  9.998646e-01  9.999688e-01 -3.999667e+00  2.520664e-03  2.289981e+03
 7.200000e-01  1.000000e+00  1.000000e+00  9.999427e-01  1.000000e+00 -3.999885e+00  2.930893e-04  0.000000e+00
 7.300000e-01  9.997949e-01  9.995983e-01  9.998438e-01  9.997135e-01 -3.999115e+00  9.940042e-03  1.024026e+03
 7.400000e-01  9.997539e-01  9.995179e-01  9.998021e-01  9.997240e-01 -3.999052e+00  1.133379e-02  9.347844e+02
 7.500000e-01  1.000000e+00  1.000000e+00  9.999687e-01  9.999792e-01 -3.999896e+00  2.456790e-04  0.000000e+00
 7.600000e-01  9.998372e-01  9.996844e-01  9.998177e-01  9.998281e-01 -3.999333e+00  8.703447e-03  9.585112e+02
 7.700000e-01  1.000000e+00  1.000000e+00  9.999948e-01  9.998958e-01 -3.999781e+00  4.867670e-04  0.000000e+00
 7.800000e-01  9.999795e-01  9.999598e-01  9.999479e-01  9.999792e-01 -3.999854e+00  1.002219e-03  3.238556e+03
 7.900000e-01  9.982158e-01  9.965048e-01  9.985677e-01  9.984635e-01 -3.994063e+00  6.715337e-02  3.469009e+02
 8.000000e-01  9.992207e-01  9.984734e-01  9.991875e-01  9.993542e-01 -3.997083e+00  2.996528e-02  5.251623e+02
 8.100000e-01  9.994873e-01  9.989956e-01  9.994323e-01  9.996094e-01 -3.998083e+00  1.941337e-02  6.475506e+02
 8.200000e-01  9.997744e-01  9.995581e-01  9.997917e-01  9.997708e-01 -3.999125e+00  8.478584e-03  9.763606e+02
 8.300000e-01  9.997744e-01  9.995581e-01  9.995260e-01  9.997500e-01 -3.998552e+00  9.260728e-03  9.763606e+02
 8.400000e-01  9.985850e-01  9.972280e-01  9.986406e-01  9.988333e-01 -3.994948e+00  4.797705e-02  3.896023e+02
 8.500000e-01  9.997539e-01  9.995179e-01  9.997135e-01  9.996406e-01 -3.998708e+00  9.194771e-03  9.347844e+02
 8.600000e-01  9.994258e-01  9.988751e-01  9.993125e-01  9.994219e-01 -3.997469e+00  1.978313e-02  6.118588e+02
 8.700000e-01  9.995693e-01  9.991563e-01  9.995208e-01  9.994323e-01 -3.997906e+00  1.487793e-02  7.065648e+02
 8.800000e-01  9.992822e-01  9.985939e-01  9.991615e-01  9.994271e-01 -3.997177e+00  2.346403e-02  5.472235e+02
 8.900000e-01  9.980726e-01  9.962259e-01  9.979062e-01  9.983698e-01 -3.992552e+00  6.100849e-02  3.324623e+02
 9.000000e-01  9.992002e-01  9.984332e-01  9.987031e-01  9.991823e-01 -3.995771e+00  2.567870e-02  5.183803e+02
 9.100000e-01  9.980316e-01  9.961455e-01  9.983854e-01  9.982240e-01 -3.993198e+00  6.030866e-02  3.302091e+02
 9.200000e-01  9.980316e-01  9.961455e-01  9.980781e-01  9.983021e-01 -3.992771e+00  5.630353e-02  3.287508e+02
 9.300000e-01  9.997949e-01  9.995983e-01  9.994427e-01  9.995365e-01 -3.997958e+00  8.009789e-03  1.024026e+03
 9.400000e-01  9.988118e-01  9.976790e-01  9.987031e-01  9.987656e-01 -3.994938e+00  3.803729e-02  4.380827e+02
 9.500000e-01  9.985850e-01  9.972280e-01  9.987083e-01  9.981042e-01 -3.993625e+00  3.937716e-02  3.896023e+02
 9.600000e-01  9.981188e-01  9.963360e-01  9.982396e-01  9.982552e-01 -3.992990e+00  6.270097e-02  3.406144e+02
 9.700000e-01  9.982979e-01  9.966655e-01  9.979167e-01  9.979792e-01 -3.991792e+00  4.353881e-02  3.551763e+02
 9.800000e-01  9.975804e-01  9.952617e-01  9.978385e-01  9.974375e-01 -3.990552e+00  6.325020e-02  2.984055e+02
 9.900000e-01  9.979300e-01  9.959515e-01  9.976979e-01  9.980104e-01 -3.991417e+00  5.399834e-02  3.251508e+02
 1.000000e+00  9.969238e-01  9.939738e-01  9.967656e-01  9.969479e-01 -3.987427e+00  7.317466e-02  2.640195e+02
 1.010000e+00  9.976826e-01  9.954603e-01  9.975312e-01  9.975156e-01 -3.990094e+00  5.373655e-02  3.043049e+02
 1.020000e+00  9.971989e-01  9.945368e-01  9.970833e-01  9.969896e-01 -3.988375e+00  7.853913e-02  2.598251e+02
 1.030000e+00  9.966253e-01  9.934198e-01  9.968542e-01  9.965677e-01 -3.987010e+00  8.815230e-02  2.435517e+02
 1.040000e+00  9.947975e-01  9.898413e-01  9.949844e-01  9.947656e-01 -3.979500e+00  1.278390e-01  2.016260e+02
 1.050000e+00  9.950488e-01  9.903464e-01  9.953229e-01  9.951250e-01 -3.980583e+00  1.274975e-01  2.060917e+02
 1.060000e+00  9.970938e-01  9.943329e-01  9.965417e-01  9.971250e-01 -3.987333e+00  7.494106e-02  2.693734e+02
 1.070000e+00  9.966003e-01  9.933630e-01  9.958333e-01  9.958698e-01 -3.983438e+00  8.210263e-02  2.534393e+02
 1.080000e+00  9.962939e-01  9.927543e-01  9.959479e-01  9.963906e-01 -3.984531e+00  8.128510e-02  2.340774e+02
 1.090000e+00  9.952054e-01  9.906288e-01  9.953333e-01  9.952135e-01 -3.981125e+00  9.651647e-02  2.098980e+02
 1.100000e+00  9.951436e-01  9.905060e-01  9.947552e-01  9.948542e-01 -3.979333e+00  9.917208e-02  2.057550e+02
 1.110000e+00  9.931969e-01  9.867008e-01  9.920573e-01  9.937240e-01 -3.971677e+00  1.329992e-01  1.751913e+02
 1.120000e+00  9.920160e-01  9.844127e-01  9.918437e-01  9.913490e-01 -3.966615e+00  1.483111e-01  1.594546e+02
 1.130000e+00  9.929316e-01  9.861877e-01  9.930573e-01  9.927552e-01 -3.971625e+00  1.393992e-01  1.758129e+02
 1.140000e+00  9.939007e-01  9.881632e-01  9.930312e-01  9.935365e-01 -3.973021e+00  1.513281e-01  1.799897e+02
 1.150000e+00  9.930755e-01  9.864678e-01  9.920885e-01  9.924167e-01 -3.969052e+00  1.285610e-01  1.744114e+02
 1.160000e+00  9.902399e-01  9.809647e-01  9.906719e-01  9.908281e-01 -3.962729e+00  1.763046e-01  1.496025e+02
 1.170000e+00  9.895397e-01  9.796634e-01  9.902187e-01  9.894062e-01 -3.959667e+00  2.160271e-01  1.402378e+02
 1.180000e+00  9.889785e-01  9.785268e-01  9.888490e-01  9.887708e-01 -3.955729e+00  1.917228e-01  1.350559e+02
 1.190000e+00  9.921585e-01  9.846959e-01  9.921615e-01  9.915885e-01 -3.967573e+00  1.452896e-01  1.633228e+02
 1.200000e+00  9.888613e-01  9.783173e-01  9.888906e-01  9.894740e-01 -3.957094e+00  1.992083e-01  1.351277e+02
 1.210000e+00  9.879066e-01  9.765535e-01  9.879792e-01  9.873281e-01 -3.951354e+00  2.396765e-01  1.261972e+02
 1.220000e+00  9.865801e-01  9.739374e-01  9.869062e-01  9.870729e-01 -3.948448e+00  2.340386e-01  1.206960e+02
 1.230000e+00  9.846673e-01  9.701574e-01  9.848125e-01  9.847448e-01 -3.938854e+00  2.410157e-01  1.150371e+02
 1.240000e+00  9.871302e-01  9.749122e-01  9.865052e-01  9.867187e-01 -3.946490e+00  2.118617e-01  1.269421e+02
 1.250000e+00  9.855798e-01  9.720664e-01  9.842396e-01  9.858333e-01 -3.940906e+00  2.635692e-01  1.122058e+02
 1.260000e+00  9.815977e-01  9.644108e-01  9.824687e-01  9.817500e-01 -3.928708e+00  3.283068e-01  1.008019e+02
 1.270000e+00  9.813197e-01  9.637753e-01  9.819635e-01  9.818177e-01 -3.928188e+00  2.851350e-01  1.050054e+02
 1.280000e+00  9.823870e-01  9.658927e-01  9.818646e-01  9.815729e-01 -3.927469e+00  2.878089e-01  1.038380e+02
 1.290000e+00  9.820133e-01  9.651833e-01  9.813333e-01  9.815677e-01 -3.927396e+00  2.945332e-01  9.931856e+01
 1.300000e+00  9.810514e-01  9.632420e-01  9.804010e-01  9.812187e-01 -3.923802e+00  2.777481e-01  1.025060e+02
 1.310000e+00  9.779951e-01  9.575847e-01  9.784271e-01  9.772344e-01 -3.913479e+00  3.739356e-01  9.230712e+01
 1.320000e+00  9.778278e-01  9.570806e-01  9.790521e-01  9.793385e-01 -3.917146e+00  3.361020e-01  9.462861e+01
 1.330000e+00  9.789928e-01  9.594769e-01  9.783802e-01  9.791615e-01 -3.916573e+00  3.461423e-01  9.609180e+01
 1.340000e+00  9.764681e-01  9.545990e-01  9.769792e-01  9.760781e-01 -3.906906e+00  3.585927e-01  8.927643e+01
 1.350000e+00  9.749658e-01  9.515573e-01  9.747292e-01  9.745729e-01 -3.899531e+00  3.343239e-01  8.872927e+01
 1.360000e+00  9.767666e-01  9.550301e-01  9.756875e-01  9.753021e-01 -3.902656e+00  3.102059e-01  9.383126e+01
 1.370000e+00  9.701016e-01  9.424937e-01  9.711615e-01  9.697865e-01 -3.882719e+00  4.381964e-01  8.566178e+01
 1.380000e+00  9.734811e-01  9.488324e-01  9.733490e-01  9.732656e-01 -3.895073e+00  3.540947e-01  8.538207e+01
 1.390000e+00  9.738418e-01  9.493941e-01  9.727708e-01  9.740677e-01 -3.895198e+00  3.041821e-01  8.445105e+01
 1.400000e+00  9.726501e-01  9.473248e-01  9.703594e-01  9.721927e-01 -3.887000e+00  3.839317e-01  8.656208e+01
 1.410000e+00  9.636090e-01  9.302597e-01  9.642292e-01  9.648750e-01 -3.860708e+00  5.260383e-01  7.020749e+01
 1.420000e+00  9.608337e-01  9.247795e-01  9.625312e-01  9.616406e-01 -3.851375e+00  4.594829e-01  6.899305e+01
 1.430000e+00  9.713555e-01  9.447376e-01  9.685365e-01  9.685833e-01 -3.875344e+00  3.718632e-01  8.265899e+01
 1.440000e+00  9.640778e-01  9.311602e-01  9.639219e-01  9.643281e-01 -3.859500e+00  4.684213e-01  7.188115e+01
 1.450000e+00  9.579469e-01  9.197841e-01  9.585677e-01  9.587448e-01 -3.837979e+00  5.746237e-01  6.532389e+01
 1.460000e+00  9.609847e-01  9.252108e-01  9.597552e-01  9.615990e-01 -3.845135e+00  4.663500e-01  6.805987e+01
 1.470000e+00  9.573721e-01  9.185978e-01  9.595312e-01  9.591927e-01 -3.841604e+00  5.326663e-01  6.239209e+01
 1.480000e+00  9.586738e-01  9.207962e-01  9.583125e-01  9.571146e-01 -3.833167e+00  4.900416e-01  6.544596e+01
 1.490000e+00  9.503161e-01  9.053036e-01  9.512344e-01  9.503177e-01 -3.805406e+00  5.855787e-01  6.431345e+01
 1.500000e+00  9.487015e-01  9.026335e-01  9.504479e-01  9.497396e-01 -3.804000e+00  6.245251e-01  5.775103e+01
 1.510000e+00  9.503037e-01  9.061239e-01  9.494687e-01  9.507917e-01 -3.805042e+00  7.827488e-01  5.955135e+01
 1.520000e+00  9.513499e-01  9.070959e-01  9.502031e-01  9.513125e-01 -3.804469e+00  5.217458e-01  6.357300e+01
 1.530000e+00  9.467217e-01  8.985477e-01  9.472240e-01  9.478854e-01 -3.796250e+00  5.388668e-01  5.599536e+01
 1.540000e+00  9.466621e-01  8.986682e-01  9.440469e-01  9.478177e-01 -3.790219e+00  5.886166e-01  5.569894e+01
 1.550000e+00  9.426973e-01  8.913602e-01  9.418698e-01  9.443646e-01 -3.777646e+00  5.963703e-01  5.362398e+01
 1.560000e+00  9.389189e-01  8.843705e-01  9.398385e-01  9.377969e-01 -3.761937e+00  6.929112e-01  5.177081e+01
 1.570000e+00  9.342848e-01  8.757030e-01  9.356094e-01  9.355052e-01 -3.746375e+00  6.405007e-01  5.175243e+01
 1.580000e+00  9.385078e-01  8.836073e-01  9.371667e-01  9.383125e-01 -3.757948e+00  6.318538e-01  5.244062e+01
 1.590000e+00  9.286309e-01  8.657644e-01  9.295833e-01  9.281406e-01 -3.721198e+00  7.596635e-01  4.858706e+01
 1.600000e+00  9.322201e-01  8.725118e-01  9.279062e-01  9.317292e-01 -3.725667e+00  7.629207e-01  4.902837e+01
 1.610000e+00  9.273558e-01  8.639140e-01  9.256094e-01  9.274531e-01 -3.715656e+00  7.960936e-01  4.490800e+01
 1.620000e+00  9.184492e-01  8.468314e-01  9.219427e-01  9.202135e-01 -3.689917e+00  6.826274e-01  4.609382e+01
 1.630000e+00  9.092246e-01  8.316034e-01  9.086510e-01  9.103125e-01 -3.649177e+00  9.387480e-01  4.155204e+01
 1.640000e+00  9.220671e-01  8.538154e-01  9.204427e-01  9.231771e-01 -3.695552e+00  8.095392e-01  4.620147e+01
 1.650000e+00  9.112087e-01  8.350151e-01  9.120573e-01  9.111823e-01 -3.653969e+00  9.517601e-01  4.455730e+01
 1.660000e+00  9.097038e-01  8.322436e-01  9.130990e-01  9.121979e-01 -3.659375e+00  9.412197e-01  4.262218e+01
 1.670000e+00  9.045918e-01  8.227848e-01  9.057240e-01  9.046302e-01 -3.632781e+00  8.240604e-01  4.078684e+01
 1.680000e+00  9.000749e-01  8.149757e-01  9.006302e-01  9.021719e-01 -3.615948e+00  1.006528e+00  4.051900e+01
 1.690000e+00  9.024242e-01  8.188295e-01  9.020885e-01  9.005937e-01 -3.615677e+00  8.139814e-01  4.090489e+01
 1.700000e+00  8.869355e-01  7.915704e-01  8.889010e-01  8.893281e-01 -3.572563e+00  8.889246e-01  3.666598e+01
 1.710000e+00  8.981029e-01  8.121741e-01  8.949271e-01  8.975781e-01 -3.598833e+00  1.004701e+00  3.784201e+01
 1.720000e+00  8.834251e-01  7.870293e-01  8.888385e-01  8.846562e-01 -3.566292e+00  1.180733e+00  3.497126e+01
 1.730000e+00  8.743411e-01  7.708797e-01  8.785052e-01  8.803854e-01 -3.536656e+00  1.183446e+00  3.251560e+01
 1.740000e+00  8.814980e-01  7.830125e-01  8.858438e-01  8.816667e-01 -3.548833e+00  1.129605e+00  3.745769e+01
 1.750000e+00  8.839486e-01  7.884689e-01  8.841875e-01  8.862448e-01 -3.560604e+00  1.152995e+00  3.578781e+01
 1.760000e+00  8.666087e-01  7.584543e-01  8.703646e-01  8.671771e-01 -3.495760e+00  1.275182e+00  3.264989e+01
 1.770000e+00  8.605352e-01  7.472814e-01  8.644115e-01  8.613229e-01 -3.473094e+00  1.145465e+00  3.207195e+01
 1.780000e+00  8.478011e-01  7.268733e-01  8.550417e-01  8.556615e-01 -3.448229e+00  1.351276e+00  2.925406e+01
 1.790000e+00  8.565059e-01  7.422608e-01  8.562344e-01  8.604948e-01 -3.460042e+00  1.354829e+00  2.935575e+01
 1.800000e+00  8.433174e-01  7.181207e-01  8.500729e-01  8.510833e-01 -3.425448e+00  1.070583e+00  2.904939e+01
 1.810000e+00  8.481712e-01  7.266377e-01  8.464948e-01  8.528125e-01 -3.424396e+00  1.138552e+00  2.883953e+01
 1.820000e+00  8.194453e-01  6.817987e-01  8.240104e-01  8.278437e-01 -3.338760e+00  1.462607e+00  2.524687e+01
 1.830000e+00  8.298587e-01  6.970930e-01  8.383073e-01  8.330156e-01 -3.366833e+00  1.390833e+00  2.916870e+01
 1.840000e+00  8.298128e-01  6.972094e-01  8.300208e-01  8.360885e-01 -3.360990e+00  1.283641e+00  2.780765e+01
 1.850000e+00  8.149596e-01  6.754301e-01  8.182969e-01  8.214115e-01 -3.312010e+00  1.678126e+00  2.589991e+01
 1.860000e+00  8.017614e-01  6.549227e-01  8.084792e-01  8.130625e-01 -3.288417e+00  1.653135e+00  2.329717e+01
 1.870000e+00  7.931416e-01  6.448206e-01  7.992500e-01  7.983125e-01 -3.236104e+00  2.285398e+00  2.254039e+01
 1.880000e+00  8.020524e-01  6.513933e-01  8.041354e-01  8.114063e-01 -3.271021e+00  1.191511e+00  2.444827e+01
 1.890000e+00  7.746641e-01  6.120284e-01  7.860781e-01  7.867865e-01 -3.194510e+00  1.695667e+00  2.193838e+01
 1.900000e+00  7.748034e-01  6.125913e-01  7.851094e-01  7.830469e-01 -3.182052e+00  1.685766e+00  2.243048e+01
 1.910000e+00  7.777197e-01  6.170804e-01  7.833073e-01  7.851094e-01 -3.179333e+00  1.574833e+00  2.256010e+01
 1.920000e+00  7.694141e-01  6.063970e-01  7.771198e-01  7.800990e-01 -3.158615e+00  1.831493e+00  2.128449e+01
 1.930000e+00  7.511396e-01  5.776368e-01  7.623073e-01  7.681823e-01 -3.111385e+00  1.837435e+00  2.057250e+01
 1.940000e+00  7.221488e-01  5.363082e-01  7.345781e-01  7.368490e-01 -3.006167e+00  2.037798e+00  1.939026e+01
 1.950000e+00  7.163109e-01  5.311216e-01  7.330365e-01  7.366771e-01 -3.015156e+00  2.141480e+00  1.742901e+01
 1.960000e+00  7.414482e-01  5.634446e-01  7.478333e-01  7.532917e-01 -3.055396e+00  1.780875e+00  1.970349e+01
 1.970000e+00  6.712562e-01  4.770511e-01  6.870990e-01  6.965729e-01 -2.856250e+00  3.272981e+00  1.592964e+01
 1.980000e+00  7.100537e-01  5.202994e-01  7.236875e-01  7.163125e-01 -2.947948e+00  2.029215e+00  1.828402e+01
 1.990000e+00  6.655840e-01  4.655996e-01  6.886615e-01  6.913490e-01 -2.841406e+00  2.822560e+00  1.548233e+01
 2.000000e+00  6.794788e-01  4.786617e-01  6.930677e-01  7.012656e-01 -2.866062e+00  1.917847e+00  1.651374e+01
