# Temperature Magnetization2 Magnetization4 Correlation2 Correlation4 Energy Energy2 HeatCapacity CorrelationLength
0.000000e+000 1.000000e+000 1.000000e+000 1.000000e+000 1.000000e+000 -2.000000e+000 -1.#IND00e+000 4.382421e+016
1.000000e-002 1.000000e+000 1.000000e+000 1.000000e+000 1.000000e+000 -2.000000e+000 0.000000e+000 4.382421e+016
2.000000e-002 1.000000e+000 1.000000e+000 1.000000e+000 1.000000e+000 -2.000000e+000 0.000000e+000 4.382421e+016
3.000000e-002 1.000000e+000 1.000000e+000 1.000000e+000 1.000000e+000 -2.000000e+000 0.000000e+000 4.382421e+016
4.000000e-002 1.000000e+000 1.000000e+000 1.000000e+000 1.000000e+000 -2.000000e+000 0.000000e+000 4.382421e+016
5.000000e-002 1.000000e+000 1.000000e+000 1.000000e+000 1.000000e+000 -2.000000e+000 0.000000e+000 4.382421e+016
6.000000e-002 1.000000e+000 1.000000e+000 1.000000e+000 1.000000e+000 -2.000000e+000 0.000000e+000 4.382421e+016
7.000000e-002 1.000000e+000 1.000000e+000 1.000000e+000 1.000000e+000 -2.000000e+000 0.000000e+000 4.382421e+016
8.000000e-002 1.000000e+000 1.000000e+000 1.000000e+000 1.000000e+000 -2.000000e+000 0.000000e+000 4.382421e+016
9.000000e-002 1.000000e+000 1.000000e+000 1.000000e+000 1.000000e+000 -2.000000e+000 0.000000e+000 4.382421e+016
1.000000e-001 1.000000e+000 1.000000e+000 1.000000e+000 1.000000e+000 -2.000000e+000 0.000000e+000 4.382421e+016
1.100000e-001 1.000000e+000 1.000000e+000 1.000000e+000 1.000000e+000 -2.000000e+000 0.000000e+000 4.382421e+016
1.200000e-001 1.000000e+000 1.000000e+000 1.000000e+000 1.000000e+000 -2.000000e+000 0.000000e+000 4.382421e+016
1.300000e-001 1.000000e+000 1.000000e+000 1.000000e+000 1.000000e+000 -2.000000e+000 0.000000e+000 4.382421e+016
1.400000e-001 1.000000e+000 1.000000e+000 1.000000e+000 1.000000e+000 -2.000000e+000 0.000000e+000 4.382421e+016
1.500000e-001 1.000000e+000 1.000000e+000 1.000000e+000 1.000000e+000 -2.000000e+000 0.000000e+000 4.382421e+016
1.600000e-001 1.000000e+000 1.000000e+000 1.000000e+000 1.000000e+000 -2.000000e+000 0.000000e+000 4.382421e+016
1.700000e-001 1.000000e+000 1.000000e+000 1.000000e+000 1.000000e+000 -2.000000e+000 0.000000e+000 4.382421e+016
1.800000e-001 1.000000e+000 1.000000e+000 1.000000e+000 1.000000e+000 -2.000000e+000 0.000000e+000 4.382421e+016
1.900000e-001 1.000000e+000 1.000000e+000 1.000000e+000 1.000000e+000 -2.000000e+000 0.000000e+000 4.382421e+016
2.000000e-001 1.000000e+000 1.000000e+000 1.000000e+000 1.000000e+000 -2.000000e+000 0.000000e+000 4.382421e+016
2.100000e-001 1.000000e+000 1.000000e+000 1.000000e+000 1.000000e+000 -2.000000e+000 0.000000e+000 4.382421e+016
2.200000e-001 1.000000e+000 1.000000e+000 1.000000e+000 1.000000e+000 -2.000000e+000 0.000000e+000 4.382421e+016
2.300000e-001 1.000000e+000 1.000000e+000 1.000000e+000 1.000000e+000 -2.000000e+000 0.000000e+000 4.382421e+016
2.400000e-001 1.000000e+000 1.000000e+000 1.000000e+000 1.000000e+000 -2.000000e+000 0.000000e+000 4.382421e+016
2.500000e-001 1.000000e+000 1.000000e+000 1.000000e+000 1.000000e+000 -2.000000e+000 0.000000e+000 4.382421e+016
2.600000e-001 1.000000e+000 1.000000e+000 1.000000e+000 1.000000e+000 -2.000000e+000 0.000000e+000 4.382421e+016
2.700000e-001 1.000000e+000 1.000000e+000 1.000000e+000 1.000000e+000 -2.000000e+000 0.000000e+000 4.382421e+016
2.800000e-001 1.000000e+000 1.000000e+000 1.000000e+000 1.000000e+000 -2.000000e+000 0.000000e+000 4.382421e+016
2.900000e-001 1.000000e+000 1.000000e+000 1.000000e+000 1.000000e+000 -2.000000e+000 0.000000e+000 4.382421e+016
3.000000e-001 1.000000e+000 1.000000e+000 1.000000e+000 1.000000e+000 -2.000000e+000 0.000000e+000 4.382421e+016
3.100000e-001 1.000000e+000 1.000000e+000 1.000000e+000 1.000000e+000 -2.000000e+000 0.000000e+000 4.382421e+016
3.200000e-001 1.000000e+000 1.000000e+000 1.000000e+000 1.000000e+000 -2.000000e+000 0.000000e+000 4.382421e+016
3.300000e-001 1.000000e+000 1.000000e+000 1.000000e+000 1.000000e+000 -2.000000e+000 0.000000e+000 4.382421e+016
3.400000e-001 1.000000e+000 1.000000e+000 1.000000e+000 1.000000e+000 -2.000000e+000 0.000000e+000 4.382421e+016
3.500000e-001 1.000000e+000 1.000000e+000 1.000000e+000 1.000000e+000 -2.000000e+000 0.000000e+000 4.382421e+016
3.600000e-001 9.999877e-001 9.999759e-001 9.999875e-001 9.999875e-001 -1.999975e+000 1.028498e-003 4.180976e+003
3.700000e-001 1.000000e+000 1.000000e+000 1.000000e+000 1.000000e+000 -2.000000e+000 0.000000e+000 4.382421e+016
3.800000e-001 9.999938e-001 9.999879e-001 9.999937e-001 9.999937e-001 -1.999987e+000 4.616113e-004 5.912811e+003
3.900000e-001 1.000000e+000 1.000000e+000 1.000000e+000 1.000000e+000 -2.000000e+000 0.000000e+000 4.382421e+016
4.000000e-001 9.999938e-001 9.999879e-001 9.999938e-001 9.999938e-001 -1.999988e+000 4.166042e-004 5.912811e+003
4.100000e-001 9.999979e-001 9.999960e-001 9.999979e-001 9.999979e-001 -1.999996e+000 1.321898e-004 1.024131e+004
4.200000e-001 9.999528e-001 9.999076e-001 9.999521e-001 9.999521e-001 -1.999904e+000 2.894123e-003 2.135412e+003
4.300000e-001 9.999631e-001 9.999277e-001 9.999625e-001 9.999625e-001 -1.999925e+000 2.161385e-003 2.413857e+003
4.400000e-001 9.999918e-001 9.999839e-001 9.999917e-001 9.999917e-001 -1.999983e+000 4.590450e-004 5.120639e+003
4.500000e-001 9.999918e-001 9.999839e-001 9.999917e-001 9.999917e-001 -1.999983e+000 4.388697e-004 5.120639e+003
4.600000e-001 9.999672e-001 9.999357e-001 9.999667e-001 9.999667e-001 -1.999933e+000 1.678975e-003 2.560288e+003
4.700000e-001 9.999182e-001 9.998402e-001 9.999167e-001 9.999167e-001 -1.999840e+000 4.091936e-003 1.524569e+003
4.800000e-001 9.997785e-001 9.995661e-001 9.997750e-001 9.997750e-001 -1.999550e+000 1.036042e-002 9.853615e+002
4.900000e-001 9.998298e-001 9.996666e-001 9.998271e-001 9.998271e-001 -1.999654e+000 7.650104e-003 1.124035e+003
5.000000e-001 9.996176e-001 9.992536e-001 9.996104e-001 9.996104e-001 -1.999256e+000 1.685839e-002 6.966655e+002
5.100000e-001 9.997231e-001 9.994576e-001 9.997187e-001 9.997187e-001 -1.999437e+000 1.145617e-002 8.813095e+002
5.200000e-001 9.996320e-001 9.992818e-001 9.996250e-001 9.996250e-001 -1.999285e+000 1.502132e-002 7.082401e+002
5.300000e-001 9.996678e-001 9.993492e-001 9.996625e-001 9.996625e-001 -1.999325e+000 1.271214e-002 8.044994e+002
5.400000e-001 9.994957e-001 9.990126e-001 9.994875e-001 9.994875e-001 -1.998981e+000 1.857651e-002 6.461059e+002
5.500000e-001 9.994713e-001 9.989652e-001 9.994625e-001 9.994625e-001 -1.998937e+000 1.882452e-002 6.251385e+002
5.600000e-001 9.992239e-001 9.984830e-001 9.992104e-001 9.992104e-001 -1.998457e+000 2.714592e-002 5.062802e+002
5.700000e-001 9.992643e-001 9.985652e-001 9.992500e-001 9.992500e-001 -1.998583e+000 2.491160e-002 4.946848e+002
5.800000e-001 9.993091e-001 9.986475e-001 9.992979e-001 9.992979e-001 -1.998602e+000 2.231120e-002 5.534961e+002
5.900000e-001 9.993359e-001 9.986998e-001 9.993250e-001 9.993250e-001 -1.998660e+000 2.043358e-002 5.614247e+002
6.000000e-001 9.988484e-001 9.977472e-001 9.988292e-001 9.988323e-001 -1.997679e+000 3.475232e-002 4.237827e+002
6.100000e-001 9.983534e-001 9.967803e-001 9.983250e-001 9.983250e-001 -1.996706e+000 4.773242e-002 3.508907e+002
6.200000e-001 9.984487e-001 9.969652e-001 9.984229e-001 9.984229e-001 -1.996865e+000 4.419223e-002 3.709990e+002
6.300000e-001 9.979549e-001 9.960045e-001 9.979188e-001 9.979188e-001 -1.995925e+000 5.598532e-002 3.119249e+002
6.400000e-001 9.983096e-001 9.966933e-001 9.982813e-001 9.982813e-001 -1.996585e+000 4.514138e-002 3.534949e+002
6.500000e-001 9.978653e-001 9.958313e-001 9.978302e-001 9.978271e-001 -1.995737e+000 5.645883e-002 3.059248e+002
6.600000e-001 9.975226e-001 9.951593e-001 9.974792e-001 9.974797e-001 -1.995068e+000 6.128835e-002 2.841868e+002
6.700000e-001 9.967196e-001 9.935911e-001 9.966625e-001 9.966625e-001 -1.993453e+000 7.835183e-002 2.476595e+002
6.800000e-001 9.963159e-001 9.928102e-001 9.962583e-001 9.962479e-001 -1.992694e+000 8.716056e-002 2.322041e+002
6.900000e-001 9.963693e-001 9.929168e-001 9.963021e-001 9.963068e-001 -1.992756e+000 8.620415e-002 2.342558e+002
7.000000e-001 9.955038e-001 9.912229e-001 9.954229e-001 9.954276e-001 -1.991070e+000 9.744950e-002 2.090035e+002
7.100000e-001 9.949057e-001 9.900749e-001 9.948063e-001 9.948141e-001 -1.989975e+000 1.104028e-001 1.919033e+002
7.200000e-001 9.948336e-001 9.899270e-001 9.947354e-001 9.947432e-001 -1.989758e+000 1.093819e-001 1.942103e+002
7.300000e-001 9.939289e-001 9.881833e-001 9.938104e-001 9.938208e-001 -1.988100e+000 1.268807e-001 1.758216e+002
7.400000e-001 9.926040e-001 9.856075e-001 9.924542e-001 9.924615e-001 -1.985481e+000 1.465653e-001 1.589330e+002
7.500000e-001 9.919310e-001 9.843531e-001 9.917948e-001 9.917745e-001 -1.984226e+000 1.721123e-001 1.502274e+002
7.600000e-001 9.921242e-001 9.846465e-001 9.919958e-001 9.919828e-001 -1.984243e+000 1.457605e-001 1.585165e+002
7.700000e-001 9.905825e-001 9.817850e-001 9.904458e-001 9.904661e-001 -1.981845e+000 1.961744e-001 1.345324e+002
7.800000e-001 9.892059e-001 9.791164e-001 9.889844e-001 9.889974e-001 -1.979384e+000 2.032855e-001 1.258842e+002
7.900000e-001 9.877511e-001 9.762946e-001 9.874844e-001 9.875641e-001 -1.976286e+000 2.273602e-001 1.194040e+002
8.000000e-001 9.884172e-001 9.775390e-001 9.881667e-001 9.882182e-001 -1.977394e+000 2.018037e-001 1.254469e+002
8.100000e-001 9.870285e-001 9.749460e-001 9.867031e-001 9.868229e-001 -1.975306e+000 2.222757e-001 1.114519e+002
8.200000e-001 9.856344e-001 9.721560e-001 9.853687e-001 9.853974e-001 -1.972053e+000 2.333004e-001 1.128398e+002
8.300000e-001 9.840825e-001 9.692753e-001 9.836844e-001 9.838745e-001 -1.969396e+000 2.690698e-001 1.026361e+002
8.400000e-001 9.831652e-001 9.675187e-001 9.828042e-001 9.828479e-001 -1.967880e+000 2.693396e-001 1.006067e+002
8.500000e-001 9.819976e-001 9.652845e-001 9.817021e-001 9.816302e-001 -1.965632e+000 2.817957e-001 9.594110e+001
8.600000e-001 9.780926e-001 9.578446e-001 9.776125e-001 9.777995e-001 -1.958239e+000 3.342546e-001 8.662563e+001
8.700000e-001 9.769280e-001 9.558227e-001 9.763104e-001 9.766401e-001 -1.956429e+000 3.708859e-001 8.229441e+001
8.800000e-001 9.740212e-001 9.502930e-001 9.733802e-001 9.736312e-001 -1.950945e+000 3.999825e-001 7.647354e+001
8.900000e-001 9.746750e-001 9.515071e-001 9.741000e-001 9.742344e-001 -1.952025e+000 3.884299e-001 7.831386e+001
9.000000e-001 9.732450e-001 9.486698e-001 9.725958e-001 9.728094e-001 -1.949061e+000 3.716008e-001 7.785466e+001
9.100000e-001 9.708293e-001 9.441396e-001 9.702375e-001 9.703490e-001 -1.944430e+000 4.075693e-001 7.466294e+001
9.200000e-001 9.674105e-001 9.379237e-001 9.667094e-001 9.671130e-001 -1.939116e+000 4.645438e-001 6.658764e+001
9.300000e-001 9.621297e-001 9.278216e-001 9.612156e-001 9.615755e-001 -1.928848e+000 4.910114e-001 6.354331e+001
9.400000e-001 9.597049e-001 9.237118e-001 9.585417e-001 9.592438e-001 -1.925383e+000 5.744945e-001 5.930505e+001
9.500000e-001 9.583603e-001 9.212687e-001 9.571615e-001 9.577344e-001 -1.923091e+000 5.677984e-001 5.790930e+001
9.600000e-001 9.508824e-001 9.078117e-001 9.494177e-001 9.503531e-001 -1.910873e+000 6.665931e-001 5.088762e+001
9.700000e-001 9.534771e-001 9.121667e-001 9.525292e-001 9.527328e-001 -1.914198e+000 6.001718e-001 5.456894e+001
9.800000e-001 9.446570e-001 8.960217e-001 9.431458e-001 9.439849e-001 -1.897978e+000 7.015784e-001 4.995384e+001
9.900000e-001 9.438102e-001 8.945931e-001 9.421646e-001 9.432000e-001 -1.898020e+000 6.867677e-001 4.788921e+001
1.000000e+000 9.373681e-001 8.832717e-001 9.356719e-001 9.367911e-001 -1.887328e+000 7.658023e-001 4.415438e+001
1.010000e+000 9.363743e-001 8.811748e-001 9.348500e-001 9.356703e-001 -1.883791e+000 7.650478e-001 4.504542e+001
1.020000e+000 9.300856e-001 8.703660e-001 9.277823e-001 9.294917e-001 -1.873489e+000 8.284764e-001 4.213512e+001
1.030000e+000 9.242426e-001 8.597034e-001 9.218948e-001 9.236536e-001 -1.863622e+000 8.832901e-001 4.022394e+001
1.040000e+000 9.197544e-001 8.524171e-001 9.172667e-001 9.193766e-001 -1.857499e+000 9.220667e-001 3.713356e+001
1.050000e+000 9.131616e-001 8.411946e-001 9.100719e-001 9.129307e-001 -1.848289e+000 9.930824e-001 3.474918e+001
1.060000e+000 9.040125e-001 8.270346e-001 9.005427e-001 9.039052e-001 -1.833968e+000 1.190895e+000 3.216189e+001
1.070000e+000 8.935564e-001 8.075172e-001 8.902167e-001 8.931521e-001 -1.814807e+000 1.205340e+000 3.091862e+001
1.080000e+000 8.890295e-001 8.012263e-001 8.847990e-001 8.890937e-001 -1.809381e+000 1.278316e+000 2.953933e+001
1.090000e+000 8.785765e-001 7.835026e-001 8.746396e-001 8.787401e-001 -1.791891e+000 1.365159e+000 2.767617e+001
1.100000e+000 8.662257e-001 7.657772e-001 8.611094e-001 8.669245e-001 -1.776322e+000 1.627992e+000 2.525206e+001
1.110000e+000 8.600130e-001 7.537291e-001 8.545740e-001 8.605359e-001 -1.763054e+000 1.548350e+000 2.523451e+001
1.120000e+000 8.508536e-001 7.402602e-001 8.451354e-001 8.511484e-001 -1.749926e+000 1.666353e+000 2.386057e+001
1.130000e+000 8.325598e-001 7.134596e-001 8.254729e-001 8.339880e-001 -1.722791e+000 1.992007e+000 2.169037e+001
1.140000e+000 8.195294e-001 6.976364e-001 8.115438e-001 8.221693e-001 -1.709933e+000 2.336640e+000 1.960545e+001
1.150000e+000 8.021938e-001 6.696643e-001 7.923010e-001 8.059396e-001 -1.681313e+000 2.274507e+000 1.855605e+001
1.160000e+000 7.909457e-001 6.541122e-001 7.816542e-001 7.949047e-001 -1.664360e+000 2.414711e+000 1.773462e+001
1.170000e+000 7.804259e-001 6.401838e-001 7.702698e-001 7.855792e-001 -1.649373e+000 2.520786e+000 1.692955e+001
1.180000e+000 7.285763e-001 5.769462e-001 7.146958e-001 7.382578e-001 -1.583521e+000 3.450918e+000 1.379187e+001
1.190000e+000 7.214542e-001 5.629283e-001 7.074896e-001 7.305141e-001 -1.572225e+000 3.195543e+000 1.365086e+001
1.200000e+000 7.104499e-001 5.533702e-001 6.952844e-001 7.207370e-001 -1.557456e+000 3.569031e+000 1.313110e+001
1.210000e+000 6.741938e-001 5.098066e-001 6.568438e-001 6.883510e-001 -1.513417e+000 3.714801e+000 1.161540e+001
1.220000e+000 5.973994e-001 4.276898e-001 5.741542e-001 6.156250e-001 -1.414752e+000 4.824251e+000 9.562947e+000
1.230000e+000 5.914567e-001 4.184348e-001 5.686500e-001 6.103474e-001 -1.405176e+000 4.594244e+000 9.497863e+000
1.240000e+000 5.641870e-001 3.889916e-001 5.401604e-001 5.851938e-001 -1.362273e+000 4.736299e+000 8.893113e+000
1.250000e+000 5.248196e-001 3.481737e-001 4.962917e-001 5.507182e-001 -1.319421e+000 4.639667e+000 8.039209e+000
1.260000e+000 4.797122e-001 3.040549e-001 4.471406e-001 5.086391e-001 -1.263124e+000 4.634322e+000 7.251403e+000
1.270000e+000 4.400173e-001 2.662890e-001 4.040021e-001 4.714313e-001 -1.207997e+000 4.504467e+000 6.709233e+000
1.280000e+000 4.251515e-001 2.525210e-001 3.909979e-001 4.567990e-001 -1.189568e+000 4.443285e+000 6.474677e+000
1.290000e+000 3.813073e-001 2.127985e-001 3.399531e-001 4.167104e-001 -1.126490e+000 4.256991e+000 5.862588e+000
1.300000e+000 3.741184e-001 2.061240e-001 3.379490e-001 4.104573e-001 -1.113521e+000 4.151903e+000 5.757533e+000
1.310000e+000 3.343634e-001 1.729032e-001 2.930958e-001 3.728062e-001 -1.066713e+000 3.771099e+000 5.239760e+000
1.320000e+000 3.033127e-001 1.498339e-001 2.600115e-001 3.447458e-001 -1.022560e+000 3.619467e+000 4.872495e+000
1.330000e+000 2.636238e-001 1.194369e-001 2.235844e-001 3.039745e-001 -9.565115e-001 3.268817e+000 4.424368e+000
1.340000e+000 2.493771e-001 1.055747e-001 2.081479e-001 2.930271e-001 -9.427229e-001 2.985818e+000 4.200333e+000
1.350000e+000 2.496420e-001 1.071570e-001 2.040115e-001 2.896990e-001 -9.375927e-001 2.987141e+000 4.259686e+000
1.360000e+000 2.098764e-001 7.757601e-002 1.582906e-001 2.530453e-001 -8.872542e-001 2.242324e+000 3.733579e+000
1.370000e+000 1.975570e-001 7.028457e-002 1.500063e-001 2.393396e-001 -8.588302e-001 2.232637e+000 3.631570e+000
1.380000e+000 1.838241e-001 6.181387e-002 1.369333e-001 2.225844e-001 -8.251250e-001 2.111869e+000 3.501757e+000
1.390000e+000 1.809615e-001 5.749231e-002 1.341802e-001 2.236568e-001 -8.361406e-001 1.771409e+000 3.437947e+000
1.400000e+000 1.762375e-001 5.677813e-002 1.211406e-001 2.197370e-001 -8.281635e-001 1.941607e+000 3.348103e+000
1.410000e+000 1.599495e-001 4.868184e-002 1.087812e-001 1.978646e-001 -7.916094e-001 1.811701e+000 3.211727e+000
1.420000e+000 1.537099e-001 4.495820e-002 9.908438e-002 1.920344e-001 -7.816583e-001 1.696894e+000 3.131356e+000
1.430000e+000 1.526220e-001 4.339372e-002 1.052719e-001 1.953396e-001 -7.891823e-001 1.495804e+000 3.046250e+000
1.440000e+000 1.339972e-001 3.342367e-002 8.382396e-002 1.715177e-001 -7.439615e-001 1.342380e+000 2.871302e+000
1.450000e+000 1.337195e-001 3.172970e-002 8.300729e-002 1.748750e-001 -7.556010e-001 1.141704e+000 2.837198e+000
1.460000e+000 1.170944e-001 2.500427e-002 6.845729e-002 1.558948e-001 -7.188792e-001 1.096535e+000 2.618540e+000
1.470000e+000 1.177389e-001 2.712347e-002 6.881354e-002 1.545781e-001 -7.135917e-001 1.254702e+000 2.635611e+000
1.480000e+000 1.073896e-001 2.117126e-002 5.438646e-002 1.433943e-001 -6.814948e-001 1.027772e+000 2.541733e+000
1.490000e+000 1.055645e-001 2.044689e-002 5.178854e-002 1.401010e-001 -6.863740e-001 9.624808e-001 2.502988e+000
1.500000e+000 1.042260e-001 1.988574e-002 5.419167e-002 1.375833e-001 -6.733667e-001 9.436416e-001 2.499484e+000
1.510000e+000 1.092607e-001 2.297809e-002 5.151875e-002 1.459776e-001 -7.036250e-001 1.104857e+000 2.522743e+000
1.520000e+000 1.047575e-001 2.069373e-002 5.377396e-002 1.373005e-001 -6.828021e-001 9.999729e-001 2.518320e+000
1.530000e+000 9.653929e-002 1.722043e-002 5.100625e-002 1.326182e-001 -6.549469e-001 9.450554e-001 2.375278e+000
1.540000e+000 8.876641e-002 1.488122e-002 4.319792e-002 1.198281e-001 -6.387667e-001 8.529397e-001 2.274778e+000
1.550000e+000 9.185687e-002 1.418052e-002 4.232604e-002 1.223594e-001 -6.463260e-001 6.617804e-001 2.345049e+000
1.560000e+000 9.478786e-002 1.608209e-002 4.770104e-002 1.255891e-001 -6.401063e-001 7.547042e-001 2.398074e+000
1.570000e+000 9.091748e-002 1.471161e-002 3.717083e-002 1.200729e-001 -6.276521e-001 7.980580e-001 2.361194e+000
1.580000e+000 8.473952e-002 1.330591e-002 3.516875e-002 1.100620e-001 -6.055375e-001 7.748644e-001 2.265432e+000
1.590000e+000 8.215635e-002 1.223834e-002 3.558854e-002 1.080260e-001 -6.081792e-001 7.317650e-001 2.251039e+000
1.600000e+000 8.218301e-002 1.238877e-002 3.343646e-002 1.090813e-001 -6.011490e-001 6.909491e-001 2.235620e+000
1.610000e+000 7.590732e-002 9.852411e-003 2.843542e-002 1.037016e-001 -5.952000e-001 5.829171e-001 2.105525e+000
1.620000e+000 7.380703e-002 9.281576e-003 2.824375e-002 9.719219e-002 -5.795990e-001 5.955564e-001 2.107766e+000
1.630000e+000 7.538721e-002 9.776438e-003 2.884375e-002 9.978802e-002 -5.988927e-001 5.884026e-001 2.062541e+000
1.640000e+000 7.621198e-002 1.042565e-002 2.565625e-002 1.022000e-001 -5.975292e-001 6.113476e-001 2.120271e+000
1.650000e+000 6.900990e-002 8.426067e-003 2.170729e-002 9.026198e-002 -5.630667e-001 5.705230e-001 2.030271e+000
1.660000e+000 7.133385e-002 9.077294e-003 2.675625e-002 9.043490e-002 -5.699052e-001 6.119841e-001 2.080805e+000
1.670000e+000 6.956374e-002 8.661181e-003 2.442396e-002 9.320365e-002 -5.615802e-001 5.882905e-001 2.014935e+000
1.680000e+000 6.459674e-002 7.432299e-003 1.942500e-002 8.175573e-002 -5.452833e-001 5.394922e-001 1.957570e+000
1.690000e+000 6.664069e-002 8.131322e-003 2.292500e-002 8.663490e-002 -5.390708e-001 5.350913e-001 2.048615e+000
1.700000e+000 6.502721e-002 7.194341e-003 1.992187e-002 8.517760e-002 -5.362042e-001 4.918661e-001 1.982631e+000
1.710000e+000 6.085693e-002 6.225777e-003 5.821875e-003 7.814792e-002 -5.373292e-001 4.417841e-001 1.907905e+000
1.720000e+000 6.838229e-002 8.350631e-003 1.889896e-002 8.792760e-002 -5.480594e-001 4.935851e-001 2.062385e+000
1.730000e+000 6.346540e-002 6.835170e-003 1.287604e-002 8.256979e-002 -5.452094e-001 5.204311e-001 1.951189e+000
1.740000e+000 5.835592e-002 6.102579e-003 1.463542e-002 7.684323e-002 -5.055583e-001 4.477870e-001 1.914230e+000
1.750000e+000 6.028040e-002 6.659554e-003 1.827708e-002 7.611615e-002 -5.180719e-001 4.787753e-001 1.909872e+000
1.760000e+000 5.748548e-002 5.943312e-003 1.846042e-002 7.171615e-002 -5.063813e-001 4.646624e-001 1.873513e+000
1.770000e+000 5.709128e-002 5.745439e-003 1.902604e-002 6.815000e-002 -5.099479e-001 4.264995e-001 1.862006e+000
1.780000e+000 5.710684e-002 5.670938e-003 1.815833e-002 6.629219e-002 -4.879844e-001 4.524331e-001 1.946189e+000
1.790000e+000 5.329746e-002 4.856150e-003 1.321771e-002 6.305104e-002 -4.910406e-001 4.041498e-001 1.782064e+000
1.800000e+000 5.591312e-002 5.409242e-003 1.800208e-002 6.960469e-002 -4.943146e-001 4.378046e-001 1.870207e+000
1.810000e+000 5.302731e-002 4.769789e-003 8.378125e-003 6.636510e-002 -4.802573e-001 3.889771e-001 1.810902e+000
1.820000e+000 5.230700e-002 4.647489e-003 8.490625e-003 6.358073e-002 -4.777792e-001 3.640946e-001 1.811382e+000
1.830000e+000 5.387220e-002 5.034752e-003 1.056458e-002 6.984427e-002 -4.941573e-001 4.044014e-001 1.786698e+000
1.840000e+000 5.121527e-002 4.716745e-003 1.231250e-002 5.847552e-002 -4.652396e-001 3.989561e-001 1.818040e+000
1.850000e+000 5.176331e-002 4.748664e-003 1.445313e-002 6.343594e-002 -4.687479e-001 3.978135e-001 1.828747e+000
1.860000e+000 5.124850e-002 4.305064e-003 9.300000e-003 6.557865e-002 -4.706865e-001 3.346321e-001 1.746775e+000
1.870000e+000 4.988389e-002 4.289851e-003 5.711458e-003 5.680313e-002 -4.683427e-001 3.894268e-001 1.748395e+000
1.880000e+000 5.163226e-002 4.600888e-003 1.120104e-002 6.113594e-002 -4.776052e-001 3.510012e-001 1.798847e+000
1.890000e+000 5.067259e-002 4.360448e-003 6.802083e-003 6.190417e-002 -4.635865e-001 3.540850e-001 1.813626e+000
1.900000e+000 4.724242e-002 3.726448e-003 1.176146e-002 5.493229e-002 -4.584854e-001 3.122595e-001 1.694880e+000
1.910000e+000 4.680088e-002 3.639925e-003 -2.191667e-003 5.303333e-002 -4.417917e-001 3.275378e-001 1.741450e+000
1.920000e+000 5.003590e-002 4.410678e-003 9.342708e-003 5.939792e-002 -4.546594e-001 3.424212e-001 1.793649e+000
1.930000e+000 4.949150e-002 4.222443e-003 1.322292e-002 5.660990e-002 -4.556438e-001 3.581970e-001 1.785342e+000
1.940000e+000 4.751914e-002 3.855918e-003 7.287500e-003 5.542292e-002 -4.536250e-001 3.213289e-001 1.723646e+000
1.950000e+000 4.729948e-002 3.774377e-003 1.090729e-002 5.688073e-002 -4.364500e-001 3.726705e-001 1.745331e+000
1.960000e+000 4.111351e-002 2.741934e-003 -1.007292e-003 4.170573e-002 -4.193188e-001 2.848769e-001 1.592120e+000
1.970000e+000 4.619961e-002 3.696286e-003 6.386458e-003 5.026042e-002 -4.304917e-001 3.070890e-001 1.719102e+000
1.980000e+000 4.729157e-002 3.953334e-003 1.260208e-002 5.297135e-002 -4.306521e-001 3.213976e-001 1.759987e+000
1.990000e+000 4.518607e-002 3.370958e-003 3.131250e-003 5.226354e-002 -4.345781e-001 2.808598e-001 1.716857e+000
2.000000e+000 4.272109e-002 3.000895e-003 8.597917e-003 5.151042e-002 -4.060917e-001 3.084565e-001 1.636220e+000
