# Temperature Magnetization2 Magnetization4 Correlation2 Correlation4 Energy Energy2 HeatCapacity CorrelationLength
0.000000e+000 1.000000e+000 1.000000e+000 1.000000e+000 1.000000e+000 -2.000000e+000 -1.#IND00e+000 4.382421e+016
1.000000e-002 1.000000e+000 1.000000e+000 1.000000e+000 1.000000e+000 -2.000000e+000 0.000000e+000 4.382421e+016
2.000000e-002 1.000000e+000 1.000000e+000 1.000000e+000 1.000000e+000 -2.000000e+000 0.000000e+000 4.382421e+016
3.000000e-002 1.000000e+000 1.000000e+000 1.000000e+000 1.000000e+000 -2.000000e+000 0.000000e+000 4.382421e+016
4.000000e-002 1.000000e+000 1.000000e+000 1.000000e+000 1.000000e+000 -2.000000e+000 0.000000e+000 4.382421e+016
5.000000e-002 1.000000e+000 1.000000e+000 1.000000e+000 1.000000e+000 -2.000000e+000 0.000000e+000 4.382421e+016
6.000000e-002 1.000000e+000 1.000000e+000 1.000000e+000 1.000000e+000 -2.000000e+000 0.000000e+000 4.382421e+016
7.000000e-002 1.000000e+000 1.000000e+000 1.000000e+000 1.000000e+000 -2.000000e+000 0.000000e+000 4.382421e+016
8.000000e-002 1.000000e+000 1.000000e+000 1.000000e+000 1.000000e+000 -2.000000e+000 0.000000e+000 4.382421e+016
9.000000e-002 1.000000e+000 1.000000e+000 1.000000e+000 1.000000e+000 -2.000000e+000 0.000000e+000 4.382421e+016
1.000000e-001 1.000000e+000 1.000000e+000 1.000000e+000 1.000000e+000 -2.000000e+000 0.000000e+000 4.382421e+016
1.100000e-001 1.000000e+000 1.000000e+000 1.000000e+000 1.000000e+000 -2.000000e+000 0.000000e+000 4.382421e+016
1.200000e-001 1.000000e+000 1.000000e+000 1.000000e+000 1.000000e+000 -2.000000e+000 0.000000e+000 4.382421e+016
1.300000e-001 1.000000e+000 1.000000e+000 1.000000e+000 1.000000e+000 -2.000000e+000 0.000000e+000 4.382421e+016
1.400000e-001 1.000000e+000 1.000000e+000 1.000000e+000 1.000000e+000 -2.000000e+000 0.000000e+000 4.382421e+016
1.500000e-001 1.000000e+000 1.000000e+000 1.000000e+000 1.000000e+000 -2.000000e+000 0.000000e+000 4.382421e+016
1.600000e-001 1.000000e+000 1.000000e+000 1.000000e+000 1.000000e+000 -2.000000e+000 0.000000e+000 4.382421e+016
1.700000e-001 1.000000e+000 1.000000e+000 1.000000e+000 1.000000e+000 -2.000000e+000 0.000000e+000 4.382421e+016
1.800000e-001 1.000000e+000 1.000000e+000 1.000000e+000 1.000000e+000 -2.000000e+000 0.000000e+000 4.382421e+016
1.900000e-001 1.000000e+000 1.000000e+000 1.000000e+000 1.000000e+000 -2.000000e+000 0.000000e+000 4.382421e+016
2.000000e-001 1.000000e+000 1.000000e+000 1.000000e+000 1.000000e+000 -2.000000e+000 0.000000e+000 4.382421e+016
2.100000e-001 1.000000e+000 1.000000e+000 1.000000e+000 1.000000e+000 -2.000000e+000 0.000000e+000 4.382421e+016
2.200000e-001 1.000000e+000 1.000000e+000 1.000000e+000 1.000000e+000 -2.000000e+000 0.000000e+000 4.382421e+016
2.300000e-001 1.000000e+000 1.000000e+000 1.000000e+000 1.000000e+000 -2.000000e+000 0.000000e+000 4.382421e+016
2.400000e-001 1.000000e+000 1.000000e+000 1.000000e+000 1.000000e+000 -2.000000e+000 0.000000e+000 4.382421e+016
2.500000e-001 1.000000e+000 1.000000e+000 1.000000e+000 1.000000e+000 -2.000000e+000 0.000000e+000 4.382421e+016
2.600000e-001 1.000000e+000 1.000000e+000 1.000000e+000 1.000000e+000 -2.000000e+000 0.000000e+000 4.382421e+016
2.700000e-001 1.000000e+000 1.000000e+000 1.000000e+000 1.000000e+000 -2.000000e+000 0.000000e+000 4.382421e+016
2.800000e-001 1.000000e+000 1.000000e+000 1.000000e+000 1.000000e+000 -2.000000e+000 0.000000e+000 4.382421e+016
2.900000e-001 1.000000e+000 1.000000e+000 1.000000e+000 1.000000e+000 -2.000000e+000 0.000000e+000 4.382421e+016
3.000000e-001 1.000000e+000 1.000000e+000 1.000000e+000 1.000000e+000 -2.000000e+000 0.000000e+000 4.382421e+016
3.100000e-001 1.000000e+000 1.000000e+000 1.000000e+000 1.000000e+000 -2.000000e+000 0.000000e+000 4.382421e+016
3.200000e-001 1.000000e+000 1.000000e+000 1.000000e+000 1.000000e+000 -2.000000e+000 0.000000e+000 4.382421e+016
3.300000e-001 1.000000e+000 1.000000e+000 1.000000e+000 1.000000e+000 -2.000000e+000 0.000000e+000 4.382421e+016
3.400000e-001 1.000000e+000 1.000000e+000 1.000000e+000 1.000000e+000 -2.000000e+000 0.000000e+000 4.382421e+016
3.500000e-001 1.000000e+000 1.000000e+000 1.000000e+000 1.000000e+000 -2.000000e+000 0.000000e+000 4.382421e+016
3.600000e-001 1.000000e+000 1.000000e+000 1.000000e+000 1.000000e+000 -2.000000e+000 0.000000e+000 4.382421e+016
3.700000e-001 9.999938e-001 9.999879e-001 9.999938e-001 9.999938e-001 -1.999988e+000 4.869004e-004 5.912811e+003
3.800000e-001 9.999959e-001 9.999920e-001 9.999958e-001 9.999958e-001 -1.999992e+000 3.077562e-004 7.241692e+003
3.900000e-001 1.000000e+000 1.000000e+000 1.000000e+000 1.000000e+000 -2.000000e+000 0.000000e+000 4.382421e+016
4.000000e-001 9.999918e-001 9.999839e-001 9.999917e-001 9.999917e-001 -1.999983e+000 5.554444e-004 5.120639e+003
4.100000e-001 1.000000e+000 1.000000e+000 1.000000e+000 1.000000e+000 -2.000000e+000 0.000000e+000 4.382421e+016
4.200000e-001 9.999549e-001 9.999116e-001 9.999542e-001 9.999542e-001 -1.999908e+000 2.768430e-003 2.183407e+003
4.300000e-001 9.999528e-001 9.999076e-001 9.999521e-001 9.999521e-001 -1.999904e+000 2.761078e-003 2.135412e+003
4.400000e-001 9.999795e-001 9.999598e-001 9.999792e-001 9.999792e-001 -1.999958e+000 1.147268e-003 3.238556e+003
4.500000e-001 9.999528e-001 9.999076e-001 9.999521e-001 9.999521e-001 -1.999904e+000 2.521103e-003 2.135412e+003
4.600000e-001 9.999836e-001 9.999679e-001 9.999833e-001 9.999833e-001 -1.999967e+000 8.398236e-004 3.620824e+003
4.700000e-001 9.999713e-001 9.999438e-001 9.999708e-001 9.999708e-001 -1.999942e+000 1.407394e-003 2.737068e+003
4.800000e-001 9.999651e-001 9.999317e-001 9.999646e-001 9.999646e-001 -1.999929e+000 1.638267e-003 2.483841e+003
4.900000e-001 9.998195e-001 9.996465e-001 9.998167e-001 9.998167e-001 -1.999633e+000 8.108918e-003 1.091629e+003
5.000000e-001 9.999610e-001 9.999237e-001 9.999604e-001 9.999604e-001 -1.999921e+000 1.687284e-003 2.349474e+003
5.100000e-001 9.998339e-001 9.996746e-001 9.998313e-001 9.998313e-001 -1.999663e+000 6.892388e-003 1.137829e+003
5.200000e-001 9.996555e-001 9.993251e-001 9.996500e-001 9.996500e-001 -1.999300e+000 1.369073e-002 7.899978e+002
5.300000e-001 9.997621e-001 9.995340e-001 9.997583e-001 9.997583e-001 -1.999517e+000 9.123626e-003 9.507687e+002
5.400000e-001 9.994692e-001 9.989609e-001 9.994604e-001 9.994604e-001 -1.998931e+000 1.958241e-002 6.259634e+002
5.500000e-001 9.994478e-001 9.989224e-001 9.994375e-001 9.994375e-001 -1.998922e+000 2.048411e-002 5.830029e+002
5.600000e-001 9.994876e-001 9.989971e-001 9.994792e-001 9.994792e-001 -1.998969e+000 1.758696e-002 6.367715e+002
5.700000e-001 9.994956e-001 9.990120e-001 9.994875e-001 9.994875e-001 -1.998975e+000 1.675553e-002 6.527967e+002
5.800000e-001 9.990759e-001 9.981918e-001 9.990604e-001 9.990604e-001 -1.998146e+000 2.946880e-002 4.715057e+002
5.900000e-001 9.989202e-001 9.978871e-001 9.989021e-001 9.989021e-001 -1.997835e+000 3.302091e-002 4.354230e+002
6.000000e-001 9.990630e-001 9.981649e-001 9.990479e-001 9.990479e-001 -1.998102e+000 2.761580e-002 4.761817e+002
6.100000e-001 9.986908e-001 9.974384e-001 9.986687e-001 9.986703e-001 -1.997373e+000 3.758688e-002 3.955369e+002
6.200000e-001 9.986187e-001 9.973018e-001 9.985937e-001 9.985937e-001 -1.997280e+000 3.883445e-002 3.739208e+002
6.300000e-001 9.982516e-001 9.965791e-001 9.982229e-001 9.982229e-001 -1.996466e+000 4.757488e-002 3.483041e+002
6.400000e-001 9.982796e-001 9.966416e-001 9.982479e-001 9.982526e-001 -1.996567e+000 4.857320e-002 3.419742e+002
6.500000e-001 9.978536e-001 9.958097e-001 9.978146e-001 9.978167e-001 -1.995749e+000 5.626651e-002 3.014827e+002
6.600000e-001 9.974641e-001 9.950514e-001 9.974167e-001 9.974167e-001 -1.995046e+000 6.266906e-002 2.720422e+002
6.700000e-001 9.970800e-001 9.943033e-001 9.970250e-001 9.970292e-001 -1.994184e+000 7.214706e-002 2.580113e+002
6.800000e-001 9.968557e-001 9.938585e-001 9.968073e-001 9.968000e-001 -1.993754e+000 7.288182e-002 2.507042e+002
6.900000e-001 9.959802e-001 9.921565e-001 9.959063e-001 9.959120e-001 -1.992016e+000 9.306340e-002 2.214693e+002
7.000000e-001 9.948964e-001 9.900418e-001 9.948021e-001 9.948047e-001 -1.989862e+000 1.116848e-001 1.957222e+002
7.100000e-001 9.949369e-001 9.901358e-001 9.948396e-001 9.948479e-001 -1.989939e+000 1.142525e-001 1.973262e+002
7.200000e-001 9.938951e-001 9.881163e-001 9.937729e-001 9.937854e-001 -1.987923e+000 1.353978e-001 1.783786e+002
7.300000e-001 9.942106e-001 9.887196e-001 9.941000e-001 9.941104e-001 -1.988515e+000 1.204035e-001 1.841054e+002
7.400000e-001 9.941498e-001 9.885931e-001 9.940417e-001 9.940562e-001 -1.988384e+000 1.155440e-001 1.823744e+002
7.500000e-001 9.925756e-001 9.855319e-001 9.924354e-001 9.924370e-001 -1.985223e+000 1.427552e-001 1.639082e+002
7.600000e-001 9.927315e-001 9.858391e-001 9.925979e-001 9.926073e-001 -1.985616e+000 1.329558e-001 1.620135e+002
7.700000e-001 9.919154e-001 9.842877e-001 9.917479e-001 9.917604e-001 -1.984341e+000 1.461635e-001 1.485158e+002
7.800000e-001 9.898361e-001 9.802310e-001 9.896479e-001 9.896693e-001 -1.980077e+000 1.743229e-001 1.345998e+002
7.900000e-001 9.886002e-001 9.779119e-001 9.883562e-001 9.883875e-001 -1.978054e+000 2.028765e-001 1.235065e+002
8.000000e-001 9.870586e-001 9.749044e-001 9.867917e-001 9.868115e-001 -1.974801e+000 2.209348e-001 1.171247e+002
8.100000e-001 9.869309e-001 9.747245e-001 9.866573e-001 9.866896e-001 -1.974728e+000 2.319032e-001 1.155039e+002
8.200000e-001 9.862886e-001 9.734520e-001 9.859823e-001 9.860297e-001 -1.973370e+000 2.272509e-001 1.138761e+002
8.300000e-001 9.840975e-001 9.692547e-001 9.837698e-001 9.838057e-001 -1.969279e+000 2.605666e-001 1.040193e+002
8.400000e-001 9.813390e-001 9.640146e-001 9.809281e-001 9.810302e-001 -1.964250e+000 3.092736e-001 9.585341e+001
8.500000e-001 9.798224e-001 9.611176e-001 9.794417e-001 9.794693e-001 -1.961269e+000 3.226354e-001 9.163603e+001
8.600000e-001 9.791186e-001 9.598333e-001 9.787042e-001 9.787031e-001 -1.960215e+000 3.294065e-001 8.890526e+001
8.700000e-001 9.773469e-001 9.564272e-001 9.768990e-001 9.769250e-001 -1.956433e+000 3.460711e-001 8.641096e+001
8.800000e-001 9.753536e-001 9.526833e-001 9.748490e-001 9.749333e-001 -1.953249e+000 3.620721e-001 8.060346e+001
8.900000e-001 9.743546e-001 9.509512e-001 9.737594e-001 9.739844e-001 -1.951403e+000 4.004297e-001 7.781697e+001
9.000000e-001 9.712867e-001 9.450539e-001 9.706594e-001 9.708016e-001 -1.945718e+000 4.102558e-001 7.396899e+001
9.100000e-001 9.690763e-001 9.408860e-001 9.684448e-001 9.685422e-001 -1.941883e+000 4.376294e-001 7.121145e+001
9.200000e-001 9.662070e-001 9.357671e-001 9.653313e-001 9.656583e-001 -1.936890e+000 4.960828e-001 6.567121e+001
9.300000e-001 9.618871e-001 9.274487e-001 9.610000e-001 9.613865e-001 -1.928518e+000 5.083202e-001 6.197854e+001
9.400000e-001 9.613880e-001 9.266812e-001 9.602167e-001 9.609156e-001 -1.927329e+000 5.295810e-001 6.228888e+001
9.500000e-001 9.537174e-001 9.126627e-001 9.522760e-001 9.531776e-001 -1.915492e+000 6.141188e-001 5.348739e+001
9.600000e-001 9.518853e-001 9.092333e-001 9.505010e-001 9.512354e-001 -1.911058e+000 6.473805e-001 5.394958e+001
9.700000e-001 9.506538e-001 9.069225e-001 9.493198e-001 9.498958e-001 -1.909185e+000 6.136662e-001 5.297477e+001
9.800000e-001 9.454930e-001 8.975387e-001 9.439594e-001 9.449667e-001 -1.901007e+000 6.345236e-001 4.849907e+001
9.900000e-001 9.431993e-001 8.935942e-001 9.417063e-001 9.424328e-001 -1.896851e+000 7.136535e-001 4.780807e+001
1.000000e+000 9.355105e-001 8.795490e-001 9.336573e-001 9.345328e-001 -1.883367e+000 7.716310e-001 4.496890e+001
1.010000e+000 9.311781e-001 8.720881e-001 9.291667e-001 9.306302e-001 -1.876596e+000 8.086580e-001 4.190753e+001
1.020000e+000 9.267007e-001 8.643717e-001 9.245677e-001 9.261464e-001 -1.869169e+000 8.838175e-001 4.015530e+001
1.030000e+000 9.222980e-001 8.564601e-001 9.201781e-001 9.214844e-001 -1.860347e+000 9.147356e-001 3.947970e+001
1.040000e+000 9.162802e-001 8.459575e-001 9.137531e-001 9.154661e-001 -1.850756e+000 9.992168e-001 3.766473e+001
1.050000e+000 9.062934e-001 8.296551e-001 9.033281e-001 9.064068e-001 -1.836701e+000 1.112447e+000 3.322333e+001
1.060000e+000 9.047628e-001 8.266559e-001 9.015448e-001 9.042323e-001 -1.833115e+000 1.089850e+000 3.354912e+001
1.070000e+000 8.936541e-001 8.080135e-001 8.899000e-001 8.933969e-001 -1.815610e+000 1.199338e+000 3.056166e+001
1.080000e+000 8.934487e-001 8.081769e-001 8.897594e-001 8.930771e-001 -1.814325e+000 1.260539e+000 3.102171e+001
1.090000e+000 8.772561e-001 7.810495e-001 8.734385e-001 8.775234e-001 -1.788948e+000 1.383817e+000 2.772105e+001
1.100000e+000 8.682964e-001 7.692485e-001 8.636854e-001 8.693724e-001 -1.778821e+000 1.631954e+000 2.528317e+001
1.110000e+000 8.500089e-001 7.398071e-001 8.432615e-001 8.515750e-001 -1.752470e+000 1.721147e+000 2.278352e+001
1.120000e+000 8.478531e-001 7.368034e-001 8.406021e-001 8.490474e-001 -1.747883e+000 1.821734e+000 2.291619e+001
1.130000e+000 8.326300e-001 7.137807e-001 8.259948e-001 8.347438e-001 -1.727744e+000 1.884511e+000 2.090360e+001
1.140000e+000 8.220332e-001 6.999055e-001 8.135979e-001 8.245047e-001 -1.709796e+000 2.149676e+000 2.004994e+001
1.150000e+000 8.003579e-001 6.699743e-001 7.909406e-001 8.049354e-001 -1.683470e+000 2.435300e+000 1.791466e+001
1.160000e+000 7.857652e-001 6.488367e-001 7.751427e-001 7.905380e-001 -1.661299e+000 2.523970e+000 1.711353e+001
1.170000e+000 7.653815e-001 6.223750e-001 7.544688e-001 7.721141e-001 -1.634127e+000 2.907965e+000 1.562846e+001
1.180000e+000 7.434671e-001 5.956358e-001 7.307865e-001 7.518234e-001 -1.604953e+000 3.216495e+000 1.452818e+001
1.190000e+000 7.256402e-001 5.673535e-001 7.119281e-001 7.337391e-001 -1.577067e+000 3.007929e+000 1.390556e+001
1.200000e+000 6.846354e-001 5.231616e-001 6.686396e-001 6.970651e-001 -1.525789e+000 3.814897e+000 1.209993e+001
1.210000e+000 6.452342e-001 4.777820e-001 6.252104e-001 6.579198e-001 -1.469581e+000 4.294616e+000 1.103958e+001
1.220000e+000 6.402121e-001 4.718031e-001 6.204802e-001 6.550385e-001 -1.466547e+000 4.160883e+000 1.078417e+001
1.230000e+000 6.236432e-001 4.508357e-001 6.036594e-001 6.396339e-001 -1.442020e+000 4.219699e+000 1.032150e+001
1.240000e+000 5.593543e-001 3.839771e-001 5.323531e-001 5.805385e-001 -1.361746e+000 4.642646e+000 8.798845e+000
1.250000e+000 5.396554e-001 3.595581e-001 5.123875e-001 5.654036e-001 -1.338517e+000 4.185705e+000 8.298532e+000
1.260000e+000 5.086804e-001 3.279703e-001 4.791812e-001 5.326443e-001 -1.294803e+000 4.300807e+000 7.834068e+000
1.270000e+000 4.770269e-001 2.984951e-001 4.464635e-001 5.051823e-001 -1.251675e+000 4.462029e+000 7.309352e+000
1.280000e+000 4.315851e-001 2.583348e-001 3.962375e-001 4.633792e-001 -1.195673e+000 4.447930e+000 6.512106e+000
1.290000e+000 3.816376e-001 2.139455e-001 3.426990e-001 4.164396e-001 -1.127086e+000 4.204041e+000 5.890689e+000
1.300000e+000 3.918020e-001 2.219802e-001 3.577542e-001 4.253000e-001 -1.136434e+000 4.313020e+000 6.016842e+000
1.310000e+000 3.529703e-001 1.873159e-001 3.116406e-001 3.901839e-001 -1.084317e+000 3.865669e+000 5.510693e+000
1.320000e+000 2.951959e-001 1.410752e-001 2.551802e-001 3.340849e-001 -1.002917e+000 3.495283e+000 4.815930e+000
1.330000e+000 2.920797e-001 1.368792e-001 2.478896e-001 3.339318e-001 -1.007349e+000 3.253446e+000 4.693288e+000
1.340000e+000 2.479588e-001 1.044315e-001 1.974594e-001 2.908344e-001 -9.430896e-001 2.831835e+000 4.189147e+000
1.350000e+000 2.407382e-001 1.014177e-001 1.912656e-001 2.859932e-001 -9.344000e-001 2.743113e+000 4.072955e+000
1.360000e+000 2.084684e-001 7.949958e-002 1.607000e-001 2.526490e-001 -8.788573e-001 2.413469e+000 3.754414e+000
1.370000e+000 2.067412e-001 7.542070e-002 1.562385e-001 2.502625e-001 -8.760802e-001 2.309862e+000 3.695224e+000
1.380000e+000 2.123728e-001 7.991972e-002 1.608354e-001 2.540844e-001 -8.873906e-001 2.409375e+000 3.806936e+000
1.390000e+000 1.814215e-001 6.042190e-002 1.293604e-001 2.232198e-001 -8.276333e-001 2.100047e+000 3.455068e+000
1.400000e+000 1.754092e-001 5.846055e-002 1.274427e-001 2.199641e-001 -8.287135e-001 1.988106e+000 3.334356e+000
1.410000e+000 1.644777e-001 5.033637e-002 1.144021e-001 2.051286e-001 -8.069979e-001 1.701606e+000 3.221365e+000
1.420000e+000 1.512249e-001 4.171394e-002 1.010667e-001 1.913240e-001 -7.875938e-001 1.503011e+000 3.057673e+000
1.430000e+000 1.386767e-001 3.538709e-002 8.877604e-002 1.813521e-001 -7.554708e-001 1.504968e+000 2.892732e+000
1.440000e+000 1.392123e-001 3.520248e-002 9.426042e-002 1.772417e-001 -7.446979e-001 1.397772e+000 2.956849e+000
1.450000e+000 1.280049e-001 3.005580e-002 7.770417e-002 1.639000e-001 -7.293563e-001 1.214365e+000 2.814620e+000
1.460000e+000 1.318321e-001 3.190701e-002 7.812604e-002 1.700115e-001 -7.392250e-001 1.257213e+000 2.855377e+000
1.470000e+000 1.155925e-001 2.437168e-002 6.272812e-002 1.552172e-001 -7.113146e-001 1.072183e+000 2.613676e+000
1.480000e+000 1.069745e-001 2.109339e-002 5.730312e-002 1.432208e-001 -6.861219e-001 1.027323e+000 2.523823e+000
1.490000e+000 1.161836e-001 2.608729e-002 6.553958e-002 1.542557e-001 -7.159958e-001 1.072949e+000 2.632666e+000
1.500000e+000 9.829753e-002 1.787398e-002 5.388958e-002 1.325370e-001 -6.696448e-001 8.929915e-001 2.379631e+000
1.510000e+000 1.032344e-001 1.946569e-002 5.270104e-002 1.403151e-001 -6.762052e-001 9.105671e-001 2.461986e+000
1.520000e+000 1.014111e-001 1.923169e-002 5.321458e-002 1.329906e-001 -6.685885e-001 9.096013e-001 2.471955e+000
1.530000e+000 9.695208e-002 1.719859e-002 4.276250e-002 1.286589e-001 -6.515063e-001 9.067328e-001 2.412030e+000
1.540000e+000 9.522428e-002 1.653883e-002 4.477500e-002 1.235875e-001 -6.415698e-001 8.979846e-001 2.421616e+000
1.550000e+000 9.651771e-002 1.767301e-002 4.532812e-002 1.270401e-001 -6.500740e-001 9.204026e-001 2.418709e+000
1.560000e+000 9.059082e-002 1.462932e-002 4.370312e-002 1.192542e-001 -6.308521e-001 7.323067e-001 2.355309e+000
1.570000e+000 8.639349e-002 1.346545e-002 3.860104e-002 1.165208e-001 -6.287198e-001 7.287017e-001 2.259874e+000
1.580000e+000 8.518568e-002 1.326192e-002 3.840833e-002 1.117474e-001 -6.164875e-001 7.973943e-001 2.247601e+000
1.590000e+000 8.182461e-002 1.202765e-002 3.335521e-002 1.048187e-001 -6.185677e-001 7.135115e-001 2.212212e+000
1.600000e+000 7.470547e-002 9.970838e-003 2.847292e-002 9.745938e-002 -5.838823e-001 5.782026e-001 2.116215e+000
1.610000e+000 7.863932e-002 1.059593e-002 2.513333e-002 1.026479e-001 -6.061688e-001 6.797413e-001 2.148433e+000
1.620000e+000 7.346999e-002 9.591398e-003 2.715312e-002 9.641979e-002 -5.767510e-001 5.976988e-001 2.100152e+000
1.630000e+000 7.367965e-002 9.640212e-003 2.014896e-002 9.889844e-002 -5.802760e-001 6.133925e-001 2.115210e+000
1.640000e+000 7.039756e-002 9.058107e-003 2.274375e-002 9.597448e-002 -5.800198e-001 6.230310e-001 2.006843e+000
1.650000e+000 7.180270e-002 8.987245e-003 2.897396e-002 9.784479e-002 -5.630094e-001 5.465366e-001 2.093831e+000
1.660000e+000 7.260537e-002 9.235923e-003 2.524792e-002 9.287083e-002 -5.747500e-001 6.084575e-001 2.067507e+000
1.670000e+000 6.988968e-002 8.489875e-003 1.895729e-002 9.410677e-002 -5.671531e-001 5.783091e-001 2.049614e+000
1.680000e+000 6.341618e-002 6.986841e-003 1.871979e-002 8.037031e-002 -5.349542e-001 5.177812e-001 1.950725e+000
1.690000e+000 6.121243e-002 6.325534e-003 1.906771e-002 8.331719e-002 -5.341146e-001 4.786392e-001 1.868460e+000
1.700000e+000 6.753600e-002 8.072703e-003 2.048125e-002 8.784323e-002 -5.455156e-001 5.381019e-001 2.027353e+000
1.710000e+000 6.248350e-002 6.695642e-003 1.823125e-002 8.100104e-002 -5.314156e-001 4.409043e-001 1.943167e+000
1.720000e+000 6.217487e-002 6.846116e-003 1.702708e-002 8.045625e-002 -5.141260e-001 5.160344e-001 1.982916e+000
1.730000e+000 5.780244e-002 5.751190e-003 1.492083e-002 7.673281e-002 -5.124208e-001 4.589459e-001 1.848420e+000
1.740000e+000 5.950811e-002 6.304476e-003 1.881458e-002 7.619115e-002 -5.222427e-001 4.841952e-001 1.888589e+000
1.750000e+000 5.939066e-002 6.114847e-003 1.148750e-002 7.505833e-002 -5.200510e-001 4.249319e-001 1.898265e+000
1.760000e+000 5.708711e-002 5.908676e-003 6.152083e-003 6.826094e-002 -5.083083e-001 4.799662e-001 1.898449e+000
1.770000e+000 5.425745e-002 5.110287e-003 8.068750e-003 7.057188e-002 -4.935542e-001 3.856541e-001 1.822648e+000
1.780000e+000 5.714941e-002 5.734006e-003 1.371458e-002 6.853646e-002 -5.024927e-001 4.658856e-001 1.875683e+000
1.790000e+000 5.473639e-002 5.069649e-003 1.321354e-002 6.604323e-002 -4.824177e-001 4.157460e-001 1.877926e+000
1.800000e+000 5.567946e-002 5.471929e-003 1.072396e-002 6.840260e-002 -4.970406e-001 4.119056e-001 1.878867e+000
1.810000e+000 5.337731e-002 4.760558e-003 1.283750e-002 6.302292e-002 -4.777510e-001 3.791189e-001 1.838842e+000
1.820000e+000 5.240983e-002 4.705249e-003 9.794792e-003 6.643854e-002 -4.864979e-001 3.923369e-001 1.763074e+000
1.830000e+000 5.073844e-002 4.426060e-003 1.195104e-002 6.433229e-002 -4.821385e-001 3.971072e-001 1.734285e+000
1.840000e+000 5.242380e-002 4.673938e-003 7.301042e-003 6.058333e-002 -4.747531e-001 3.616335e-001 1.827741e+000
1.850000e+000 5.251842e-002 4.756436e-003 5.275000e-003 6.376042e-002 -4.886573e-001 4.078648e-001 1.779481e+000
1.860000e+000 5.321647e-002 4.823339e-003 9.393750e-003 6.297240e-002 -4.848708e-001 3.755703e-001 1.792938e+000
1.870000e+000 4.902699e-002 4.079201e-003 7.181250e-003 5.868385e-002 -4.605323e-001 3.635753e-001 1.752208e+000
1.880000e+000 4.956465e-002 4.389908e-003 8.356250e-003 5.808750e-002 -4.619104e-001 4.073434e-001 1.753635e+000
1.890000e+000 4.773714e-002 3.855736e-003 2.807292e-003 5.922135e-002 -4.579625e-001 3.236665e-001 1.670268e+000
1.900000e+000 4.625130e-002 3.486176e-003 8.480208e-003 5.466927e-002 -4.361802e-001 3.315638e-001 1.714712e+000
1.910000e+000 5.144792e-002 4.441841e-003 1.274792e-002 5.628229e-002 -4.665573e-001 3.205080e-001 1.837564e+000
1.920000e+000 4.844108e-002 3.934594e-003 1.082187e-002 5.196458e-002 -4.394198e-001 3.357405e-001 1.792645e+000
1.930000e+000 4.894902e-002 4.005041e-003 9.214583e-003 5.663958e-002 -4.641229e-001 3.316105e-001 1.726925e+000
1.940000e+000 4.975573e-002 4.214459e-003 6.233333e-003 5.944375e-002 -4.435021e-001 3.519908e-001 1.818158e+000
1.950000e+000 4.854466e-002 3.922919e-003 -7.093750e-004 5.638385e-002 -4.388750e-001 3.007038e-001 1.795209e+000
1.960000e+000 4.696556e-002 3.687142e-003 1.132396e-002 4.963906e-002 -4.345938e-001 3.137917e-001 1.743254e+000
1.970000e+000 4.512992e-002 3.565330e-003 3.383333e-003 4.798177e-002 -4.348010e-001 3.077670e-001 1.695300e+000
1.980000e+000 4.445729e-002 3.340935e-003 5.592708e-003 4.821979e-002 -4.151115e-001 3.334820e-001 1.708506e+000
1.990000e+000 4.045238e-002 2.857091e-003 -7.291667e-005 3.866458e-002 -4.122979e-001 2.986746e-001 1.593221e+000
2.000000e+000 4.617933e-002 3.464387e-003 1.013125e-002 5.068958e-002 -4.297698e-001 2.853359e-001 1.751811e+000
