# Temperature Magnetization2 Magnetization4 Correlation2 Correlation4 Energy Energy2 HeatCapacity CorrelationLength
0.000000e+000 1.000000e+000 1.000000e+000 1.000000e+000 1.000000e+000 -2.000000e+000 -1.#IND00e+000 4.382421e+016
1.000000e-002 1.000000e+000 1.000000e+000 1.000000e+000 1.000000e+000 -2.000000e+000 0.000000e+000 4.382421e+016
2.000000e-002 1.000000e+000 1.000000e+000 1.000000e+000 1.000000e+000 -2.000000e+000 0.000000e+000 4.382421e+016
3.000000e-002 1.000000e+000 1.000000e+000 1.000000e+000 1.000000e+000 -2.000000e+000 0.000000e+000 4.382421e+016
4.000000e-002 1.000000e+000 1.000000e+000 1.000000e+000 1.000000e+000 -2.000000e+000 0.000000e+000 4.382421e+016
5.000000e-002 1.000000e+000 1.000000e+000 1.000000e+000 1.000000e+000 -2.000000e+000 0.000000e+000 4.382421e+016
6.000000e-002 1.000000e+000 1.000000e+000 1.000000e+000 1.000000e+000 -2.000000e+000 0.000000e+000 4.382421e+016
7.000000e-002 1.000000e+000 1.000000e+000 1.000000e+000 1.000000e+000 -2.000000e+000 0.000000e+000 4.382421e+016
8.000000e-002 1.000000e+000 1.000000e+000 1.000000e+000 1.000000e+000 -2.000000e+000 0.000000e+000 4.382421e+016
9.000000e-002 1.000000e+000 1.000000e+000 1.000000e+000 1.000000e+000 -2.000000e+000 0.000000e+000 4.382421e+016
1.000000e-001 1.000000e+000 1.000000e+000 1.000000e+000 1.000000e+000 -2.000000e+000 0.000000e+000 4.382421e+016
1.100000e-001 1.000000e+000 1.000000e+000 1.000000e+000 1.000000e+000 -2.000000e+000 0.000000e+000 4.382421e+016
1.200000e-001 1.000000e+000 1.000000e+000 1.000000e+000 1.000000e+000 -2.000000e+000 0.000000e+000 4.382421e+016
1.300000e-001 1.000000e+000 1.000000e+000 1.000000e+000 1.000000e+000 -2.000000e+000 0.000000e+000 4.382421e+016
1.400000e-001 1.000000e+000 1.000000e+000 1.000000e+000 1.000000e+000 -2.000000e+000 0.000000e+000 4.382421e+016
1.500000e-001 1.000000e+000 1.000000e+000 1.000000e+000 1.000000e+000 -2.000000e+000 0.000000e+000 4.382421e+016
1.600000e-001 1.000000e+000 1.000000e+000 1.000000e+000 1.000000e+000 -2.000000e+000 0.000000e+000 4.382421e+016
1.700000e-001 1.000000e+000 1.000000e+000 1.000000e+000 1.000000e+000 -2.000000e+000 0.000000e+000 4.382421e+016
1.800000e-001 1.000000e+000 1.000000e+000 1.000000e+000 1.000000e+000 -2.000000e+000 0.000000e+000 4.382421e+016
1.900000e-001 1.000000e+000 1.000000e+000 1.000000e+000 1.000000e+000 -2.000000e+000 0.000000e+000 4.382421e+016
2.000000e-001 1.000000e+000 1.000000e+000 1.000000e+000 1.000000e+000 -2.000000e+000 0.000000e+000 4.382421e+016
2.100000e-001 1.000000e+000 1.000000e+000 1.000000e+000 1.000000e+000 -2.000000e+000 0.000000e+000 4.382421e+016
2.200000e-001 1.000000e+000 1.000000e+000 1.000000e+000 1.000000e+000 -2.000000e+000 0.000000e+000 4.382421e+016
2.300000e-001 1.000000e+000 1.000000e+000 1.000000e+000 1.000000e+000 -2.000000e+000 0.000000e+000 4.382421e+016
2.400000e-001 1.000000e+000 1.000000e+000 1.000000e+000 1.000000e+000 -2.000000e+000 0.000000e+000 4.382421e+016
2.500000e-001 1.000000e+000 1.000000e+000 1.000000e+000 1.000000e+000 -2.000000e+000 0.000000e+000 4.382421e+016
2.600000e-001 1.000000e+000 1.000000e+000 1.000000e+000 1.000000e+000 -2.000000e+000 0.000000e+000 4.382421e+016
2.700000e-001 1.000000e+000 1.000000e+000 1.000000e+000 1.000000e+000 -2.000000e+000 0.000000e+000 4.382421e+016
2.800000e-001 1.000000e+000 1.000000e+000 1.000000e+000 1.000000e+000 -2.000000e+000 0.000000e+000 4.382421e+016
2.900000e-001 1.000000e+000 1.000000e+000 1.000000e+000 1.000000e+000 -2.000000e+000 0.000000e+000 4.382421e+016
3.000000e-001 9.999897e-001 9.999799e-001 9.999896e-001 9.999896e-001 -1.999979e+000 1.234259e-003 4.580034e+003
3.100000e-001 1.000000e+000 1.000000e+000 1.000000e+000 1.000000e+000 -2.000000e+000 0.000000e+000 4.382421e+016
3.200000e-001 1.000000e+000 1.000000e+000 1.000000e+000 1.000000e+000 -2.000000e+000 0.000000e+000 4.382421e+016
3.300000e-001 1.000000e+000 1.000000e+000 1.000000e+000 1.000000e+000 -2.000000e+000 0.000000e+000 4.382421e+016
3.400000e-001 1.000000e+000 1.000000e+000 1.000000e+000 1.000000e+000 -2.000000e+000 0.000000e+000 4.382421e+016
3.500000e-001 1.000000e+000 1.000000e+000 1.000000e+000 1.000000e+000 -2.000000e+000 0.000000e+000 4.382421e+016
3.600000e-001 1.000000e+000 1.000000e+000 1.000000e+000 1.000000e+000 -2.000000e+000 0.000000e+000 4.382421e+016
3.700000e-001 1.000000e+000 1.000000e+000 1.000000e+000 1.000000e+000 -2.000000e+000 0.000000e+000 4.382421e+016
3.800000e-001 9.999979e-001 9.999960e-001 9.999979e-001 9.999979e-001 -1.999996e+000 1.538858e-004 1.024131e+004
3.900000e-001 9.999856e-001 9.999719e-001 9.999854e-001 9.999854e-001 -1.999971e+000 1.022361e-003 3.870827e+003
4.000000e-001 1.000000e+000 1.000000e+000 1.000000e+000 1.000000e+000 -2.000000e+000 0.000000e+000 4.382421e+016
4.100000e-001 9.999713e-001 9.999438e-001 9.999708e-001 9.999708e-001 -1.999942e+000 1.849455e-003 2.737068e+003
4.200000e-001 9.999877e-001 9.999759e-001 9.999875e-001 9.999875e-001 -1.999975e+000 7.556311e-004 4.180976e+003
4.300000e-001 9.998934e-001 9.997911e-001 9.998917e-001 9.998917e-001 -1.999783e+000 6.233375e-003 1.420139e+003
4.400000e-001 1.000000e+000 1.000000e+000 1.000000e+000 1.000000e+000 -2.000000e+000 0.000000e+000 4.382421e+016
4.500000e-001 9.999221e-001 9.998473e-001 9.999208e-001 9.999208e-001 -1.999842e+000 4.162173e-003 1.661296e+003
4.600000e-001 9.999795e-001 9.999598e-001 9.999792e-001 9.999792e-001 -1.999958e+000 1.049674e-003 3.238556e+003
4.700000e-001 9.998585e-001 9.997228e-001 9.998562e-001 9.998562e-001 -1.999712e+000 6.917353e-003 1.232822e+003
4.800000e-001 9.998072e-001 9.996224e-001 9.998042e-001 9.998042e-001 -1.999608e+000 9.023746e-003 1.056209e+003
4.900000e-001 9.998646e-001 9.997348e-001 9.998625e-001 9.998625e-001 -1.999725e+000 6.088408e-003 1.260533e+003
5.000000e-001 9.997293e-001 9.994697e-001 9.997250e-001 9.997250e-001 -1.999450e+000 1.165589e-002 8.912709e+002
5.100000e-001 9.997396e-001 9.994898e-001 9.997354e-001 9.997354e-001 -1.999471e+000 1.078163e-002 9.086509e+002
5.200000e-001 9.996637e-001 9.993414e-001 9.996583e-001 9.996583e-001 -1.999317e+000 1.353182e-002 8.013065e+002
5.300000e-001 9.996596e-001 9.993331e-001 9.996542e-001 9.996542e-001 -1.999308e+000 1.302339e-002 7.947442e+002
5.400000e-001 9.995201e-001 9.990599e-001 9.995125e-001 9.995125e-001 -1.999025e+000 1.762401e-002 6.693341e+002
5.500000e-001 9.992970e-001 9.986242e-001 9.992854e-001 9.992854e-001 -1.998584e+000 2.510861e-002 5.440532e+002
5.600000e-001 9.996001e-001 9.992166e-001 9.995938e-001 9.995938e-001 -1.999187e+000 1.368330e-002 7.332484e+002
5.700000e-001 9.992166e-001 9.984653e-001 9.992042e-001 9.992042e-001 -1.998408e+000 2.562866e-002 5.237846e+002
5.800000e-001 9.992067e-001 9.984467e-001 9.991938e-001 9.991938e-001 -1.998398e+000 2.515907e-002 5.147418e+002
5.900000e-001 9.989555e-001 9.979579e-001 9.989375e-001 9.989375e-001 -1.997917e+000 3.270133e-002 4.384606e+002
6.000000e-001 9.989287e-001 9.979050e-001 9.989104e-001 9.989104e-001 -1.997861e+000 3.206890e-002 4.339814e+002
6.100000e-001 9.986349e-001 9.973281e-001 9.986125e-001 9.986130e-001 -1.997245e+000 3.914419e-002 3.921155e+002
6.200000e-001 9.983107e-001 9.966930e-001 9.982833e-001 9.982833e-001 -1.996577e+000 4.678326e-002 3.547881e+002
6.300000e-001 9.978116e-001 9.957288e-001 9.977708e-001 9.977750e-001 -1.995644e+000 6.205574e-002 3.021019e+002
6.400000e-001 9.979123e-001 9.959179e-001 9.978771e-001 9.978771e-001 -1.995813e+000 5.490445e-002 3.135195e+002
6.500000e-001 9.978713e-001 9.958481e-001 9.978312e-001 9.978312e-001 -1.995817e+000 5.603415e-002 2.997138e+002
6.600000e-001 9.973767e-001 9.948733e-001 9.973313e-001 9.973323e-001 -1.994742e+000 6.534373e-002 2.790495e+002
6.700000e-001 9.972707e-001 9.946611e-001 9.972250e-001 9.972250e-001 -1.994490e+000 6.471002e-002 2.765659e+002
6.800000e-001 9.963813e-001 9.929299e-001 9.963167e-001 9.963193e-001 -1.992827e+000 8.119218e-002 2.333756e+002
6.900000e-001 9.965896e-001 9.933437e-001 9.965281e-001 9.965349e-001 -1.993229e+000 7.827925e-002 2.401612e+002
7.000000e-001 9.957042e-001 9.916197e-001 9.956281e-001 9.956469e-001 -1.991475e+000 9.674350e-002 2.133649e+002
7.100000e-001 9.952056e-001 9.906627e-001 9.951115e-001 9.951203e-001 -1.990514e+000 1.078769e-001 2.016249e+002
7.200000e-001 9.946024e-001 9.894984e-001 9.944938e-001 9.945057e-001 -1.989489e+000 1.180009e-001 1.852910e+002
7.300000e-001 9.945665e-001 9.894103e-001 9.944635e-001 9.944740e-001 -1.989373e+000 1.077124e-001 1.838239e+002
7.400000e-001 9.924911e-001 9.853912e-001 9.923437e-001 9.923521e-001 -1.985207e+000 1.526296e-001 1.587362e+002
7.500000e-001 9.927916e-001 9.859613e-001 9.926542e-001 9.926687e-001 -1.985723e+000 1.403636e-001 1.645325e+002
7.600000e-001 9.911895e-001 9.828646e-001 9.910177e-001 9.910469e-001 -1.982592e+000 1.698635e-001 1.466017e+002
7.700000e-001 9.911434e-001 9.828050e-001 9.909635e-001 9.909568e-001 -1.982674e+000 1.739477e-001 1.466334e+002
7.800000e-001 9.898099e-001 9.802219e-001 9.896021e-001 9.896276e-001 -1.980036e+000 1.890846e-001 1.346288e+002
7.900000e-001 9.895418e-001 9.797220e-001 9.893146e-001 9.894036e-001 -1.979692e+000 1.893956e-001 1.296203e+002
8.000000e-001 9.880023e-001 9.768063e-001 9.877760e-001 9.878323e-001 -1.976979e+000 2.244260e-001 1.192439e+002
8.100000e-001 9.846241e-001 9.703111e-001 9.843437e-001 9.843208e-001 -1.970289e+000 2.755274e-001 1.056538e+002
8.200000e-001 9.849531e-001 9.709198e-001 9.846031e-001 9.847089e-001 -1.971255e+000 2.466430e-001 1.054463e+002
8.300000e-001 9.842912e-001 9.696440e-001 9.839688e-001 9.840094e-001 -1.969648e+000 2.616547e-001 1.050361e+002
8.400000e-001 9.827257e-001 9.666800e-001 9.823354e-001 9.824432e-001 -1.967051e+000 2.797796e-001 9.744306e+001
8.500000e-001 9.804091e-001 9.621958e-001 9.799948e-001 9.801490e-001 -1.962511e+000 2.929500e-001 9.151943e+001
8.600000e-001 9.793558e-001 9.602640e-001 9.788333e-001 9.790172e-001 -1.960846e+000 3.128964e-001 8.851759e+001
8.700000e-001 9.767196e-001 9.552874e-001 9.762115e-001 9.763333e-001 -1.956139e+000 3.462754e-001 8.179801e+001
8.800000e-001 9.756989e-001 9.533550e-001 9.751104e-001 9.752458e-001 -1.953722e+000 3.740012e-001 8.177082e+001
8.900000e-001 9.737326e-001 9.496557e-001 9.731021e-001 9.732427e-001 -1.950521e+000 3.885233e-001 7.789877e+001
9.000000e-001 9.699588e-001 9.425869e-001 9.692635e-001 9.695828e-001 -1.943572e+000 4.273562e-001 7.056101e+001
9.100000e-001 9.680556e-001 9.390171e-001 9.672292e-001 9.675984e-001 -1.940085e+000 4.484898e-001 6.839038e+001
9.200000e-001 9.662308e-001 9.355889e-001 9.653635e-001 9.657646e-001 -1.936256e+000 4.692763e-001 6.752427e+001
9.300000e-001 9.636089e-001 9.305613e-001 9.628948e-001 9.630302e-001 -1.931333e+000 4.806877e-001 6.558021e+001
9.400000e-001 9.594613e-001 9.228456e-001 9.585740e-001 9.587260e-001 -1.924237e+000 5.103189e-001 6.069743e+001
9.500000e-001 9.577952e-001 9.198839e-001 9.568292e-001 9.570417e-001 -1.921730e+000 5.291221e-001 5.832096e+001
9.600000e-001 9.544030e-001 9.139440e-001 9.531802e-001 9.539026e-001 -1.916742e+000 5.920497e-001 5.408146e+001
9.700000e-001 9.492038e-001 9.046247e-001 9.478375e-001 9.485661e-001 -1.907626e+000 6.825361e-001 5.078175e+001
9.800000e-001 9.490731e-001 9.041695e-001 9.476885e-001 9.484214e-001 -1.906779e+000 6.425290e-001 5.135810e+001
9.900000e-001 9.445504e-001 8.959966e-001 9.428625e-001 9.441234e-001 -1.899652e+000 6.636483e-001 4.744921e+001
1.000000e+000 9.367490e-001 8.820408e-001 9.347885e-001 9.361729e-001 -1.885647e+000 7.782494e-001 4.447093e+001
1.010000e+000 9.340079e-001 8.769546e-001 9.324542e-001 9.331401e-001 -1.880322e+000 7.947586e-001 4.407895e+001
1.020000e+000 9.218132e-001 8.570190e-001 9.192698e-001 9.214438e-001 -1.861432e+000 1.050860e+000 3.758625e+001
1.030000e+000 9.197705e-001 8.525429e-001 9.170750e-001 9.191453e-001 -1.858718e+000 9.750534e-001 3.729920e+001
1.040000e+000 9.168299e-001 8.470766e-001 9.139896e-001 9.161990e-001 -1.852814e+000 9.634346e-001 3.709980e+001
1.050000e+000 9.076579e-001 8.323709e-001 9.045969e-001 9.074130e-001 -1.838745e+000 1.169244e+000 3.378521e+001
1.060000e+000 9.009564e-001 8.198974e-001 8.974667e-001 9.004339e-001 -1.826967e+000 1.098884e+000 3.250141e+001
1.070000e+000 8.969098e-001 8.141779e-001 8.934844e-001 8.965219e-001 -1.819965e+000 1.280632e+000 3.187650e+001
1.080000e+000 8.889639e-001 8.009502e-001 8.852771e-001 8.883609e-001 -1.807956e+000 1.334896e+000 2.975892e+001
1.090000e+000 8.819547e-001 7.897086e-001 8.775187e-001 8.818594e-001 -1.797730e+000 1.393419e+000 2.821606e+001
1.100000e+000 8.670557e-001 7.641382e-001 8.623323e-001 8.671766e-001 -1.775005e+000 1.390740e+000 2.595921e+001
1.110000e+000 8.354420e-001 7.220146e-001 8.280021e-001 8.380651e-001 -1.732292e+000 2.301793e+000 2.116064e+001
1.120000e+000 8.607362e-001 7.559159e-001 8.553302e-001 8.613349e-001 -1.763853e+000 1.611527e+000 2.500192e+001
1.130000e+000 8.336395e-001 7.141286e-001 8.266115e-001 8.349333e-001 -1.726456e+000 1.849235e+000 2.152225e+001
1.140000e+000 8.178126e-001 6.940124e-001 8.092729e-001 8.207526e-001 -1.706873e+000 2.220777e+000 1.942155e+001
1.150000e+000 8.106544e-001 6.834190e-001 8.024083e-001 8.147599e-001 -1.698253e+000 2.203964e+000 1.864431e+001
1.160000e+000 7.873924e-001 6.497519e-001 7.779354e-001 7.926656e-001 -1.662713e+000 2.483264e+000 1.704336e+001
1.170000e+000 7.625070e-001 6.164933e-001 7.509406e-001 7.694479e-001 -1.629307e+000 2.754925e+000 1.552214e+001
1.180000e+000 7.394905e-001 5.864987e-001 7.254458e-001 7.486849e-001 -1.597865e+000 3.004598e+000 1.434542e+001
1.190000e+000 7.186671e-001 5.636829e-001 7.045604e-001 7.290344e-001 -1.574451e+000 3.333682e+000 1.328487e+001
1.200000e+000 7.074806e-001 5.456351e-001 6.917344e-001 7.178969e-001 -1.558211e+000 3.089737e+000 1.299683e+001
1.210000e+000 6.623988e-001 4.918781e-001 6.436875e-001 6.766755e-001 -1.494398e+000 3.654590e+000 1.141283e+001
1.220000e+000 6.203201e-001 4.521310e-001 5.985927e-001 6.383682e-001 -1.441551e+000 4.589452e+000 1.014586e+001
1.230000e+000 5.842320e-001 4.075196e-001 5.615219e-001 6.044094e-001 -1.389332e+000 4.475378e+000 9.354127e+000
1.240000e+000 5.585883e-001 3.830135e-001 5.336062e-001 5.809068e-001 -1.358939e+000 4.719261e+000 8.766812e+000
1.250000e+000 5.178127e-001 3.434037e-001 4.898844e-001 5.427099e-001 -1.310003e+000 4.791916e+000 7.897946e+000
1.260000e+000 4.900025e-001 3.128690e-001 4.572667e-001 5.184927e-001 -1.271693e+000 4.657321e+000 7.431490e+000
1.270000e+000 4.734461e-001 2.970019e-001 4.421844e-001 5.029911e-001 -1.253689e+000 4.522651e+000 7.166841e+000
1.280000e+000 4.429238e-001 2.707558e-001 4.088490e-001 4.737453e-001 -1.202288e+000 4.700760e+000 6.782493e+000
1.290000e+000 3.944312e-001 2.245131e-001 3.550344e-001 4.315135e-001 -1.157649e+000 4.116100e+000 5.954669e+000
1.300000e+000 3.731522e-001 2.041844e-001 3.355115e-001 4.094828e-001 -1.120077e+000 3.931232e+000 5.686605e+000
1.310000e+000 3.445456e-001 1.796978e-001 3.026073e-001 3.802193e-001 -1.074958e+000 3.880875e+000 5.391603e+000
1.320000e+000 2.768825e-001 1.290622e-001 2.334385e-001 3.152083e-001 -9.802167e-001 3.474194e+000 4.584430e+000
1.330000e+000 2.793235e-001 1.303481e-001 2.353438e-001 3.205510e-001 -9.853875e-001 3.400053e+000 4.561131e+000
1.340000e+000 2.549761e-001 1.136435e-001 2.078687e-001 2.996469e-001 -9.576958e-001 3.116318e+000 4.244496e+000
1.350000e+000 2.355819e-001 9.380378e-002 1.875813e-001 2.776995e-001 -9.260125e-001 2.413209e+000 4.070852e+000
1.360000e+000 2.258407e-001 8.996048e-002 1.785990e-001 2.697557e-001 -9.071990e-001 2.558714e+000 3.946707e+000
1.370000e+000 1.927627e-001 6.660265e-002 1.423677e-001 2.334182e-001 -8.523729e-001 2.192652e+000 3.574739e+000
1.380000e+000 1.940799e-001 6.683404e-002 1.460740e-001 2.401521e-001 -8.639625e-001 2.043477e+000 3.519715e+000
1.390000e+000 1.674757e-001 5.234416e-002 1.188729e-001 2.066156e-001 -8.039229e-001 1.969994e+000 3.295894e+000
1.400000e+000 1.743309e-001 5.494953e-002 1.267448e-001 2.152724e-001 -8.173802e-001 1.871937e+000 3.358465e+000
1.410000e+000 1.770442e-001 5.685962e-002 1.288625e-001 2.179839e-001 -8.305062e-001 1.849277e+000 3.392594e+000
1.420000e+000 1.452382e-001 3.944146e-002 9.145938e-002 1.881906e-001 -7.713719e-001 1.541823e+000 2.981083e+000
1.430000e+000 1.464547e-001 4.134001e-002 9.748646e-002 1.842443e-001 -7.636635e-001 1.579359e+000 3.044275e+000
1.440000e+000 1.392055e-001 3.605236e-002 8.481146e-002 1.788911e-001 -7.553677e-001 1.374655e+000 2.943153e+000
1.450000e+000 1.279629e-001 3.080314e-002 7.467708e-002 1.709172e-001 -7.430312e-001 1.231213e+000 2.738944e+000
1.460000e+000 1.183067e-001 2.595179e-002 6.725417e-002 1.569708e-001 -7.201000e-001 1.104966e+000 2.657109e+000
1.470000e+000 1.198660e-001 2.688118e-002 6.789687e-002 1.551875e-001 -7.015396e-001 1.136094e+000 2.745182e+000
1.480000e+000 1.144072e-001 2.543318e-002 6.093229e-002 1.473365e-001 -6.863948e-001 1.187668e+000 2.675946e+000
1.490000e+000 1.007182e-001 1.830028e-002 5.163437e-002 1.358813e-001 -6.716917e-001 9.909654e-001 2.435341e+000
1.500000e+000 1.025368e-001 2.049207e-002 4.870521e-002 1.377615e-001 -6.712125e-001 9.912023e-001 2.462008e+000
1.510000e+000 1.005448e-001 1.950054e-002 5.347500e-002 1.333260e-001 -6.669115e-001 9.789984e-001 2.430595e+000
1.520000e+000 1.000201e-001 1.769429e-002 4.461979e-002 1.316609e-001 -6.605833e-001 8.678528e-001 2.455780e+000
1.530000e+000 1.023689e-001 1.941115e-002 5.460521e-002 1.345516e-001 -6.681229e-001 9.591422e-001 2.489080e+000
1.540000e+000 9.006455e-002 1.556353e-002 3.795937e-002 1.185099e-001 -6.449708e-001 8.570994e-001 2.298285e+000
1.550000e+000 9.125303e-002 1.515868e-002 4.056979e-002 1.226135e-001 -6.401063e-001 8.747847e-001 2.318451e+000
1.560000e+000 8.629915e-002 1.420448e-002 3.645104e-002 1.144323e-001 -6.226646e-001 8.224708e-001 2.258187e+000
1.570000e+000 8.855924e-002 1.412175e-002 3.894375e-002 1.235198e-001 -6.443313e-001 6.905103e-001 2.249742e+000
1.580000e+000 7.995667e-002 1.190133e-002 2.822083e-002 1.047969e-001 -6.038146e-001 7.343832e-001 2.183992e+000
1.590000e+000 7.992048e-002 1.179677e-002 2.685104e-002 1.004198e-001 -5.986604e-001 7.594202e-001 2.213377e+000
1.600000e+000 7.910407e-002 1.088192e-002 3.282396e-002 1.064667e-001 -5.973271e-001 6.392656e-001 2.164660e+000
1.610000e+000 7.517891e-002 1.006672e-002 2.937708e-002 9.735625e-002 -5.921427e-001 6.111888e-001 2.122946e+000
1.620000e+000 7.470553e-002 9.599007e-003 2.132396e-002 9.891146e-002 -5.887698e-001 6.177227e-001 2.113876e+000
1.630000e+000 7.416657e-002 9.607305e-003 2.428021e-002 9.617760e-002 -5.855292e-001 5.340339e-001 2.129794e+000
1.640000e+000 7.281602e-002 9.704680e-003 2.237083e-002 9.416302e-002 -5.813385e-001 6.103549e-001 2.088370e+000
1.650000e+000 7.305785e-002 9.507272e-003 2.810521e-002 9.845000e-002 -5.728021e-001 6.021933e-001 2.083083e+000
1.660000e+000 7.224290e-002 8.985273e-003 2.040104e-002 9.632396e-002 -5.757573e-001 5.856207e-001 2.059043e+000
1.670000e+000 6.569173e-002 7.623910e-003 9.975000e-003 8.865104e-002 -5.497792e-001 6.410748e-001 1.983747e+000
1.680000e+000 6.629756e-002 7.967360e-003 2.267188e-002 8.624740e-002 -5.480083e-001 6.029280e-001 2.015904e+000
1.690000e+000 6.797373e-002 8.016948e-003 1.825625e-002 8.435781e-002 -5.501208e-001 5.884046e-001 2.037795e+000
1.700000e+000 6.542819e-002 8.423172e-003 1.969167e-002 8.332187e-002 -5.462625e-001 5.600100e-001 1.988687e+000
1.710000e+000 6.142500e-002 6.704911e-003 1.622292e-002 7.941406e-002 -5.279552e-001 5.235950e-001 1.913582e+000
1.720000e+000 6.588076e-002 7.499617e-003 1.598229e-002 8.303906e-002 -5.484146e-001 4.805449e-001 2.004296e+000
1.730000e+000 6.424284e-002 7.030700e-003 1.858437e-002 7.840781e-002 -5.394521e-001 4.563903e-001 2.016845e+000
1.740000e+000 6.125342e-002 6.613505e-003 2.064688e-002 7.671146e-002 -5.261563e-001 4.864324e-001 1.917889e+000
1.750000e+000 6.089528e-002 6.481428e-003 1.758854e-002 7.250833e-002 -5.097010e-001 4.473081e-001 1.973704e+000
1.760000e+000 5.893389e-002 5.931022e-003 1.560104e-002 7.183906e-002 -5.008312e-001 4.599852e-001 1.940104e+000
1.770000e+000 5.443542e-002 5.115222e-003 7.401042e-003 7.145469e-002 -4.976302e-001 3.880227e-001 1.813696e+000
1.780000e+000 5.663975e-002 5.607664e-003 1.130000e-002 6.803490e-002 -4.966604e-001 4.228773e-001 1.862539e+000
1.790000e+000 5.586549e-002 5.438004e-003 1.350208e-002 6.391667e-002 -4.928625e-001 4.297499e-001 1.881656e+000
1.800000e+000 5.628971e-002 5.184595e-003 8.290625e-003 7.227656e-002 -4.957938e-001 3.697500e-001 1.892445e+000
1.810000e+000 5.482637e-002 5.143365e-003 1.388958e-002 6.818646e-002 -4.995687e-001 3.865773e-001 1.801020e+000
1.820000e+000 5.657887e-002 5.613957e-003 1.102083e-002 6.626510e-002 -4.963083e-001 4.031904e-001 1.892465e+000
1.830000e+000 5.397633e-002 5.216360e-003 2.016354e-002 6.686667e-002 -4.727312e-001 4.560965e-001 1.853877e+000
1.840000e+000 5.279196e-002 4.627419e-003 8.858333e-003 6.563385e-002 -4.893854e-001 3.604532e-001 1.804810e+000
1.850000e+000 5.160671e-002 4.824516e-003 9.808333e-003 5.895104e-002 -4.753625e-001 3.755966e-001 1.793703e+000
1.860000e+000 5.207402e-002 4.483153e-003 6.989583e-003 6.373646e-002 -4.717385e-001 3.506998e-001 1.804331e+000
1.870000e+000 4.935065e-002 3.942664e-003 1.364583e-003 5.911667e-002 -4.853385e-001 3.214163e-001 1.715419e+000
1.880000e+000 5.160905e-002 4.557017e-003 1.255000e-002 6.087656e-002 -4.685573e-001 3.731076e-001 1.824584e+000
1.890000e+000 4.981335e-002 4.040340e-003 6.212500e-003 5.690729e-002 -4.624302e-001 3.811956e-001 1.775974e+000
1.900000e+000 4.497555e-002 3.482606e-003 9.662500e-003 5.021719e-002 -4.445219e-001 3.379013e-001 1.678837e+000
1.910000e+000 4.833571e-002 3.938556e-003 1.209375e-002 5.546354e-002 -4.561406e-001 3.723413e-001 1.724867e+000
1.920000e+000 4.762871e-002 3.660531e-003 4.946875e-003 5.592344e-002 -4.534167e-001 2.933267e-001 1.732775e+000
1.930000e+000 4.867253e-002 3.957144e-003 4.584375e-003 5.700000e-002 -4.657438e-001 3.093228e-001 1.736607e+000
1.940000e+000 4.638825e-002 3.625086e-003 5.077083e-003 5.576354e-002 -4.367115e-001 3.507326e-001 1.707541e+000
1.950000e+000 4.663057e-002 3.518944e-003 5.202083e-003 5.363438e-002 -4.428510e-001 2.893007e-001 1.734083e+000
1.960000e+000 4.491449e-002 3.406174e-003 3.412500e-003 5.623281e-002 -4.295844e-001 3.081224e-001 1.664454e+000
1.970000e+000 4.846940e-002 4.017784e-003 1.178229e-002 5.141979e-002 -4.494260e-001 3.061128e-001 1.772484e+000
1.980000e+000 4.725081e-002 3.946597e-003 7.870833e-003 5.639740e-002 -4.366521e-001 2.841330e-001 1.734357e+000
1.990000e+000 4.518724e-002 3.390196e-003 9.975000e-003 4.774167e-002 -4.390104e-001 3.148121e-001 1.691658e+000
2.000000e+000 4.501637e-002 3.363998e-003 5.769792e-003 4.737969e-002 -4.184688e-001 2.885994e-001 1.731433e+000
