# Temperature Magnetization2 Magnetization4 Correlation2 Correlation4 Energy Energy2 HeatCapacity CorrelationLength
0.000000e+000 1.000000e+000 1.000000e+000 1.000000e+000 1.000000e+000 -2.000000e+000 -1.#IND00e+000 4.382421e+016
1.000000e-002 1.000000e+000 1.000000e+000 1.000000e+000 1.000000e+000 -2.000000e+000 0.000000e+000 4.382421e+016
2.000000e-002 1.000000e+000 1.000000e+000 1.000000e+000 1.000000e+000 -2.000000e+000 0.000000e+000 4.382421e+016
3.000000e-002 1.000000e+000 1.000000e+000 1.000000e+000 1.000000e+000 -2.000000e+000 0.000000e+000 4.382421e+016
4.000000e-002 1.000000e+000 1.000000e+000 1.000000e+000 1.000000e+000 -2.000000e+000 0.000000e+000 4.382421e+016
5.000000e-002 1.000000e+000 1.000000e+000 1.000000e+000 1.000000e+000 -2.000000e+000 0.000000e+000 4.382421e+016
6.000000e-002 1.000000e+000 1.000000e+000 1.000000e+000 1.000000e+000 -2.000000e+000 0.000000e+000 4.382421e+016
7.000000e-002 1.000000e+000 1.000000e+000 1.000000e+000 1.000000e+000 -2.000000e+000 0.000000e+000 4.382421e+016
8.000000e-002 1.000000e+000 1.000000e+000 1.000000e+000 1.000000e+000 -2.000000e+000 0.000000e+000 4.382421e+016
9.000000e-002 1.000000e+000 1.000000e+000 1.000000e+000 1.000000e+000 -2.000000e+000 0.000000e+000 4.382421e+016
1.000000e-001 1.000000e+000 1.000000e+000 1.000000e+000 1.000000e+000 -2.000000e+000 0.000000e+000 4.382421e+016
1.100000e-001 1.000000e+000 1.000000e+000 1.000000e+000 1.000000e+000 -2.000000e+000 0.000000e+000 4.382421e+016
1.200000e-001 1.000000e+000 1.000000e+000 1.000000e+000 1.000000e+000 -2.000000e+000 0.000000e+000 4.382421e+016
1.300000e-001 1.000000e+000 1.000000e+000 1.000000e+000 1.000000e+000 -2.000000e+000 0.000000e+000 4.382421e+016
1.400000e-001 1.000000e+000 1.000000e+000 1.000000e+000 1.000000e+000 -2.000000e+000 0.000000e+000 4.382421e+016
1.500000e-001 1.000000e+000 1.000000e+000 1.000000e+000 1.000000e+000 -2.000000e+000 0.000000e+000 4.382421e+016
1.600000e-001 1.000000e+000 1.000000e+000 1.000000e+000 1.000000e+000 -2.000000e+000 0.000000e+000 4.382421e+016
1.700000e-001 1.000000e+000 1.000000e+000 1.000000e+000 1.000000e+000 -2.000000e+000 0.000000e+000 4.382421e+016
1.800000e-001 1.000000e+000 1.000000e+000 1.000000e+000 1.000000e+000 -2.000000e+000 0.000000e+000 4.382421e+016
1.900000e-001 1.000000e+000 1.000000e+000 1.000000e+000 1.000000e+000 -2.000000e+000 0.000000e+000 4.382421e+016
2.000000e-001 1.000000e+000 1.000000e+000 1.000000e+000 1.000000e+000 -2.000000e+000 0.000000e+000 4.382421e+016
2.100000e-001 1.000000e+000 1.000000e+000 1.000000e+000 1.000000e+000 -2.000000e+000 0.000000e+000 4.382421e+016
2.200000e-001 1.000000e+000 1.000000e+000 1.000000e+000 1.000000e+000 -2.000000e+000 0.000000e+000 4.382421e+016
2.300000e-001 1.000000e+000 1.000000e+000 1.000000e+000 1.000000e+000 -2.000000e+000 0.000000e+000 4.382421e+016
2.400000e-001 1.000000e+000 1.000000e+000 1.000000e+000 1.000000e+000 -2.000000e+000 0.000000e+000 4.382421e+016
2.500000e-001 1.000000e+000 1.000000e+000 1.000000e+000 1.000000e+000 -2.000000e+000 0.000000e+000 4.382421e+016
2.600000e-001 1.000000e+000 1.000000e+000 1.000000e+000 1.000000e+000 -2.000000e+000 0.000000e+000 4.382421e+016
2.700000e-001 1.000000e+000 1.000000e+000 1.000000e+000 1.000000e+000 -2.000000e+000 0.000000e+000 4.382421e+016
2.800000e-001 1.000000e+000 1.000000e+000 1.000000e+000 1.000000e+000 -2.000000e+000 0.000000e+000 4.382421e+016
2.900000e-001 1.000000e+000 1.000000e+000 1.000000e+000 1.000000e+000 -2.000000e+000 0.000000e+000 4.382421e+016
3.000000e-001 1.000000e+000 1.000000e+000 1.000000e+000 1.000000e+000 -2.000000e+000 0.000000e+000 4.382421e+016
3.100000e-001 1.000000e+000 1.000000e+000 1.000000e+000 1.000000e+000 -2.000000e+000 0.000000e+000 4.382421e+016
3.200000e-001 1.000000e+000 1.000000e+000 1.000000e+000 1.000000e+000 -2.000000e+000 0.000000e+000 4.382421e+016
3.300000e-001 1.000000e+000 1.000000e+000 1.000000e+000 1.000000e+000 -2.000000e+000 0.000000e+000 4.382421e+016
3.400000e-001 1.000000e+000 1.000000e+000 1.000000e+000 1.000000e+000 -2.000000e+000 0.000000e+000 4.382421e+016
3.500000e-001 1.000000e+000 1.000000e+000 1.000000e+000 1.000000e+000 -2.000000e+000 0.000000e+000 4.382421e+016
3.600000e-001 1.000000e+000 1.000000e+000 1.000000e+000 1.000000e+000 -2.000000e+000 0.000000e+000 4.382421e+016
3.700000e-001 1.000000e+000 1.000000e+000 1.000000e+000 1.000000e+000 -2.000000e+000 0.000000e+000 4.382421e+016
3.800000e-001 1.000000e+000 1.000000e+000 1.000000e+000 1.000000e+000 -2.000000e+000 0.000000e+000 4.382421e+016
3.900000e-001 1.000000e+000 1.000000e+000 1.000000e+000 1.000000e+000 -2.000000e+000 0.000000e+000 4.382421e+016
4.000000e-001 9.999651e-001 9.999317e-001 9.999646e-001 9.999646e-001 -1.999929e+000 2.359104e-003 2.483841e+003
4.100000e-001 9.999918e-001 9.999839e-001 9.999917e-001 9.999917e-001 -1.999983e+000 5.286800e-004 5.120639e+003
4.200000e-001 9.999938e-001 9.999879e-001 9.999938e-001 9.999938e-001 -1.999988e+000 3.778723e-004 5.912811e+003
4.300000e-001 9.999754e-001 9.999518e-001 9.999750e-001 9.999750e-001 -1.999950e+000 1.441356e-003 2.956378e+003
4.400000e-001 9.999877e-001 9.999759e-001 9.999875e-001 9.999875e-001 -1.999975e+000 6.884986e-004 4.180976e+003
4.500000e-001 9.999651e-001 9.999317e-001 9.999646e-001 9.999646e-001 -1.999929e+000 1.863984e-003 2.483841e+003
4.600000e-001 9.999200e-001 9.998433e-001 9.999188e-001 9.999188e-001 -1.999838e+000 4.087791e-003 1.639858e+003
4.700000e-001 9.999446e-001 9.998915e-001 9.999438e-001 9.999438e-001 -1.999888e+000 2.712494e-003 1.970888e+003
4.800000e-001 9.999405e-001 9.998835e-001 9.999396e-001 9.999396e-001 -1.999879e+000 2.793012e-003 1.901708e+003
4.900000e-001 9.997949e-001 9.995983e-001 9.997917e-001 9.997917e-001 -1.999583e+000 9.209126e-003 1.024026e+003
5.000000e-001 9.997970e-001 9.996023e-001 9.997937e-001 9.997937e-001 -1.999587e+000 8.756440e-003 1.029186e+003
5.100000e-001 9.996678e-001 9.993492e-001 9.996625e-001 9.996625e-001 -1.999325e+000 1.372872e-002 8.044994e+002
5.200000e-001 9.997665e-001 9.995435e-001 9.997625e-001 9.997625e-001 -1.999535e+000 9.420479e-003 9.250683e+002
5.300000e-001 9.996698e-001 9.993532e-001 9.996646e-001 9.996646e-001 -1.999329e+000 1.263431e-002 8.069948e+002
5.400000e-001 9.997211e-001 9.994536e-001 9.997167e-001 9.997167e-001 -1.999433e+000 1.029380e-002 8.780625e+002
5.500000e-001 9.994993e-001 9.990234e-001 9.994896e-001 9.994896e-001 -1.998979e+000 2.174463e-002 6.541288e+002
5.600000e-001 9.993685e-001 9.987633e-001 9.993583e-001 9.993583e-001 -1.998720e+000 2.171679e-002 5.809576e+002
5.700000e-001 9.995229e-001 9.990679e-001 9.995146e-001 9.995146e-001 -1.999048e+000 1.673263e-002 6.524839e+002
5.800000e-001 9.992318e-001 9.984976e-001 9.992187e-001 9.992198e-001 -1.998452e+000 2.548880e-002 5.220177e+002
5.900000e-001 9.992007e-001 9.984354e-001 9.991875e-001 9.991875e-001 -1.998390e+000 2.465964e-002 5.105237e+002
6.000000e-001 9.987396e-001 9.975336e-001 9.987188e-001 9.987188e-001 -1.997463e+000 3.748956e-002 4.060010e+002
6.100000e-001 9.987560e-001 9.975655e-001 9.987354e-001 9.987354e-001 -1.997492e+000 3.582548e-002 4.094685e+002
6.200000e-001 9.983907e-001 9.968490e-001 9.983646e-001 9.983646e-001 -1.996733e+000 4.447868e-002 3.642768e+002
6.300000e-001 9.979483e-001 9.959850e-001 9.979146e-001 9.979167e-001 -1.995841e+000 5.551286e-002 3.206437e+002
6.400000e-001 9.982011e-001 9.964810e-001 9.981708e-001 9.981708e-001 -1.996386e+000 4.689298e-002 3.394144e+002
6.500000e-001 9.981291e-001 9.963453e-001 9.980958e-001 9.980958e-001 -1.996281e+000 4.860209e-002 3.270428e+002
6.600000e-001 9.975107e-001 9.951425e-001 9.974812e-001 9.974646e-001 -1.995090e+000 6.352958e-002 2.792310e+002
6.700000e-001 9.975164e-001 9.951558e-001 9.974688e-001 9.974823e-001 -1.995097e+000 6.050966e-002 2.749674e+002
6.800000e-001 9.969763e-001 9.941028e-001 9.969188e-001 9.969198e-001 -1.994070e+000 7.217923e-002 2.530391e+002
6.900000e-001 9.965829e-001 9.933224e-001 9.965229e-001 9.965245e-001 -1.993155e+000 7.653066e-002 2.439353e+002
7.000000e-001 9.954222e-001 9.910760e-001 9.953354e-001 9.953370e-001 -1.990924e+000 1.038979e-001 2.067185e+002
7.100000e-001 9.954848e-001 9.911900e-001 9.954021e-001 9.954047e-001 -1.991018e+000 9.752583e-002 2.095190e+002
7.200000e-001 9.943959e-001 9.890991e-001 9.942875e-001 9.942844e-001 -1.988943e+000 1.280197e-001 1.851906e+002
7.300000e-001 9.930133e-001 9.863854e-001 9.928792e-001 9.928833e-001 -1.986141e+000 1.413905e-001 1.693626e+002
7.400000e-001 9.929227e-001 9.862536e-001 9.928219e-001 9.927917e-001 -1.986265e+000 1.465193e-001 1.593812e+002
7.500000e-001 9.918638e-001 9.841710e-001 9.917271e-001 9.917297e-001 -1.983867e+000 1.617879e-001 1.551954e+002
7.600000e-001 9.918663e-001 9.841715e-001 9.917208e-001 9.917130e-001 -1.984047e+000 1.508193e-001 1.522207e+002
7.700000e-001 9.914250e-001 9.833519e-001 9.912677e-001 9.912714e-001 -1.983317e+000 1.666629e-001 1.455324e+002
7.800000e-001 9.906570e-001 9.818659e-001 9.905021e-001 9.905016e-001 -1.981717e+000 1.765431e-001 1.411711e+002
7.900000e-001 9.888878e-001 9.784288e-001 9.886885e-001 9.886885e-001 -1.978453e+000 1.925696e-001 1.275517e+002
8.000000e-001 9.873772e-001 9.755618e-001 9.871042e-001 9.871786e-001 -1.975652e+000 2.182526e-001 1.165194e+002
8.100000e-001 9.861809e-001 9.732397e-001 9.860052e-001 9.859458e-001 -1.973155e+000 2.369214e-001 1.133352e+002
8.200000e-001 9.838201e-001 9.687439e-001 9.835354e-001 9.835229e-001 -1.968826e+000 2.755092e-001 1.029470e+002
8.300000e-001 9.826458e-001 9.665242e-001 9.823823e-001 9.823130e-001 -1.966653e+000 2.915304e-001 9.980606e+001
8.400000e-001 9.815540e-001 9.644541e-001 9.811167e-001 9.812286e-001 -1.964889e+000 2.925542e-001 9.382939e+001
8.500000e-001 9.803064e-001 9.620551e-001 9.799229e-001 9.799536e-001 -1.962244e+000 3.176651e-001 9.279996e+001
8.600000e-001 9.799793e-001 9.613821e-001 9.795771e-001 9.796026e-001 -1.961315e+000 3.075395e-001 9.323160e+001
8.700000e-001 9.761715e-001 9.543122e-001 9.756635e-001 9.757042e-001 -1.955209e+000 3.675065e-001 8.064879e+001
8.800000e-001 9.755792e-001 9.530410e-001 9.750438e-001 9.751344e-001 -1.953380e+000 3.485503e-001 8.258620e+001
8.900000e-001 9.724973e-001 9.472507e-001 9.718281e-001 9.720563e-001 -1.948216e+000 3.868617e-001 7.557552e+001
9.000000e-001 9.697864e-001 9.421851e-001 9.691542e-001 9.693031e-001 -1.943073e+000 4.238767e-001 7.171081e+001
9.100000e-001 9.661097e-001 9.354990e-001 9.653135e-001 9.656479e-001 -1.937242e+000 4.908876e-001 6.518090e+001
9.200000e-001 9.668943e-001 9.369239e-001 9.660260e-001 9.664615e-001 -1.938405e+000 4.682893e-001 6.648285e+001
9.300000e-001 9.632800e-001 9.301076e-001 9.624823e-001 9.627563e-001 -1.931326e+000 5.020917e-001 6.383111e+001
9.400000e-001 9.602145e-001 9.245175e-001 9.591448e-001 9.595443e-001 -1.927182e+000 5.189464e-001 5.894273e+001
9.500000e-001 9.582728e-001 9.210061e-001 9.573281e-001 9.577146e-001 -1.922550e+000 5.743444e-001 5.850570e+001
9.600000e-001 9.547812e-001 9.144982e-001 9.536719e-001 9.542193e-001 -1.916463e+000 5.862782e-001 5.579665e+001
9.700000e-001 9.529240e-001 9.112281e-001 9.517156e-001 9.524635e-001 -1.913141e+000 6.148577e-001 5.370095e+001
9.800000e-001 9.468104e-001 8.999679e-001 9.455635e-001 9.459057e-001 -1.902403e+000 6.720725e-001 5.082955e+001
9.900000e-001 9.412958e-001 8.905642e-001 9.395906e-001 9.407974e-001 -1.894543e+000 7.675269e-001 4.618120e+001
1.000000e+000 9.367562e-001 8.823930e-001 9.348271e-001 9.362958e-001 -1.886335e+000 8.162626e-001 4.366019e+001
1.010000e+000 9.330936e-001 8.755836e-001 9.313021e-001 9.325859e-001 -1.879589e+000 8.132983e-001 4.297025e+001
1.020000e+000 9.284909e-001 8.676330e-001 9.263104e-001 9.280760e-001 -1.872241e+000 8.934039e-001 4.073976e+001
1.030000e+000 9.216816e-001 8.557707e-001 9.192188e-001 9.209745e-001 -1.860555e+000 9.741078e-001 3.878847e+001
1.040000e+000 9.160989e-001 8.460898e-001 9.133813e-001 9.155880e-001 -1.851808e+000 9.918918e-001 3.659999e+001
1.050000e+000 9.099822e-001 8.358125e-001 9.067094e-001 9.096188e-001 -1.841629e+000 1.082027e+000 3.452022e+001
1.060000e+000 9.078366e-001 8.315132e-001 9.045625e-001 9.070802e-001 -1.838000e+000 1.031806e+000 3.478002e+001
1.070000e+000 8.981547e-001 8.160688e-001 8.950240e-001 8.978406e-001 -1.822396e+000 1.209520e+000 3.142665e+001
1.080000e+000 8.862003e-001 7.965859e-001 8.825771e-001 8.860995e-001 -1.805841e+000 1.324219e+000 2.898212e+001
1.090000e+000 8.742902e-001 7.772208e-001 8.697865e-001 8.750688e-001 -1.786147e+000 1.490509e+000 2.678485e+001
1.100000e+000 8.681740e-001 7.686038e-001 8.626167e-001 8.685276e-001 -1.777911e+000 1.651270e+000 2.570191e+001
1.110000e+000 8.552760e-001 7.457567e-001 8.498344e-001 8.563927e-001 -1.756227e+000 1.522610e+000 2.416480e+001
1.120000e+000 8.432340e-001 7.293793e-001 8.367302e-001 8.446677e-001 -1.740439e+000 1.807744e+000 2.251361e+001
1.130000e+000 8.256873e-001 7.044345e-001 8.180531e-001 8.286172e-001 -1.715520e+000 2.079251e+000 2.024348e+001
1.140000e+000 8.127261e-001 6.870004e-001 8.045552e-001 8.158589e-001 -1.699499e+000 2.307508e+000 1.911155e+001
1.150000e+000 7.987114e-001 6.657477e-001 7.893354e-001 8.029276e-001 -1.678816e+000 2.326696e+000 1.789565e+001
1.160000e+000 7.931781e-001 6.577205e-001 7.828646e-001 7.970479e-001 -1.668544e+000 2.452964e+000 1.780227e+001
1.170000e+000 7.605324e-001 6.155208e-001 7.492104e-001 7.667052e-001 -1.624855e+000 2.930098e+000 1.556531e+001
1.180000e+000 7.384278e-001 5.829814e-001 7.250167e-001 7.455313e-001 -1.591958e+000 2.851456e+000 1.460671e+001
1.190000e+000 7.320677e-001 5.817494e-001 7.190573e-001 7.420865e-001 -1.588869e+000 3.483001e+000 1.388957e+001
1.200000e+000 6.846681e-001 5.232255e-001 6.671323e-001 6.963500e-001 -1.524461e+000 3.897329e+000 1.218181e+001
1.210000e+000 6.579153e-001 4.893712e-001 6.399438e-001 6.734318e-001 -1.490371e+000 3.891486e+000 1.118289e+001
1.220000e+000 6.471154e-001 4.742085e-001 6.276187e-001 6.618469e-001 -1.474759e+000 3.756420e+000 1.086400e+001
1.230000e+000 6.046181e-001 4.309476e-001 5.825896e-001 6.249099e-001 -1.426985e+000 4.192867e+000 9.649000e+000
1.240000e+000 5.503832e-001 3.788305e-001 5.249750e-001 5.734891e-001 -1.349454e+000 5.037438e+000 8.559821e+000
1.250000e+000 5.488411e-001 3.753152e-001 5.223854e-001 5.736786e-001 -1.350155e+000 4.747946e+000 8.502639e+000
1.260000e+000 4.818678e-001 3.100022e-001 4.474156e-001 5.113927e-001 -1.260753e+000 5.088480e+000 7.340750e+000
1.270000e+000 4.578998e-001 2.857532e-001 4.247760e-001 4.902120e-001 -1.233223e+000 4.789740e+000 6.892326e+000
1.280000e+000 4.361458e-001 2.616655e-001 4.023646e-001 4.681286e-001 -1.197047e+000 4.404734e+000 6.679457e+000
1.290000e+000 3.839760e-001 2.195107e-001 3.472271e-001 4.189365e-001 -1.135127e+000 4.574555e+000 5.863566e+000
1.300000e+000 3.703659e-001 2.024727e-001 3.301969e-001 4.071932e-001 -1.113880e+000 4.050681e+000 5.656942e+000
1.310000e+000 3.441810e-001 1.811889e-001 3.025521e-001 3.815250e-001 -1.077864e+000 3.872303e+000 5.359375e+000
1.320000e+000 3.132860e-001 1.547905e-001 2.726167e-001 3.546010e-001 -1.041268e+000 3.450034e+000 4.905121e+000
1.330000e+000 3.103317e-001 1.503579e-001 2.673448e-001 3.505724e-001 -1.026444e+000 3.200303e+000 4.951907e+000
1.340000e+000 2.751731e-001 1.268342e-001 2.315625e-001 3.149255e-001 -9.790146e-001 3.233497e+000 4.549788e+000
1.350000e+000 2.394114e-001 9.894902e-002 1.927083e-001 2.819172e-001 -9.223115e-001 2.744369e+000 4.117257e+000
1.360000e+000 2.208472e-001 8.475458e-002 1.671625e-001 2.646339e-001 -9.020698e-001 2.363013e+000 3.875039e+000
1.370000e+000 2.119882e-001 8.185361e-002 1.663719e-001 2.562271e-001 -8.863969e-001 2.574607e+000 3.761704e+000
1.380000e+000 1.936025e-001 6.718629e-002 1.427104e-001 2.348307e-001 -8.566125e-001 2.062125e+000 3.595107e+000
1.390000e+000 1.824682e-001 6.104985e-002 1.304042e-001 2.213427e-001 -8.341188e-001 1.981103e+000 3.466528e+000
1.400000e+000 1.855793e-001 6.180640e-002 1.337990e-001 2.261828e-001 -8.325146e-001 1.966548e+000 3.522294e+000
1.410000e+000 1.769385e-001 5.736646e-002 1.240719e-001 2.187010e-001 -8.259813e-001 1.891145e+000 3.385301e+000
1.420000e+000 1.484148e-001 4.154277e-002 9.401979e-002 1.894448e-001 -7.782167e-001 1.581052e+000 3.018991e+000
1.430000e+000 1.443817e-001 3.990530e-002 9.331042e-002 1.854703e-001 -7.683865e-001 1.511736e+000 2.982153e+000
1.440000e+000 1.458125e-001 3.897136e-002 9.836146e-002 1.859750e-001 -7.692094e-001 1.389783e+000 3.020161e+000
1.450000e+000 1.379446e-001 3.449996e-002 8.946979e-002 1.786729e-001 -7.562406e-001 1.271117e+000 2.905741e+000
1.460000e+000 1.239420e-001 2.809851e-002 7.123646e-002 1.605234e-001 -7.314948e-001 1.177138e+000 2.744134e+000
1.470000e+000 1.265753e-001 2.921713e-002 7.659896e-002 1.644219e-001 -7.312365e-001 1.198601e+000 2.750526e+000
1.480000e+000 1.171293e-001 2.638022e-002 6.365417e-002 1.498193e-001 -6.962802e-001 1.219079e+000 2.692721e+000
1.490000e+000 1.054499e-001 1.974438e-002 4.988958e-002 1.390641e-001 -6.722313e-001 9.212493e-001 2.546525e+000
1.500000e+000 1.036579e-001 1.944290e-002 5.545104e-002 1.377240e-001 -6.809417e-001 1.027773e+000 2.484359e+000
1.510000e+000 1.010052e-001 1.834845e-002 5.360000e-002 1.379766e-001 -6.751948e-001 8.601034e-001 2.408806e+000
1.520000e+000 9.517249e-002 1.619419e-002 4.639167e-002 1.241911e-001 -6.675312e-001 8.012751e-001 2.343374e+000
1.530000e+000 1.010568e-001 1.833060e-002 4.865729e-002 1.346901e-001 -6.632146e-001 9.291030e-001 2.443748e+000
1.540000e+000 8.983815e-002 1.504459e-002 4.074167e-002 1.202276e-001 -6.391323e-001 7.595774e-001 2.325604e+000
1.550000e+000 9.388587e-002 1.652750e-002 4.163437e-002 1.238182e-001 -6.513104e-001 8.926360e-001 2.374368e+000
1.560000e+000 8.635449e-002 1.344345e-002 3.552604e-002 1.127719e-001 -6.193375e-001 7.063076e-001 2.298917e+000
1.570000e+000 8.723262e-002 1.351224e-002 3.579583e-002 1.197219e-001 -6.452302e-001 6.491723e-001 2.237652e+000
1.580000e+000 8.241934e-002 1.173777e-002 3.624479e-002 1.109385e-001 -6.072656e-001 7.001162e-001 2.212748e+000
1.590000e+000 7.654238e-002 1.018973e-002 2.814271e-002 1.031250e-001 -5.919448e-001 6.865465e-001 2.145139e+000
1.600000e+000 7.793493e-002 1.066416e-002 2.553125e-002 1.044849e-001 -5.987594e-001 6.599532e-001 2.136563e+000
1.610000e+000 7.769762e-002 1.095853e-002 2.644792e-002 1.036286e-001 -5.920375e-001 6.778410e-001 2.170449e+000
1.620000e+000 7.855518e-002 1.071166e-002 2.851875e-002 1.018615e-001 -6.059104e-001 6.639147e-001 2.178169e+000
1.630000e+000 7.797695e-002 1.064778e-002 2.855937e-002 1.016880e-001 -5.945229e-001 6.781140e-001 2.159931e+000
1.640000e+000 7.347321e-002 9.158639e-003 2.054583e-002 9.159010e-002 -5.721719e-001 5.690088e-001 2.132373e+000
1.650000e+000 7.473180e-002 9.391735e-003 2.641563e-002 9.830833e-002 -5.754823e-001 5.767507e-001 2.147755e+000
1.660000e+000 6.943291e-002 8.580770e-003 1.641146e-002 9.046771e-002 -5.686687e-001 6.185971e-001 2.018753e+000
1.670000e+000 6.786247e-002 8.061424e-003 2.202917e-002 9.131615e-002 -5.532281e-001 5.294937e-001 1.994214e+000
1.680000e+000 6.944173e-002 8.362496e-003 2.681979e-002 8.735104e-002 -5.500437e-001 5.315779e-001 2.073996e+000
1.690000e+000 6.220866e-002 6.867153e-003 1.601875e-002 7.939531e-002 -5.564052e-001 4.760577e-001 1.907602e+000
1.700000e+000 6.485719e-002 7.287060e-003 1.545625e-002 8.242344e-002 -5.403115e-001 5.338564e-001 1.990031e+000
1.710000e+000 6.341589e-002 7.043422e-003 1.782188e-002 8.199219e-002 -5.426802e-001 4.866187e-001 1.934612e+000
1.720000e+000 5.831820e-002 5.884408e-003 1.345938e-002 7.700417e-002 -5.074823e-001 4.927303e-001 1.889170e+000
1.730000e+000 6.171159e-002 6.602003e-003 1.308750e-002 7.965729e-002 -5.279708e-001 5.183993e-001 1.956362e+000
1.740000e+000 6.343141e-002 6.868929e-003 1.463542e-002 7.906354e-002 -5.347229e-001 4.899913e-001 1.965954e+000
1.750000e+000 5.857005e-002 6.007682e-003 1.644792e-002 7.149010e-002 -5.079094e-001 4.620518e-001 1.923732e+000
1.760000e+000 5.625013e-002 5.457311e-003 1.183646e-002 6.648490e-002 -4.951000e-001 4.256493e-001 1.890043e+000
1.770000e+000 5.786722e-002 5.918688e-003 1.489792e-002 7.637448e-002 -5.154823e-001 4.505080e-001 1.850641e+000
1.780000e+000 6.059040e-002 6.486932e-003 1.742396e-002 7.462865e-002 -5.144260e-001 4.684029e-001 1.950778e+000
1.790000e+000 5.881514e-002 5.862885e-003 1.417813e-002 7.520781e-002 -5.182510e-001 4.149656e-001 1.903176e+000
1.800000e+000 5.873298e-002 6.024458e-003 8.544792e-003 7.449531e-002 -4.978635e-001 4.397697e-001 1.930006e+000
1.810000e+000 5.567005e-002 5.388620e-003 1.054687e-002 6.791458e-002 -4.957760e-001 4.082220e-001 1.887235e+000
1.820000e+000 5.580156e-002 5.447004e-003 1.413438e-002 6.843906e-002 -4.805094e-001 4.350630e-001 1.866525e+000
1.830000e+000 5.655869e-002 5.763077e-003 9.276042e-003 6.338906e-002 -4.891521e-001 4.430557e-001 1.917486e+000
1.840000e+000 5.124528e-002 4.458373e-003 1.139375e-002 5.901458e-002 -4.731104e-001 3.545924e-001 1.772116e+000
1.850000e+000 5.559102e-002 5.410415e-003 1.170833e-002 6.816719e-002 -4.874375e-001 3.824543e-001 1.863211e+000
1.860000e+000 4.987233e-002 4.036414e-003 3.829167e-003 6.048229e-002 -4.732083e-001 3.161308e-001 1.769231e+000
1.870000e+000 5.300449e-002 4.951699e-003 1.133333e-002 6.139948e-002 -4.764427e-001 3.594815e-001 1.851379e+000
1.880000e+000 5.225758e-002 4.668962e-003 1.025104e-002 5.729844e-002 -4.801531e-001 3.526923e-001 1.814558e+000
1.890000e+000 5.085850e-002 4.247420e-003 5.910417e-003 5.846510e-002 -4.640010e-001 3.376806e-001 1.788453e+000
1.900000e+000 5.241478e-002 4.827040e-003 1.192187e-002 6.128542e-002 -4.662490e-001 3.610625e-001 1.836237e+000
1.910000e+000 4.466410e-002 3.380544e-003 -9.677083e-004 5.389167e-002 -4.559417e-001 3.612506e-001 1.612595e+000
1.920000e+000 4.536273e-002 3.568978e-003 7.330208e-003 5.196563e-002 -4.445708e-001 2.907211e-001 1.682191e+000
1.930000e+000 4.843538e-002 4.052261e-003 3.529167e-003 5.920990e-002 -4.477719e-001 3.481559e-001 1.767238e+000
1.940000e+000 4.315684e-002 3.229609e-003 4.895833e-003 4.912135e-002 -4.282094e-001 3.094849e-001 1.650908e+000
1.950000e+000 4.785065e-002 3.931100e-003 4.276042e-003 5.227187e-002 -4.459865e-001 3.023831e-001 1.766299e+000
1.960000e+000 4.465312e-002 3.373695e-003 8.280208e-003 4.651719e-002 -4.270927e-001 3.063198e-001 1.691451e+000
1.970000e+000 4.754316e-002 3.798109e-003 3.172917e-003 5.991771e-002 -4.410865e-001 3.100950e-001 1.751587e+000
1.980000e+000 4.509277e-002 3.553709e-003 1.177917e-002 4.659427e-002 -4.224167e-001 3.241366e-001 1.740102e+000
1.990000e+000 4.590286e-002 3.524900e-003 7.494792e-003 4.938333e-002 -4.464812e-001 2.848557e-001 1.687831e+000
2.000000e+000 4.438008e-002 3.181200e-003 4.504167e-003 5.000521e-002 -4.256052e-001 2.986393e-001 1.663726e+000
