# Temperature Magnetization2 Magnetization4 Correlation2 Correlation4 Energy Energy2 HeatCapacity CorrelationLength
0.000000e+000 1.000000e+000 1.000000e+000 1.000000e+000 1.000000e+000 -2.000000e+000 -1.#IND00e+000 4.382421e+016
1.000000e-002 1.000000e+000 1.000000e+000 1.000000e+000 1.000000e+000 -2.000000e+000 0.000000e+000 4.382421e+016
2.000000e-002 1.000000e+000 1.000000e+000 1.000000e+000 1.000000e+000 -2.000000e+000 0.000000e+000 4.382421e+016
3.000000e-002 1.000000e+000 1.000000e+000 1.000000e+000 1.000000e+000 -2.000000e+000 0.000000e+000 4.382421e+016
4.000000e-002 1.000000e+000 1.000000e+000 1.000000e+000 1.000000e+000 -2.000000e+000 0.000000e+000 4.382421e+016
5.000000e-002 1.000000e+000 1.000000e+000 1.000000e+000 1.000000e+000 -2.000000e+000 0.000000e+000 4.382421e+016
6.000000e-002 1.000000e+000 1.000000e+000 1.000000e+000 1.000000e+000 -2.000000e+000 0.000000e+000 4.382421e+016
7.000000e-002 1.000000e+000 1.000000e+000 1.000000e+000 1.000000e+000 -2.000000e+000 0.000000e+000 4.382421e+016
8.000000e-002 1.000000e+000 1.000000e+000 1.000000e+000 1.000000e+000 -2.000000e+000 0.000000e+000 4.382421e+016
9.000000e-002 1.000000e+000 1.000000e+000 1.000000e+000 1.000000e+000 -2.000000e+000 0.000000e+000 4.382421e+016
1.000000e-001 1.000000e+000 1.000000e+000 1.000000e+000 1.000000e+000 -2.000000e+000 0.000000e+000 4.382421e+016
1.100000e-001 1.000000e+000 1.000000e+000 1.000000e+000 1.000000e+000 -2.000000e+000 0.000000e+000 4.382421e+016
1.200000e-001 1.000000e+000 1.000000e+000 1.000000e+000 1.000000e+000 -2.000000e+000 0.000000e+000 4.382421e+016
1.300000e-001 1.000000e+000 1.000000e+000 1.000000e+000 1.000000e+000 -2.000000e+000 0.000000e+000 4.382421e+016
1.400000e-001 1.000000e+000 1.000000e+000 1.000000e+000 1.000000e+000 -2.000000e+000 0.000000e+000 4.382421e+016
1.500000e-001 1.000000e+000 1.000000e+000 1.000000e+000 1.000000e+000 -2.000000e+000 0.000000e+000 4.382421e+016
1.600000e-001 1.000000e+000 1.000000e+000 1.000000e+000 1.000000e+000 -2.000000e+000 0.000000e+000 4.382421e+016
1.700000e-001 1.000000e+000 1.000000e+000 1.000000e+000 1.000000e+000 -2.000000e+000 0.000000e+000 4.382421e+016
1.800000e-001 1.000000e+000 1.000000e+000 1.000000e+000 1.000000e+000 -2.000000e+000 0.000000e+000 4.382421e+016
1.900000e-001 1.000000e+000 1.000000e+000 1.000000e+000 1.000000e+000 -2.000000e+000 0.000000e+000 4.382421e+016
2.000000e-001 1.000000e+000 1.000000e+000 1.000000e+000 1.000000e+000 -2.000000e+000 0.000000e+000 4.382421e+016
2.100000e-001 1.000000e+000 1.000000e+000 1.000000e+000 1.000000e+000 -2.000000e+000 0.000000e+000 4.382421e+016
2.200000e-001 1.000000e+000 1.000000e+000 1.000000e+000 1.000000e+000 -2.000000e+000 0.000000e+000 4.382421e+016
2.300000e-001 1.000000e+000 1.000000e+000 1.000000e+000 1.000000e+000 -2.000000e+000 0.000000e+000 4.382421e+016
2.400000e-001 1.000000e+000 1.000000e+000 1.000000e+000 1.000000e+000 -2.000000e+000 0.000000e+000 4.382421e+016
2.500000e-001 1.000000e+000 1.000000e+000 1.000000e+000 1.000000e+000 -2.000000e+000 0.000000e+000 4.382421e+016
2.600000e-001 1.000000e+000 1.000000e+000 1.000000e+000 1.000000e+000 -2.000000e+000 0.000000e+000 4.382421e+016
2.700000e-001 1.000000e+000 1.000000e+000 1.000000e+000 1.000000e+000 -2.000000e+000 0.000000e+000 4.382421e+016
2.800000e-001 1.000000e+000 1.000000e+000 1.000000e+000 1.000000e+000 -2.000000e+000 0.000000e+000 4.382421e+016
2.900000e-001 9.999241e-001 9.998514e-001 9.999229e-001 9.999229e-001 -1.999846e+000 9.758634e-003 1.683598e+003
3.000000e-001 1.000000e+000 1.000000e+000 1.000000e+000 1.000000e+000 -2.000000e+000 0.000000e+000 4.382421e+016
3.100000e-001 1.000000e+000 1.000000e+000 1.000000e+000 1.000000e+000 -2.000000e+000 0.000000e+000 4.382421e+016
3.200000e-001 1.000000e+000 1.000000e+000 1.000000e+000 1.000000e+000 -2.000000e+000 0.000000e+000 4.382421e+016
3.300000e-001 1.000000e+000 1.000000e+000 1.000000e+000 1.000000e+000 -2.000000e+000 0.000000e+000 4.382421e+016
3.400000e-001 1.000000e+000 1.000000e+000 1.000000e+000 1.000000e+000 -2.000000e+000 0.000000e+000 4.382421e+016
3.500000e-001 9.999877e-001 9.999759e-001 9.999875e-001 9.999875e-001 -1.999975e+000 1.088109e-003 4.180976e+003
3.600000e-001 1.000000e+000 1.000000e+000 1.000000e+000 1.000000e+000 -2.000000e+000 0.000000e+000 4.382421e+016
3.700000e-001 1.000000e+000 1.000000e+000 1.000000e+000 1.000000e+000 -2.000000e+000 0.000000e+000 4.382421e+016
3.800000e-001 1.000000e+000 1.000000e+000 1.000000e+000 1.000000e+000 -2.000000e+000 0.000000e+000 4.382421e+016
3.900000e-001 9.999754e-001 9.999518e-001 9.999750e-001 9.999750e-001 -1.999950e+000 1.752181e-003 2.956378e+003
4.000000e-001 1.000000e+000 1.000000e+000 1.000000e+000 1.000000e+000 -2.000000e+000 0.000000e+000 4.382421e+016
4.100000e-001 1.000000e+000 1.000000e+000 1.000000e+000 1.000000e+000 -2.000000e+000 0.000000e+000 4.382421e+016
4.200000e-001 9.999282e-001 9.998594e-001 9.999271e-001 9.999271e-001 -1.999854e+000 4.401455e-003 1.731036e+003
4.300000e-001 9.999918e-001 9.999839e-001 9.999917e-001 9.999917e-001 -1.999983e+000 4.806442e-004 5.120639e+003
4.400000e-001 9.999426e-001 9.998875e-001 9.999417e-001 9.999417e-001 -1.999883e+000 3.209458e-003 1.935372e+003
4.500000e-001 9.999057e-001 9.998152e-001 9.999042e-001 9.999042e-001 -1.999808e+000 5.036401e-003 1.509929e+003
4.600000e-001 9.999323e-001 9.998674e-001 9.999313e-001 9.999313e-001 -1.999863e+000 3.459940e-003 1.782724e+003
4.700000e-001 9.999200e-001 9.998433e-001 9.999188e-001 9.999188e-001 -1.999838e+000 3.915693e-003 1.639858e+003
4.800000e-001 9.998770e-001 9.997590e-001 9.998750e-001 9.998750e-001 -1.999750e+000 5.769676e-003 1.322067e+003
4.900000e-001 9.998482e-001 9.997027e-001 9.998458e-001 9.998458e-001 -1.999692e+000 6.823657e-003 1.190438e+003
5.000000e-001 9.997067e-001 9.994255e-001 9.997021e-001 9.997021e-001 -1.999404e+000 1.262023e-002 8.562956e+002
5.100000e-001 9.996985e-001 9.994094e-001 9.996938e-001 9.996938e-001 -1.999388e+000 1.246696e-002 8.445615e+002
5.200000e-001 9.997767e-001 9.995630e-001 9.997729e-001 9.997729e-001 -1.999552e+000 8.972073e-003 9.585696e+002
5.300000e-001 9.996803e-001 9.993744e-001 9.996750e-001 9.996750e-001 -1.999358e+000 1.232659e-002 8.024553e+002
5.400000e-001 9.993434e-001 9.987179e-001 9.993313e-001 9.993313e-001 -1.998717e+000 2.459662e-002 5.355954e+002
5.500000e-001 9.996698e-001 9.993532e-001 9.996646e-001 9.996646e-001 -1.999329e+000 1.173215e-002 8.069948e+002
5.600000e-001 9.994217e-001 9.988671e-001 9.994125e-001 9.994125e-001 -1.998825e+000 1.970123e-002 6.096840e+002
5.700000e-001 9.991879e-001 9.984091e-001 9.991750e-001 9.991750e-001 -1.998350e+000 2.654897e-002 5.144350e+002
5.800000e-001 9.993296e-001 9.986871e-001 9.993188e-001 9.993188e-001 -1.998643e+000 2.135400e-002 5.624961e+002
5.900000e-001 9.988235e-001 9.976979e-001 9.988042e-001 9.988042e-001 -1.997629e+000 3.648772e-002 4.209964e+002
6.000000e-001 9.991759e-001 9.983864e-001 9.991625e-001 9.991625e-001 -1.998335e+000 2.439938e-002 5.052428e+002
6.100000e-001 9.985461e-001 9.971523e-001 9.985229e-001 9.985229e-001 -1.997046e+000 4.119956e-002 3.843389e+002
6.200000e-001 9.985416e-001 9.971499e-001 9.985167e-001 9.985167e-001 -1.997059e+000 4.320056e-002 3.792263e+002
6.300000e-001 9.982368e-001 9.965529e-001 9.982063e-001 9.982063e-001 -1.996483e+000 4.751453e-002 3.376295e+002
6.400000e-001 9.979070e-001 9.959097e-001 9.978719e-001 9.978745e-001 -1.995802e+000 5.613863e-002 3.140928e+002
6.500000e-001 9.977975e-001 9.956938e-001 9.977604e-001 9.977661e-001 -1.995554e+000 5.744645e-002 3.082809e+002
6.600000e-001 9.973960e-001 9.949072e-001 9.973521e-001 9.973557e-001 -1.994766e+000 6.345165e-002 2.813367e+002
6.700000e-001 9.968035e-001 9.937466e-001 9.967583e-001 9.967500e-001 -1.993548e+000 7.444654e-002 2.554242e+002
6.800000e-001 9.963901e-001 9.929667e-001 9.963354e-001 9.963224e-001 -1.992923e+000 8.535202e-002 2.253812e+002
6.900000e-001 9.959490e-001 9.920991e-001 9.958729e-001 9.958750e-001 -1.991969e+000 9.253948e-002 2.175887e+002
7.000000e-001 9.958843e-001 9.919725e-001 9.958062e-001 9.958068e-001 -1.991918e+000 8.952635e-002 2.137735e+002
7.100000e-001 9.952941e-001 9.908282e-001 9.952146e-001 9.952057e-001 -1.990655e+000 1.062263e-001 2.077854e+002
7.200000e-001 9.940496e-001 9.884129e-001 9.939396e-001 9.939469e-001 -1.988214e+000 1.296927e-001 1.800880e+002
7.300000e-001 9.937444e-001 9.878267e-001 9.936188e-001 9.936240e-001 -1.987676e+000 1.334219e-001 1.752361e+002
7.400000e-001 9.939374e-001 9.881918e-001 9.938240e-001 9.938271e-001 -1.988011e+000 1.236510e-001 1.788760e+002
7.500000e-001 9.927034e-001 9.858139e-001 9.926521e-001 9.926016e-001 -1.985558e+000 1.507839e-001 1.618839e+002
7.600000e-001 9.915865e-001 9.836605e-001 9.914094e-001 9.914562e-001 -1.983564e+000 1.630121e-001 1.472720e+002
7.700000e-001 9.911407e-001 9.827846e-001 9.909771e-001 9.909875e-001 -1.982482e+000 1.678811e-001 1.467039e+002
7.800000e-001 9.905347e-001 9.816399e-001 9.903333e-001 9.903464e-001 -1.981452e+000 1.832158e-001 1.410972e+002
7.900000e-001 9.884313e-001 9.776210e-001 9.881573e-001 9.882672e-001 -1.977731e+000 2.057431e-001 1.198841e+002
8.000000e-001 9.882632e-001 9.772606e-001 9.880302e-001 9.880729e-001 -1.976998e+000 2.171251e-001 1.258965e+002
8.100000e-001 9.873192e-001 9.754175e-001 9.870490e-001 9.871057e-001 -1.975126e+000 2.183201e-001 1.210758e+002
8.200000e-001 9.838799e-001 9.689748e-001 9.834885e-001 9.837083e-001 -1.969349e+000 2.876501e-001 9.839603e+001
8.300000e-001 9.826753e-001 9.666775e-001 9.822771e-001 9.824042e-001 -1.966894e+000 3.063685e-001 9.666681e+001
8.400000e-001 9.826777e-001 9.666243e-001 9.822719e-001 9.823109e-001 -1.966780e+000 2.956412e-001 9.906508e+001
8.500000e-001 9.800447e-001 9.615952e-001 9.796323e-001 9.797146e-001 -1.961946e+000 3.173907e-001 9.099920e+001
8.600000e-001 9.772580e-001 9.564005e-001 9.767177e-001 9.768958e-001 -1.957455e+000 3.610613e-001 8.171800e+001
8.700000e-001 9.777072e-001 9.572005e-001 9.772563e-001 9.774510e-001 -1.957639e+000 3.517541e-001 8.437552e+001
8.800000e-001 9.746196e-001 9.513485e-001 9.739823e-001 9.742370e-001 -1.951693e+000 3.829541e-001 7.873373e+001
8.900000e-001 9.729841e-001 9.482207e-001 9.723271e-001 9.725714e-001 -1.948775e+000 3.976912e-001 7.688568e+001
9.000000e-001 9.702590e-001 9.432259e-001 9.695510e-001 9.697172e-001 -1.943978e+000 4.683663e-001 7.375932e+001
9.100000e-001 9.695726e-001 9.417084e-001 9.689229e-001 9.690698e-001 -1.942067e+000 4.084669e-001 7.293982e+001
9.200000e-001 9.653921e-001 9.341293e-001 9.645615e-001 9.648797e-001 -1.934670e+000 5.034983e-001 6.648608e+001
9.300000e-001 9.631260e-001 9.297544e-001 9.622844e-001 9.625411e-001 -1.930392e+000 4.950246e-001 6.486988e+001
9.400000e-001 9.613064e-001 9.264120e-001 9.602719e-001 9.608141e-001 -1.927771e+000 5.016476e-001 6.195852e+001
9.500000e-001 9.598674e-001 9.238021e-001 9.588688e-001 9.591604e-001 -1.925171e+000 5.365581e-001 6.082381e+001
9.600000e-001 9.547652e-001 9.148755e-001 9.537229e-001 9.542682e-001 -1.916803e+000 6.472502e-001 5.460029e+001
9.700000e-001 9.531965e-001 9.118827e-001 9.518844e-001 9.526490e-001 -1.914190e+000 6.092560e-001 5.336951e+001
9.800000e-001 9.472269e-001 9.012099e-001 9.459677e-001 9.465203e-001 -1.903547e+000 7.279769e-001 5.003984e+001
9.900000e-001 9.443451e-001 8.953915e-001 9.428875e-001 9.434328e-001 -1.897132e+000 6.853428e-001 5.009683e+001
1.000000e+000 9.394703e-001 8.869136e-001 9.378042e-001 9.386302e-001 -1.889850e+000 7.583977e-001 4.632703e+001
1.010000e+000 9.369284e-001 8.828599e-001 9.351823e-001 9.362510e-001 -1.886216e+000 8.497405e-001 4.454885e+001
1.020000e+000 9.246334e-001 8.605848e-001 9.223365e-001 9.240057e-001 -1.865852e+000 8.781075e-001 3.920505e+001
1.030000e+000 9.224222e-001 8.568909e-001 9.205344e-001 9.215734e-001 -1.861695e+000 9.320539e-001 3.896246e+001
1.040000e+000 9.163099e-001 8.465827e-001 9.136677e-001 9.152578e-001 -1.850730e+000 1.055757e+000 3.778315e+001
1.050000e+000 9.149600e-001 8.435855e-001 9.124198e-001 9.143500e-001 -1.848071e+000 9.691254e-001 3.681562e+001
1.060000e+000 9.046630e-001 8.263569e-001 9.020656e-001 9.041490e-001 -1.832400e+000 1.104305e+000 3.379271e+001
1.070000e+000 8.935292e-001 8.082928e-001 8.893917e-001 8.933224e-001 -1.817595e+000 1.223148e+000 3.018919e+001
1.080000e+000 8.873752e-001 7.987980e-001 8.835521e-001 8.869724e-001 -1.807108e+000 1.346463e+000 2.908260e+001
1.090000e+000 8.694016e-001 7.695524e-001 8.642823e-001 8.697208e-001 -1.778277e+000 1.572423e+000 2.615601e+001
1.100000e+000 8.646481e-001 7.627893e-001 8.591698e-001 8.654495e-001 -1.773368e+000 1.620697e+000 2.504867e+001
1.110000e+000 8.501336e-001 7.405031e-001 8.443604e-001 8.520458e-001 -1.750760e+000 1.811644e+000 2.288732e+001
1.120000e+000 8.371856e-001 7.225505e-001 8.303469e-001 8.400682e-001 -1.734063e+000 1.920036e+000 2.112059e+001
1.130000e+000 8.398212e-001 7.255006e-001 8.331573e-001 8.409323e-001 -1.735191e+000 1.991014e+000 2.216335e+001
1.140000e+000 8.213743e-001 6.957453e-001 8.134792e-001 8.238516e-001 -1.707145e+000 1.955057e+000 2.022268e+001
1.150000e+000 8.045081e-001 6.749097e-001 7.952885e-001 8.082891e-001 -1.687035e+000 2.378540e+000 1.845832e+001
1.160000e+000 8.036936e-001 6.722662e-001 7.939573e-001 8.071536e-001 -1.684879e+000 2.197311e+000 1.845158e+001
1.170000e+000 7.691230e-001 6.282324e-001 7.573760e-001 7.751505e-001 -1.638664e+000 2.875287e+000 1.591240e+001
1.180000e+000 7.442973e-001 5.934315e-001 7.321417e-001 7.518036e-001 -1.603545e+000 2.975445e+000 1.465438e+001
1.190000e+000 7.211038e-001 5.653712e-001 7.066406e-001 7.305026e-001 -1.575232e+000 3.265164e+000 1.357878e+001
1.200000e+000 7.095356e-001 5.522121e-001 6.958740e-001 7.202083e-001 -1.556134e+000 3.537936e+000 1.300370e+001
1.210000e+000 6.630610e-001 4.907704e-001 6.452667e-001 6.778958e-001 -1.496538e+000 3.443514e+000 1.137657e+001
1.220000e+000 6.373220e-001 4.619992e-001 6.172000e-001 6.528849e-001 -1.464193e+000 3.770621e+000 1.061509e+001
1.230000e+000 6.252657e-001 4.535612e-001 6.068531e-001 6.424068e-001 -1.446470e+000 4.220298e+000 1.023861e+001
1.240000e+000 5.543788e-001 3.751498e-001 5.284646e-001 5.762557e-001 -1.352313e+000 4.410784e+000 8.727421e+000
1.250000e+000 5.335083e-001 3.603476e-001 5.077146e-001 5.588271e-001 -1.328049e+000 4.912425e+000 8.226435e+000
1.260000e+000 4.779761e-001 3.018943e-001 4.469979e-001 5.076026e-001 -1.254926e+000 4.749154e+000 7.311493e+000
1.270000e+000 4.221050e-001 2.569074e-001 3.880573e-001 4.534880e-001 -1.179684e+000 5.096161e+000 6.466041e+000
1.280000e+000 4.169458e-001 2.439870e-001 3.814823e-001 4.495776e-001 -1.177744e+000 4.300310e+000 6.350947e+000
1.290000e+000 4.200770e-001 2.486480e-001 3.856167e-001 4.535443e-001 -1.177193e+000 4.528725e+000 6.401550e+000
1.300000e+000 3.815237e-001 2.137792e-001 3.430427e-001 4.175792e-001 -1.121372e+000 4.246522e+000 5.904571e+000
1.310000e+000 3.376229e-001 1.789001e-001 2.971219e-001 3.756604e-001 -1.065055e+000 4.146239e+000 5.308204e+000
1.320000e+000 2.978961e-001 1.437345e-001 2.547208e-001 3.381672e-001 -1.012310e+000 3.509311e+000 4.809700e+000
1.330000e+000 2.910200e-001 1.385838e-001 2.478104e-001 3.288078e-001 -1.002187e+000 3.467614e+000 4.735516e+000
1.340000e+000 2.614680e-001 1.145716e-001 2.151937e-001 3.023688e-001 -9.619583e-001 2.983469e+000 4.404140e+000
1.350000e+000 2.361666e-001 9.912767e-002 1.890083e-001 2.764214e-001 -9.217844e-001 2.787682e+000 4.096419e+000
1.360000e+000 2.170218e-001 8.328326e-002 1.708990e-001 2.577182e-001 -8.839312e-001 2.527760e+000 3.880681e+000
1.370000e+000 2.172596e-001 8.331998e-002 1.711781e-001 2.610109e-001 -8.953896e-001 2.435909e+000 3.817495e+000
1.380000e+000 1.893071e-001 6.308557e-002 1.391531e-001 2.357995e-001 -8.560677e-001 1.865435e+000 3.455576e+000
1.390000e+000 1.687228e-001 5.201263e-002 1.196448e-001 2.095292e-001 -8.038135e-001 1.969712e+000 3.311984e+000
1.400000e+000 1.686561e-001 5.040717e-002 1.118771e-001 2.129234e-001 -8.265063e-001 1.579110e+000 3.248479e+000
1.410000e+000 1.607069e-001 4.791141e-002 1.125490e-001 2.018182e-001 -7.963917e-001 1.687261e+000 3.187152e+000
1.420000e+000 1.410133e-001 3.820766e-002 8.654062e-002 1.834974e-001 -7.638208e-001 1.533150e+000 2.941617e+000
1.430000e+000 1.461826e-001 3.865332e-002 9.671458e-002 1.878859e-001 -7.693813e-001 1.406391e+000 3.008446e+000
1.440000e+000 1.413865e-001 3.765809e-002 8.798125e-002 1.818526e-001 -7.680927e-001 1.386520e+000 2.942551e+000
1.450000e+000 1.340396e-001 3.333451e-002 8.197813e-002 1.748667e-001 -7.470906e-001 1.269969e+000 2.853746e+000
1.460000e+000 1.313633e-001 3.191510e-002 7.999479e-002 1.716172e-001 -7.503469e-001 1.210514e+000 2.790461e+000
1.470000e+000 1.260373e-001 3.067240e-002 8.003542e-002 1.639630e-001 -7.251813e-001 1.275722e+000 2.772279e+000
1.480000e+000 1.147160e-001 2.451956e-002 6.485833e-002 1.505880e-001 -7.022365e-001 1.051297e+000 2.648604e+000
1.490000e+000 1.095761e-001 2.196664e-002 5.874375e-002 1.472005e-001 -6.869094e-001 1.063439e+000 2.556933e+000
1.500000e+000 1.081774e-001 2.164595e-002 5.836250e-002 1.390922e-001 -6.872010e-001 9.886166e-001 2.564725e+000
1.510000e+000 9.785169e-002 1.816450e-002 4.662083e-002 1.291016e-001 -6.605490e-001 9.620804e-001 2.438554e+000
1.520000e+000 1.006740e-001 1.871713e-002 5.260625e-002 1.317917e-001 -6.609552e-001 9.654604e-001 2.456264e+000
1.530000e+000 1.037725e-001 1.957950e-002 5.547396e-002 1.331281e-001 -6.678875e-001 9.261949e-001 2.519921e+000
1.540000e+000 9.071781e-002 1.621665e-002 3.973542e-002 1.207349e-001 -6.373302e-001 8.734605e-001 2.334541e+000
1.550000e+000 9.178337e-002 1.476783e-002 4.855833e-002 1.222781e-001 -6.486042e-001 7.610569e-001 2.319902e+000
1.560000e+000 9.677673e-002 1.673330e-002 4.399167e-002 1.283214e-001 -6.516510e-001 8.103469e-001 2.409021e+000
1.570000e+000 9.058223e-002 1.512039e-002 4.140417e-002 1.227729e-001 -6.323562e-001 8.429294e-001 2.323573e+000
1.580000e+000 8.023724e-002 1.102773e-002 2.995833e-002 1.087443e-001 -6.068323e-001 6.788929e-001 2.166615e+000
1.590000e+000 8.305765e-002 1.201479e-002 3.108958e-002 1.075349e-001 -6.164792e-001 6.786434e-001 2.224469e+000
1.600000e+000 8.333786e-002 1.319718e-002 3.745625e-002 1.077229e-001 -6.028635e-001 8.061028e-001 2.247273e+000
1.610000e+000 7.413034e-002 1.014160e-002 2.560104e-002 1.013010e-001 -5.854542e-001 6.402910e-001 2.099514e+000
1.620000e+000 7.486589e-002 9.875670e-003 2.635833e-002 9.968281e-002 -5.938385e-001 5.578649e-001 2.088988e+000
1.630000e+000 7.287223e-002 9.898662e-003 2.782604e-002 9.655729e-002 -5.792021e-001 6.441883e-001 2.097487e+000
1.640000e+000 7.453242e-002 1.036438e-002 2.745625e-002 1.020906e-001 -5.955583e-001 6.324842e-001 2.091648e+000
1.650000e+000 6.905596e-002 8.092119e-003 2.075313e-002 9.215156e-002 -5.720208e-001 5.077946e-001 2.006370e+000
1.660000e+000 6.827435e-002 7.893796e-003 2.269063e-002 9.075052e-002 -5.579292e-001 5.393861e-001 2.022021e+000
1.670000e+000 6.811976e-002 8.379392e-003 2.181042e-002 9.126510e-002 -5.596135e-001 5.733409e-001 2.019548e+000
1.680000e+000 6.972679e-002 9.015431e-003 2.571979e-002 9.131042e-002 -5.581313e-001 5.681466e-001 2.069596e+000
1.690000e+000 6.470658e-002 7.537994e-003 1.459583e-002 8.083542e-002 -5.440823e-001 6.213223e-001 1.978384e+000
1.700000e+000 6.472679e-002 7.393881e-003 1.325104e-002 8.327656e-002 -5.458021e-001 4.663168e-001 1.960428e+000
1.710000e+000 6.804769e-002 8.041407e-003 2.254271e-002 8.612031e-002 -5.500510e-001 5.606253e-001 2.025096e+000
1.720000e+000 6.057874e-002 6.602917e-003 1.699479e-002 7.764479e-002 -5.223802e-001 5.091645e-001 1.906702e+000
1.730000e+000 6.198737e-002 6.651352e-003 1.777500e-002 7.817552e-002 -5.122281e-001 5.058624e-001 1.967321e+000
1.740000e+000 5.732028e-002 5.691523e-003 1.283125e-002 7.433021e-002 -5.198031e-001 4.513632e-001 1.825255e+000
1.750000e+000 6.249486e-002 6.730770e-003 1.945313e-002 8.103073e-002 -5.328375e-001 4.450847e-001 1.941461e+000
1.760000e+000 5.869382e-002 6.060616e-003 1.024583e-002 7.737812e-002 -5.144000e-001 4.514449e-001 1.887672e+000
1.770000e+000 5.850029e-002 5.761741e-003 1.593854e-002 7.334219e-002 -5.075979e-001 4.207620e-001 1.907958e+000
1.780000e+000 5.803949e-002 5.980557e-003 1.517604e-002 7.091875e-002 -4.964875e-001 4.889734e-001 1.919628e+000
1.790000e+000 5.875840e-002 5.905020e-003 1.467396e-002 7.193385e-002 -4.936385e-001 4.670579e-001 1.951334e+000
1.800000e+000 5.334150e-002 4.767592e-003 1.585521e-002 6.599792e-002 -4.813417e-001 4.580427e-001 1.810423e+000
1.810000e+000 5.203877e-002 4.545961e-003 9.150000e-003 6.391667e-002 -4.835656e-001 3.334780e-001 1.787965e+000
1.820000e+000 5.774238e-002 5.750894e-003 1.438958e-002 7.192656e-002 -5.018208e-001 4.632438e-001 1.922180e+000
1.830000e+000 5.676260e-002 5.345332e-003 8.832292e-003 6.553750e-002 -4.907375e-001 3.623580e-001 1.924916e+000
1.840000e+000 5.261976e-002 4.592996e-003 1.176979e-002 6.369479e-002 -4.925010e-001 3.644798e-001 1.789563e+000
1.850000e+000 5.162878e-002 4.782480e-003 7.989583e-003 6.032760e-002 -4.634740e-001 4.615978e-001 1.816039e+000
1.860000e+000 4.961960e-002 4.356150e-003 7.923958e-003 5.950000e-002 -4.661375e-001 3.470590e-001 1.741563e+000
1.870000e+000 4.881585e-002 4.113312e-003 7.126042e-003 6.042760e-002 -4.653271e-001 3.316867e-001 1.719319e+000
1.880000e+000 5.123630e-002 4.358085e-003 6.515625e-003 6.068490e-002 -4.661260e-001 3.729632e-001 1.819683e+000
1.890000e+000 5.054922e-002 4.264464e-003 3.645833e-003 6.149531e-002 -4.642865e-001 3.499840e-001 1.802966e+000
1.900000e+000 5.028617e-002 4.271942e-003 1.242292e-002 5.647552e-002 -4.586542e-001 3.497035e-001 1.809706e+000
1.910000e+000 4.920505e-002 4.008925e-003 1.206146e-002 5.829740e-002 -4.559177e-001 3.223939e-001 1.770556e+000
1.920000e+000 4.950729e-002 4.203017e-003 1.074375e-002 5.328958e-002 -4.505437e-001 3.291287e-001 1.823738e+000
1.930000e+000 4.681751e-002 3.720180e-003 5.079167e-003 5.401406e-002 -4.340167e-001 3.352271e-001 1.735114e+000
1.940000e+000 4.722646e-002 3.738713e-003 9.447917e-003 5.966250e-002 -4.418240e-001 3.498038e-001 1.734160e+000
1.950000e+000 4.938392e-002 4.245989e-003 1.298125e-002 5.930781e-002 -4.544000e-001 3.305388e-001 1.788247e+000
1.960000e+000 4.868271e-002 3.855788e-003 1.065833e-002 5.735781e-002 -4.466656e-001 3.214314e-001 1.772819e+000
1.970000e+000 4.491390e-002 3.446608e-003 4.921875e-003 5.275781e-002 -4.352635e-001 2.975579e-001 1.653237e+000
1.980000e+000 4.529453e-002 3.465554e-003 -1.596875e-003 4.927500e-002 -4.277240e-001 2.801745e-001 1.711963e+000
1.990000e+000 4.417168e-002 3.285972e-003 7.656250e-004 4.474844e-002 -4.265781e-001 2.886902e-001 1.695143e+000
2.000000e+000 4.444027e-002 3.404371e-003 5.098958e-003 5.032448e-002 -4.265240e-001 2.993443e-001 1.688964e+000
