# Temperature Magnetization2 Magnetization4 Correlation2 Correlation4 Energy Energy2 HeatCapacity CorrelationLength
0.000000e+000 1.000000e+000 1.000000e+000 1.000000e+000 1.000000e+000 -2.000000e+000 -1.#IND00e+000 4.382421e+016
1.000000e-002 1.000000e+000 1.000000e+000 1.000000e+000 1.000000e+000 -2.000000e+000 0.000000e+000 4.382421e+016
2.000000e-002 1.000000e+000 1.000000e+000 1.000000e+000 1.000000e+000 -2.000000e+000 0.000000e+000 4.382421e+016
3.000000e-002 1.000000e+000 1.000000e+000 1.000000e+000 1.000000e+000 -2.000000e+000 0.000000e+000 4.382421e+016
4.000000e-002 1.000000e+000 1.000000e+000 1.000000e+000 1.000000e+000 -2.000000e+000 0.000000e+000 4.382421e+016
5.000000e-002 1.000000e+000 1.000000e+000 1.000000e+000 1.000000e+000 -2.000000e+000 0.000000e+000 4.382421e+016
6.000000e-002 1.000000e+000 1.000000e+000 1.000000e+000 1.000000e+000 -2.000000e+000 0.000000e+000 4.382421e+016
7.000000e-002 1.000000e+000 1.000000e+000 1.000000e+000 1.000000e+000 -2.000000e+000 0.000000e+000 4.382421e+016
8.000000e-002 1.000000e+000 1.000000e+000 1.000000e+000 1.000000e+000 -2.000000e+000 0.000000e+000 4.382421e+016
9.000000e-002 1.000000e+000 1.000000e+000 1.000000e+000 1.000000e+000 -2.000000e+000 0.000000e+000 4.382421e+016
1.000000e-001 1.000000e+000 1.000000e+000 1.000000e+000 1.000000e+000 -2.000000e+000 0.000000e+000 4.382421e+016
1.100000e-001 1.000000e+000 1.000000e+000 1.000000e+000 1.000000e+000 -2.000000e+000 0.000000e+000 4.382421e+016
1.200000e-001 1.000000e+000 1.000000e+000 1.000000e+000 1.000000e+000 -2.000000e+000 0.000000e+000 4.382421e+016
1.300000e-001 1.000000e+000 1.000000e+000 1.000000e+000 1.000000e+000 -2.000000e+000 0.000000e+000 4.382421e+016
1.400000e-001 1.000000e+000 1.000000e+000 1.000000e+000 1.000000e+000 -2.000000e+000 0.000000e+000 4.382421e+016
1.500000e-001 1.000000e+000 1.000000e+000 1.000000e+000 1.000000e+000 -2.000000e+000 0.000000e+000 4.382421e+016
1.600000e-001 1.000000e+000 1.000000e+000 1.000000e+000 1.000000e+000 -2.000000e+000 0.000000e+000 4.382421e+016
1.700000e-001 1.000000e+000 1.000000e+000 1.000000e+000 1.000000e+000 -2.000000e+000 0.000000e+000 4.382421e+016
1.800000e-001 1.000000e+000 1.000000e+000 1.000000e+000 1.000000e+000 -2.000000e+000 0.000000e+000 4.382421e+016
1.900000e-001 1.000000e+000 1.000000e+000 1.000000e+000 1.000000e+000 -2.000000e+000 0.000000e+000 4.382421e+016
2.000000e-001 1.000000e+000 1.000000e+000 1.000000e+000 1.000000e+000 -2.000000e+000 0.000000e+000 4.382421e+016
2.100000e-001 1.000000e+000 1.000000e+000 1.000000e+000 1.000000e+000 -2.000000e+000 0.000000e+000 4.382421e+016
2.200000e-001 1.000000e+000 1.000000e+000 1.000000e+000 1.000000e+000 -2.000000e+000 0.000000e+000 4.382421e+016
2.300000e-001 1.000000e+000 1.000000e+000 1.000000e+000 1.000000e+000 -2.000000e+000 0.000000e+000 4.382421e+016
2.400000e-001 1.000000e+000 1.000000e+000 1.000000e+000 1.000000e+000 -2.000000e+000 0.000000e+000 4.382421e+016
2.500000e-001 1.000000e+000 1.000000e+000 1.000000e+000 1.000000e+000 -2.000000e+000 0.000000e+000 4.382421e+016
2.600000e-001 1.000000e+000 1.000000e+000 1.000000e+000 1.000000e+000 -2.000000e+000 0.000000e+000 4.382421e+016
2.700000e-001 1.000000e+000 1.000000e+000 1.000000e+000 1.000000e+000 -2.000000e+000 0.000000e+000 4.382421e+016
2.800000e-001 1.000000e+000 1.000000e+000 1.000000e+000 1.000000e+000 -2.000000e+000 0.000000e+000 4.382421e+016
2.900000e-001 1.000000e+000 1.000000e+000 1.000000e+000 1.000000e+000 -2.000000e+000 0.000000e+000 4.382421e+016
3.000000e-001 1.000000e+000 1.000000e+000 1.000000e+000 1.000000e+000 -2.000000e+000 0.000000e+000 4.382421e+016
3.100000e-001 1.000000e+000 1.000000e+000 1.000000e+000 1.000000e+000 -2.000000e+000 0.000000e+000 4.382421e+016
3.200000e-001 1.000000e+000 1.000000e+000 1.000000e+000 1.000000e+000 -2.000000e+000 0.000000e+000 4.382421e+016
3.300000e-001 1.000000e+000 1.000000e+000 1.000000e+000 1.000000e+000 -2.000000e+000 0.000000e+000 4.382421e+016
3.400000e-001 1.000000e+000 1.000000e+000 1.000000e+000 1.000000e+000 -2.000000e+000 0.000000e+000 4.382421e+016
3.500000e-001 1.000000e+000 1.000000e+000 1.000000e+000 1.000000e+000 -2.000000e+000 0.000000e+000 4.382421e+016
3.600000e-001 1.000000e+000 1.000000e+000 1.000000e+000 1.000000e+000 -2.000000e+000 0.000000e+000 4.382421e+016
3.700000e-001 1.000000e+000 1.000000e+000 1.000000e+000 1.000000e+000 -2.000000e+000 0.000000e+000 4.382421e+016
3.800000e-001 1.000000e+000 1.000000e+000 1.000000e+000 1.000000e+000 -2.000000e+000 0.000000e+000 4.382421e+016
3.900000e-001 1.000000e+000 1.000000e+000 1.000000e+000 1.000000e+000 -2.000000e+000 0.000000e+000 4.382421e+016
4.000000e-001 1.000000e+000 1.000000e+000 1.000000e+000 1.000000e+000 -2.000000e+000 0.000000e+000 4.382421e+016
4.100000e-001 9.999651e-001 9.999317e-001 9.999646e-001 9.999646e-001 -1.999929e+000 2.245429e-003 2.483841e+003
4.200000e-001 9.999979e-001 9.999960e-001 9.999979e-001 9.999979e-001 -1.999996e+000 1.259700e-004 1.024131e+004
4.300000e-001 1.000000e+000 1.000000e+000 1.000000e+000 1.000000e+000 -2.000000e+000 0.000000e+000 4.382421e+016
4.400000e-001 9.998893e-001 9.997831e-001 9.998875e-001 9.998875e-001 -1.999775e+000 6.181612e-003 1.393589e+003
4.500000e-001 9.999364e-001 9.998755e-001 9.999354e-001 9.999354e-001 -1.999871e+000 3.396647e-003 1.839336e+003
4.600000e-001 9.999918e-001 9.999839e-001 9.999917e-001 9.999917e-001 -1.999983e+000 4.199958e-004 5.120639e+003
4.700000e-001 9.999241e-001 9.998514e-001 9.999229e-001 9.999229e-001 -1.999846e+000 3.715261e-003 1.683598e+003
4.800000e-001 9.998197e-001 9.996474e-001 9.998167e-001 9.998167e-001 -1.999638e+000 8.861068e-003 1.071050e+003
4.900000e-001 9.998544e-001 9.997148e-001 9.998521e-001 9.998521e-001 -1.999704e+000 6.548008e-003 1.215332e+003
5.000000e-001 9.997744e-001 9.995581e-001 9.997708e-001 9.997708e-001 -1.999542e+000 9.724000e-003 9.763606e+002
5.100000e-001 9.996001e-001 9.992166e-001 9.995937e-001 9.995937e-001 -1.999187e+000 1.649782e-002 7.332484e+002
5.200000e-001 9.997293e-001 9.994697e-001 9.997250e-001 9.997250e-001 -1.999450e+000 1.077653e-002 8.912709e+002
5.300000e-001 9.997047e-001 9.994215e-001 9.997000e-001 9.997000e-001 -1.999400e+000 1.130993e-002 8.533163e+002
5.400000e-001 9.994898e-001 9.990017e-001 9.994813e-001 9.994813e-001 -1.998977e+000 1.887948e-002 6.338198e+002
5.500000e-001 9.995058e-001 9.990318e-001 9.994979e-001 9.994979e-001 -1.998996e+000 1.749098e-002 6.595371e+002
5.600000e-001 9.995140e-001 9.990479e-001 9.995062e-001 9.995062e-001 -1.999012e+000 1.659521e-002 6.650823e+002
5.700000e-001 9.994267e-001 9.988791e-001 9.994167e-001 9.994167e-001 -1.998849e+000 1.990334e-002 5.898465e+002
5.800000e-001 9.989333e-001 9.979145e-001 9.989146e-001 9.989146e-001 -1.997867e+000 3.414538e-002 4.308313e+002
5.900000e-001 9.988191e-001 9.976882e-001 9.988000e-001 9.988000e-001 -1.997600e+000 3.698881e-002 4.296631e+002
6.000000e-001 9.985709e-001 9.972124e-001 9.985438e-001 9.985438e-001 -1.997217e+000 4.420919e-002 3.604179e+002
6.100000e-001 9.987623e-001 9.975783e-001 9.987417e-001 9.987448e-001 -1.997500e+000 3.630297e-002 4.108271e+002
6.200000e-001 9.979804e-001 9.960564e-001 9.979437e-001 9.979458e-001 -1.996014e+000 5.688773e-002 3.102892e+002
6.300000e-001 9.979199e-001 9.959420e-001 9.978812e-001 9.978875e-001 -1.995840e+000 6.227569e-002 3.151559e+002
6.400000e-001 9.976735e-001 9.954563e-001 9.976313e-001 9.976313e-001 -1.995416e+000 6.075222e-002 2.881237e+002
6.500000e-001 9.978671e-001 9.958359e-001 9.978323e-001 9.978323e-001 -1.995705e+000 5.881342e-002 3.101456e+002
6.600000e-001 9.974196e-001 9.949682e-001 9.973708e-001 9.973828e-001 -1.994912e+000 6.486368e-002 2.705325e+002
6.700000e-001 9.972478e-001 9.946250e-001 9.972000e-001 9.972000e-001 -1.994467e+000 6.933966e-002 2.735567e+002
6.800000e-001 9.970061e-001 9.941626e-001 9.969479e-001 9.969479e-001 -1.994146e+000 7.007755e-002 2.487560e+002
6.900000e-001 9.959683e-001 9.921538e-001 9.958865e-001 9.959427e-001 -1.992082e+000 9.850358e-002 2.127621e+002
7.000000e-001 9.952270e-001 9.907121e-001 9.951292e-001 9.951667e-001 -1.990616e+000 1.136873e-001 2.016079e+002
7.100000e-001 9.945334e-001 9.893574e-001 9.944510e-001 9.944260e-001 -1.989190e+000 1.251319e-001 1.861252e+002
7.200000e-001 9.939672e-001 9.882587e-001 9.938438e-001 9.938786e-001 -1.988148e+000 1.278749e-001 1.745029e+002
7.300000e-001 9.937036e-001 9.877296e-001 9.935990e-001 9.935870e-001 -1.987475e+000 1.299315e-001 1.763872e+002
7.400000e-001 9.929241e-001 9.862276e-001 9.927927e-001 9.928068e-001 -1.986048e+000 1.440326e-001 1.642475e+002
7.500000e-001 9.925548e-001 9.855209e-001 9.924031e-001 9.924240e-001 -1.985404e+000 1.493955e-001 1.575643e+002
7.600000e-001 9.909569e-001 9.824156e-001 9.907771e-001 9.907995e-001 -1.982167e+000 1.732631e-001 1.454228e+002
7.700000e-001 9.898170e-001 9.802713e-001 9.896125e-001 9.896422e-001 -1.980325e+000 1.968202e-001 1.310091e+002
7.800000e-001 9.894806e-001 9.795990e-001 9.892948e-001 9.892776e-001 -1.979505e+000 1.941470e-001 1.307314e+002
7.900000e-001 9.884168e-001 9.775363e-001 9.881687e-001 9.882292e-001 -1.977509e+000 2.057461e-001 1.249513e+002
8.000000e-001 9.877712e-001 9.762980e-001 9.875875e-001 9.875516e-001 -1.976210e+000 2.155149e-001 1.213446e+002
8.100000e-001 9.874202e-001 9.756408e-001 9.871406e-001 9.871833e-001 -1.975528e+000 2.184477e-001 1.203719e+002
8.200000e-001 9.844561e-001 9.700595e-001 9.841167e-001 9.841911e-001 -1.970333e+000 2.791834e-001 1.031394e+002
8.300000e-001 9.843669e-001 9.698072e-001 9.841042e-001 9.841120e-001 -1.969925e+000 2.616740e-001 1.039257e+002
8.400000e-001 9.808102e-001 9.630434e-001 9.805490e-001 9.804599e-001 -1.963104e+000 3.227182e-001 9.380459e+001
8.500000e-001 9.806469e-001 9.626297e-001 9.802885e-001 9.803948e-001 -1.962520e+000 2.946662e-001 9.469022e+001
8.600000e-001 9.776698e-001 9.571973e-001 9.772646e-001 9.773677e-001 -1.957871e+000 3.659977e-001 8.314512e+001
8.700000e-001 9.759589e-001 9.538094e-001 9.753448e-001 9.755505e-001 -1.954442e+000 3.621426e-001 8.183877e+001
8.800000e-001 9.772811e-001 9.562226e-001 9.768510e-001 9.768990e-001 -1.956271e+000 3.270094e-001 8.695779e+001
8.900000e-001 9.724184e-001 9.471924e-001 9.717792e-001 9.719036e-001 -1.948060e+000 4.047873e-001 7.498047e+001
9.000000e-001 9.708851e-001 9.443775e-001 9.701948e-001 9.704078e-001 -1.945017e+000 4.429192e-001 7.378886e+001
9.100000e-001 9.677503e-001 9.384187e-001 9.670885e-001 9.671443e-001 -1.939486e+000 4.382642e-001 6.875731e+001
9.200000e-001 9.670464e-001 9.370442e-001 9.662625e-001 9.664646e-001 -1.937948e+000 4.459685e-001 6.907115e+001
9.300000e-001 9.648151e-001 9.328845e-001 9.640365e-001 9.642250e-001 -1.933951e+000 4.583713e-001 6.587418e+001
9.400000e-001 9.615311e-001 9.271272e-001 9.606854e-001 9.610104e-001 -1.928998e+000 5.577264e-001 6.129640e+001
9.500000e-001 9.586620e-001 9.216393e-001 9.576490e-001 9.580479e-001 -1.923164e+000 5.491105e-001 5.864706e+001
9.600000e-001 9.560346e-001 9.169170e-001 9.549458e-001 9.554141e-001 -1.919008e+000 5.846404e-001 5.636857e+001
9.700000e-001 9.476618e-001 9.014574e-001 9.461583e-001 9.469948e-001 -1.904495e+000 6.482889e-001 5.022384e+001
9.800000e-001 9.452147e-001 8.973343e-001 9.434594e-001 9.446594e-001 -1.900523e+000 6.982979e-001 4.834590e+001
9.900000e-001 9.399446e-001 8.878915e-001 9.381385e-001 9.393573e-001 -1.891050e+000 7.695554e-001 4.590406e+001
1.000000e+000 9.383366e-001 8.845829e-001 9.366156e-001 9.375724e-001 -1.887961e+000 7.358828e-001 4.549951e+001
1.010000e+000 9.324324e-001 8.743799e-001 9.303927e-001 9.318219e-001 -1.877797e+000 8.612072e-001 4.350775e+001
1.020000e+000 9.271411e-001 8.656583e-001 9.252958e-001 9.265161e-001 -1.869016e+000 9.317714e-001 4.041937e+001
1.030000e+000 9.250493e-001 8.614697e-001 9.224177e-001 9.244271e-001 -1.865980e+000 8.950054e-001 3.970823e+001
1.040000e+000 9.153143e-001 8.442526e-001 9.128875e-001 9.148969e-001 -1.849743e+000 9.356087e-001 3.651169e+001
1.050000e+000 9.106769e-001 8.371734e-001 9.076219e-001 9.106016e-001 -1.843870e+000 1.048634e+000 3.439094e+001
1.060000e+000 9.066035e-001 8.299942e-001 9.035042e-001 9.062724e-001 -1.836878e+000 1.081081e+000 3.364886e+001
1.070000e+000 8.981769e-001 8.162191e-001 8.948021e-001 8.978984e-001 -1.823447e+000 1.178632e+000 3.132717e+001
1.080000e+000 8.842799e-001 7.924432e-001 8.804135e-001 8.840156e-001 -1.800461e+000 1.317307e+000 2.919056e+001
1.090000e+000 8.763979e-001 7.797474e-001 8.715313e-001 8.760932e-001 -1.788156e+000 1.409164e+000 2.774730e+001
1.100000e+000 8.658827e-001 7.646694e-001 8.604260e-001 8.667948e-001 -1.773172e+000 1.604710e+000 2.537222e+001
1.110000e+000 8.572692e-001 7.513848e-001 8.517479e-001 8.585615e-001 -1.762742e+000 1.642170e+000 2.365886e+001
1.120000e+000 8.505534e-001 7.403943e-001 8.448844e-001 8.518396e-001 -1.751536e+000 1.692182e+000 2.332103e+001
1.130000e+000 8.372109e-001 7.202987e-001 8.304865e-001 8.381958e-001 -1.732318e+000 1.889848e+000 2.181389e+001
1.140000e+000 8.141510e-001 6.891205e-001 8.055781e-001 8.174266e-001 -1.700387e+000 2.271881e+000 1.925881e+001
1.150000e+000 8.079371e-001 6.784210e-001 7.993156e-001 8.109370e-001 -1.689242e+000 2.195413e+000 1.891683e+001
1.160000e+000 7.818157e-001 6.434692e-001 7.714167e-001 7.870630e-001 -1.653318e+000 2.636760e+000 1.696489e+001
1.170000e+000 7.642226e-001 6.224018e-001 7.534427e-001 7.701818e-001 -1.630636e+000 3.092036e+000 1.582356e+001
1.180000e+000 7.291026e-001 5.766834e-001 7.157510e-001 7.372891e-001 -1.583695e+000 3.373180e+000 1.394194e+001
1.190000e+000 7.310416e-001 5.758788e-001 7.195740e-001 7.397583e-001 -1.583846e+000 3.126378e+000 1.407641e+001
1.200000e+000 6.937785e-001 5.255414e-001 6.774417e-001 7.049729e-001 -1.535957e+000 3.176590e+000 1.250116e+001
1.210000e+000 6.685376e-001 5.042214e-001 6.491958e-001 6.817729e-001 -1.505891e+000 3.939804e+000 1.152576e+001
1.220000e+000 6.312095e-001 4.570811e-001 6.123802e-001 6.484609e-001 -1.454856e+000 3.962668e+000 1.039662e+001
1.230000e+000 6.020150e-001 4.275103e-001 5.806271e-001 6.215036e-001 -1.418328e+000 4.191815e+000 9.663781e+000
1.240000e+000 5.810624e-001 4.044701e-001 5.578083e-001 6.009000e-001 -1.390381e+000 4.354693e+000 9.256465e+000
1.250000e+000 5.190175e-001 3.432713e-001 4.907115e-001 5.453016e-001 -1.311869e+000 4.764725e+000 7.921455e+000
1.260000e+000 5.248839e-001 3.475930e-001 4.955687e-001 5.497771e-001 -1.322338e+000 4.440552e+000 8.020897e+000
1.270000e+000 4.535482e-001 2.837429e-001 4.228927e-001 4.825089e-001 -1.219773e+000 5.081242e+000 6.946437e+000
1.280000e+000 4.472129e-001 2.713005e-001 4.124792e-001 4.782365e-001 -1.209881e+000 4.574752e+000 6.864954e+000
1.290000e+000 4.123096e-001 2.391155e-001 3.772802e-001 4.454391e-001 -1.164079e+000 4.441251e+000 6.292268e+000
1.300000e+000 3.549180e-001 1.896047e-001 3.154740e-001 3.942750e-001 -1.093387e+000 3.949428e+000 5.483126e+000
1.310000e+000 3.330781e-001 1.734727e-001 2.910104e-001 3.721984e-001 -1.064625e+000 3.824758e+000 5.212874e+000
1.320000e+000 2.895905e-001 1.363877e-001 2.428198e-001 3.306594e-001 -1.009119e+000 3.240483e+000 4.652135e+000
1.330000e+000 2.884682e-001 1.353000e-001 2.432302e-001 3.284089e-001 -9.965500e-001 3.337519e+000 4.687859e+000
1.340000e+000 2.669000e-001 1.165616e-001 2.214562e-001 3.087984e-001 -9.633302e-001 2.946589e+000 4.449309e+000
1.350000e+000 2.286041e-001 9.117829e-002 1.756260e-001 2.752083e-001 -9.208854e-001 2.496889e+000 3.913279e+000
1.360000e+000 2.282270e-001 9.042838e-002 1.828635e-001 2.718172e-001 -9.036260e-001 2.590631e+000 3.968608e+000
1.370000e+000 2.041492e-001 7.595019e-002 1.572844e-001 2.477391e-001 -8.772875e-001 2.367024e+000 3.676831e+000
1.380000e+000 1.791637e-001 5.882997e-002 1.285281e-001 2.250458e-001 -8.401260e-001 1.807851e+000 3.358486e+000
1.390000e+000 1.884953e-001 6.356635e-002 1.384979e-001 2.322901e-001 -8.501896e-001 2.001045e+000 3.481527e+000
1.400000e+000 1.553410e-001 4.620947e-002 1.076521e-001 1.952286e-001 -7.849281e-001 1.757515e+000 3.140423e+000
1.410000e+000 1.540340e-001 4.272181e-002 1.027042e-001 1.994474e-001 -7.923073e-001 1.448468e+000 3.074225e+000
1.420000e+000 1.420328e-001 3.632921e-002 8.784375e-002 1.858135e-001 -7.727198e-001 1.330168e+000 2.923834e+000
1.430000e+000 1.397089e-001 3.491026e-002 8.898333e-002 1.787766e-001 -7.590979e-001 1.320185e+000 2.926880e+000
1.440000e+000 1.419825e-001 3.783266e-002 9.435312e-002 1.807781e-001 -7.576594e-001 1.491879e+000 2.967792e+000
1.450000e+000 1.287413e-001 3.054545e-002 7.516562e-002 1.662698e-001 -7.338083e-001 1.263859e+000 2.807180e+000
1.460000e+000 1.282381e-001 2.929975e-002 7.627917e-002 1.675859e-001 -7.315615e-001 1.163391e+000 2.793025e+000
1.470000e+000 1.206063e-001 2.802522e-002 6.865521e-002 1.578036e-001 -7.144573e-001 1.298172e+000 2.709230e+000
1.480000e+000 1.224305e-001 2.789140e-002 6.926875e-002 1.615375e-001 -7.290437e-001 1.212769e+000 2.696829e+000
1.490000e+000 9.827282e-002 1.746524e-002 4.293750e-002 1.295146e-001 -6.574688e-001 9.611889e-001 2.428986e+000
1.500000e+000 1.030688e-001 1.967234e-002 5.181354e-002 1.348635e-001 -6.732573e-001 9.949799e-001 2.484839e+000
1.510000e+000 1.104146e-001 2.245628e-002 5.427812e-002 1.473240e-001 -6.932969e-001 9.889567e-001 2.587691e+000
1.520000e+000 9.851898e-002 1.821305e-002 4.916042e-002 1.318130e-001 -6.539323e-001 9.308672e-001 2.426443e+000
1.530000e+000 1.022855e-001 1.841251e-002 5.212188e-002 1.348938e-001 -6.607938e-001 9.002323e-001 2.516936e+000
1.540000e+000 9.282454e-002 1.608833e-002 4.520937e-002 1.216510e-001 -6.347229e-001 9.198793e-001 2.380322e+000
1.550000e+000 9.508428e-002 1.623737e-002 3.759479e-002 1.271099e-001 -6.455979e-001 7.861576e-001 2.411359e+000
1.560000e+000 8.417767e-002 1.255433e-002 3.068125e-002 1.122693e-001 -6.162583e-001 7.872064e-001 2.241051e+000
1.570000e+000 8.992340e-002 1.488520e-002 3.782604e-002 1.208807e-001 -6.454073e-001 8.138028e-001 2.294473e+000
1.580000e+000 8.530745e-002 1.327803e-002 3.638646e-002 1.117760e-001 -6.188771e-001 7.184559e-001 2.282106e+000
1.590000e+000 7.995775e-002 1.187685e-002 2.679271e-002 1.069552e-001 -6.071573e-001 7.671466e-001 2.178509e+000
1.600000e+000 7.794984e-002 1.052766e-002 3.056667e-002 1.085786e-001 -6.013875e-001 6.312685e-001 2.119235e+000
1.610000e+000 8.240882e-002 1.230715e-002 3.732813e-002 1.106339e-001 -6.119906e-001 6.356505e-001 2.216648e+000
1.620000e+000 7.438730e-002 9.711400e-003 2.899687e-002 1.019964e-001 -5.825146e-001 5.955790e-001 2.086991e+000
1.630000e+000 7.232542e-002 9.472593e-003 2.394375e-002 9.461667e-002 -5.789365e-001 6.462304e-001 2.073556e+000
1.640000e+000 7.276230e-002 9.322851e-003 2.658229e-002 9.597969e-002 -5.687146e-001 5.968227e-001 2.097818e+000
1.650000e+000 7.527601e-002 9.787239e-003 2.686979e-002 9.940677e-002 -5.769292e-001 6.543098e-001 2.138399e+000
1.660000e+000 6.632731e-002 7.862423e-003 1.751563e-002 8.726458e-002 -5.513260e-001 6.039447e-001 1.987673e+000
1.670000e+000 6.743171e-002 8.115956e-003 1.772708e-002 8.733698e-002 -5.472708e-001 6.218186e-001 2.030099e+000
1.680000e+000 6.593685e-002 7.466308e-003 1.988333e-002 8.646458e-002 -5.601500e-001 4.851405e-001 1.972941e+000
1.690000e+000 6.505817e-002 7.598145e-003 1.420208e-002 8.393125e-002 -5.371292e-001 5.890041e-001 2.008996e+000
1.700000e+000 6.331123e-002 6.917870e-003 2.115521e-002 7.820625e-002 -5.218698e-001 5.412349e-001 1.994690e+000
1.710000e+000 5.859144e-002 6.016291e-003 1.280104e-002 7.328594e-002 -5.140365e-001 4.805250e-001 1.896972e+000
1.720000e+000 6.165521e-002 6.553979e-003 1.501250e-002 7.717708e-002 -5.217844e-001 4.824489e-001 1.976133e+000
1.730000e+000 6.649395e-002 7.954719e-003 1.983333e-002 8.448021e-002 -5.536208e-001 4.814204e-001 2.004768e+000
1.740000e+000 6.567119e-002 7.646666e-003 2.595938e-002 8.176302e-002 -5.320823e-001 5.295376e-001 2.007058e+000
1.750000e+000 5.908649e-002 6.294490e-003 1.418333e-002 7.300729e-002 -5.075021e-001 4.773572e-001 1.912729e+000
1.760000e+000 5.924329e-002 6.173074e-003 1.258437e-002 7.552135e-002 -5.076583e-001 4.603732e-001 1.904126e+000
1.770000e+000 5.468356e-002 5.229470e-003 1.186146e-002 7.136927e-002 -5.067229e-001 4.423747e-001 1.790701e+000
1.780000e+000 5.832982e-002 5.977426e-003 1.698958e-002 7.072448e-002 -5.095583e-001 4.403572e-001 1.902816e+000
1.790000e+000 5.932285e-002 6.171509e-003 1.456979e-002 7.234896e-002 -5.115188e-001 4.739839e-001 1.928345e+000
1.800000e+000 5.502536e-002 5.254328e-003 1.391562e-002 6.992500e-002 -4.949740e-001 4.188422e-001 1.840754e+000
1.810000e+000 5.168262e-002 4.559391e-003 7.945833e-003 6.553802e-002 -4.854583e-001 3.674024e-001 1.750791e+000
1.820000e+000 5.325130e-002 4.658670e-003 1.592396e-002 6.761406e-002 -4.885490e-001 3.980559e-001 1.799569e+000
1.830000e+000 5.417799e-002 4.928759e-003 6.942708e-003 6.692344e-002 -4.917156e-001 3.904626e-001 1.826671e+000
1.840000e+000 5.350277e-002 5.033910e-003 1.108125e-002 6.705938e-002 -4.862042e-001 3.933776e-001 1.809784e+000
1.850000e+000 5.080703e-002 4.442517e-003 9.335417e-003 5.572188e-002 -4.604042e-001 4.096341e-001 1.810015e+000
1.860000e+000 5.246901e-002 4.605338e-003 8.969792e-003 6.863750e-002 -4.785375e-001 3.644391e-001 1.784156e+000
1.870000e+000 4.781325e-002 4.051439e-003 4.704167e-003 5.439219e-002 -4.547948e-001 3.547412e-001 1.748574e+000
1.880000e+000 4.954150e-002 4.169811e-003 1.264167e-002 5.836771e-002 -4.645510e-001 3.844687e-001 1.779784e+000
1.890000e+000 4.921058e-002 4.093516e-003 6.308333e-003 5.585781e-002 -4.605854e-001 3.706940e-001 1.769153e+000
1.900000e+000 5.071579e-002 4.408805e-003 1.143125e-002 6.047292e-002 -4.703198e-001 3.367446e-001 1.765150e+000
1.910000e+000 5.074814e-002 4.191804e-003 4.814583e-003 6.056979e-002 -4.535385e-001 3.497885e-001 1.828883e+000
1.920000e+000 4.731149e-002 3.841596e-003 7.075000e-003 5.673490e-002 -4.444875e-001 3.350047e-001 1.725565e+000
1.930000e+000 5.025833e-002 4.284999e-003 6.518750e-003 6.021198e-002 -4.565094e-001 3.196968e-001 1.791312e+000
1.940000e+000 4.950973e-002 4.206990e-003 1.007604e-002 5.665937e-002 -4.560469e-001 3.092201e-001 1.790502e+000
1.950000e+000 4.557340e-002 3.525844e-003 6.258333e-003 5.103125e-002 -4.327198e-001 3.061882e-001 1.691091e+000
1.960000e+000 4.750296e-002 3.878783e-003 7.991667e-003 5.888750e-002 -4.445563e-001 2.883049e-001 1.715353e+000
1.970000e+000 4.515225e-002 3.563403e-003 -1.958333e-004 5.027813e-002 -4.349792e-001 3.062710e-001 1.707683e+000
1.980000e+000 4.636950e-002 3.477684e-003 6.676042e-003 5.463906e-002 -4.551240e-001 2.750103e-001 1.661413e+000
1.990000e+000 4.596455e-002 3.551283e-003 7.434375e-003 5.427448e-002 -4.467000e-001 3.072179e-001 1.660036e+000
2.000000e+000 4.650101e-002 3.650346e-003 9.466667e-003 4.767344e-002 -4.359375e-001 3.032547e-001 1.750849e+000
