# Temperature Magnetization2 Magnetization4 Correlation2 Correlation4 Energy Energy2 HeatCapacity CorrelationLength
0.000000e+000 1.000000e+000 1.000000e+000 1.000000e+000 1.000000e+000 -2.000000e+000 -1.#IND00e+000 4.382421e+016
1.000000e-002 1.000000e+000 1.000000e+000 1.000000e+000 1.000000e+000 -2.000000e+000 0.000000e+000 4.382421e+016
2.000000e-002 1.000000e+000 1.000000e+000 1.000000e+000 1.000000e+000 -2.000000e+000 0.000000e+000 4.382421e+016
3.000000e-002 1.000000e+000 1.000000e+000 1.000000e+000 1.000000e+000 -2.000000e+000 0.000000e+000 4.382421e+016
4.000000e-002 1.000000e+000 1.000000e+000 1.000000e+000 1.000000e+000 -2.000000e+000 0.000000e+000 4.382421e+016
5.000000e-002 1.000000e+000 1.000000e+000 1.000000e+000 1.000000e+000 -2.000000e+000 0.000000e+000 4.382421e+016
6.000000e-002 1.000000e+000 1.000000e+000 1.000000e+000 1.000000e+000 -2.000000e+000 0.000000e+000 4.382421e+016
7.000000e-002 1.000000e+000 1.000000e+000 1.000000e+000 1.000000e+000 -2.000000e+000 0.000000e+000 4.382421e+016
8.000000e-002 1.000000e+000 1.000000e+000 1.000000e+000 1.000000e+000 -2.000000e+000 0.000000e+000 4.382421e+016
9.000000e-002 1.000000e+000 1.000000e+000 1.000000e+000 1.000000e+000 -2.000000e+000 0.000000e+000 4.382421e+016
1.000000e-001 1.000000e+000 1.000000e+000 1.000000e+000 1.000000e+000 -2.000000e+000 0.000000e+000 4.382421e+016
1.100000e-001 1.000000e+000 1.000000e+000 1.000000e+000 1.000000e+000 -2.000000e+000 0.000000e+000 4.382421e+016
1.200000e-001 1.000000e+000 1.000000e+000 1.000000e+000 1.000000e+000 -2.000000e+000 0.000000e+000 4.382421e+016
1.300000e-001 1.000000e+000 1.000000e+000 1.000000e+000 1.000000e+000 -2.000000e+000 0.000000e+000 4.382421e+016
1.400000e-001 1.000000e+000 1.000000e+000 1.000000e+000 1.000000e+000 -2.000000e+000 0.000000e+000 4.382421e+016
1.500000e-001 1.000000e+000 1.000000e+000 1.000000e+000 1.000000e+000 -2.000000e+000 0.000000e+000 4.382421e+016
1.600000e-001 1.000000e+000 1.000000e+000 1.000000e+000 1.000000e+000 -2.000000e+000 0.000000e+000 4.382421e+016
1.700000e-001 1.000000e+000 1.000000e+000 1.000000e+000 1.000000e+000 -2.000000e+000 0.000000e+000 4.382421e+016
1.800000e-001 1.000000e+000 1.000000e+000 1.000000e+000 1.000000e+000 -2.000000e+000 0.000000e+000 4.382421e+016
1.900000e-001 1.000000e+000 1.000000e+000 1.000000e+000 1.000000e+000 -2.000000e+000 0.000000e+000 4.382421e+016
2.000000e-001 1.000000e+000 1.000000e+000 1.000000e+000 1.000000e+000 -2.000000e+000 0.000000e+000 4.382421e+016
2.100000e-001 1.000000e+000 1.000000e+000 1.000000e+000 1.000000e+000 -2.000000e+000 0.000000e+000 4.382421e+016
2.200000e-001 1.000000e+000 1.000000e+000 1.000000e+000 1.000000e+000 -2.000000e+000 0.000000e+000 4.382421e+016
2.300000e-001 1.000000e+000 1.000000e+000 1.000000e+000 1.000000e+000 -2.000000e+000 0.000000e+000 4.382421e+016
2.400000e-001 1.000000e+000 1.000000e+000 1.000000e+000 1.000000e+000 -2.000000e+000 0.000000e+000 4.382421e+016
2.500000e-001 1.000000e+000 1.000000e+000 1.000000e+000 1.000000e+000 -2.000000e+000 0.000000e+000 4.382421e+016
2.600000e-001 1.000000e+000 1.000000e+000 1.000000e+000 1.000000e+000 -2.000000e+000 0.000000e+000 4.382421e+016
2.700000e-001 1.000000e+000 1.000000e+000 1.000000e+000 1.000000e+000 -2.000000e+000 0.000000e+000 4.382421e+016
2.800000e-001 1.000000e+000 1.000000e+000 1.000000e+000 1.000000e+000 -2.000000e+000 0.000000e+000 4.382421e+016
2.900000e-001 1.000000e+000 1.000000e+000 1.000000e+000 1.000000e+000 -2.000000e+000 0.000000e+000 4.382421e+016
3.000000e-001 1.000000e+000 1.000000e+000 1.000000e+000 1.000000e+000 -2.000000e+000 0.000000e+000 4.382421e+016
3.100000e-001 1.000000e+000 1.000000e+000 1.000000e+000 1.000000e+000 -2.000000e+000 0.000000e+000 4.382421e+016
3.200000e-001 1.000000e+000 1.000000e+000 1.000000e+000 1.000000e+000 -2.000000e+000 0.000000e+000 4.382421e+016
3.300000e-001 1.000000e+000 1.000000e+000 1.000000e+000 1.000000e+000 -2.000000e+000 0.000000e+000 4.382421e+016
3.400000e-001 1.000000e+000 1.000000e+000 1.000000e+000 1.000000e+000 -2.000000e+000 0.000000e+000 4.382421e+016
3.500000e-001 1.000000e+000 1.000000e+000 1.000000e+000 1.000000e+000 -2.000000e+000 0.000000e+000 4.382421e+016
3.600000e-001 9.999733e-001 9.999478e-001 9.999729e-001 9.999729e-001 -1.999946e+000 2.227632e-003 2.840393e+003
3.700000e-001 1.000000e+000 1.000000e+000 1.000000e+000 1.000000e+000 -2.000000e+000 0.000000e+000 4.382421e+016
3.800000e-001 1.000000e+000 1.000000e+000 1.000000e+000 1.000000e+000 -2.000000e+000 0.000000e+000 4.382421e+016
3.900000e-001 9.999938e-001 9.999879e-001 9.999937e-001 9.999937e-001 -1.999987e+000 4.382424e-004 5.912811e+003
4.000000e-001 9.999733e-001 9.999478e-001 9.999729e-001 9.999729e-001 -1.999946e+000 1.804382e-003 2.840393e+003
4.100000e-001 9.999877e-001 9.999759e-001 9.999875e-001 9.999875e-001 -1.999975e+000 7.929407e-004 4.180976e+003
4.200000e-001 9.999528e-001 9.999076e-001 9.999521e-001 9.999521e-001 -1.999904e+000 2.894123e-003 2.135412e+003
4.300000e-001 9.999754e-001 9.999518e-001 9.999750e-001 9.999750e-001 -1.999950e+000 1.441356e-003 2.956378e+003
4.400000e-001 9.999651e-001 9.999317e-001 9.999646e-001 9.999646e-001 -1.999929e+000 1.949673e-003 2.483841e+003
4.500000e-001 9.999508e-001 9.999036e-001 9.999500e-001 9.999500e-001 -1.999900e+000 2.630584e-003 2.090449e+003
4.600000e-001 9.998831e-001 9.997710e-001 9.998813e-001 9.998813e-001 -1.999763e+000 5.969077e-003 1.356416e+003
4.700000e-001 9.998605e-001 9.997268e-001 9.998583e-001 9.998583e-001 -1.999717e+000 6.817444e-003 1.241855e+003
4.800000e-001 9.997888e-001 9.995862e-001 9.997854e-001 9.997854e-001 -1.999571e+000 9.883251e-003 1.009000e+003
4.900000e-001 9.998072e-001 9.996224e-001 9.998042e-001 9.998042e-001 -1.999608e+000 8.659188e-003 1.056209e+003
5.000000e-001 9.997934e-001 9.995965e-001 9.997896e-001 9.997896e-001 -1.999596e+000 9.113738e-003 9.563363e+002
5.100000e-001 9.998359e-001 9.996786e-001 9.998333e-001 9.998333e-001 -1.999667e+000 6.807638e-003 1.144920e+003
5.200000e-001 9.996953e-001 9.994054e-001 9.996896e-001 9.996896e-001 -1.999379e+000 1.445512e-002 8.388728e+002
5.300000e-001 9.997375e-001 9.994858e-001 9.997333e-001 9.997333e-001 -1.999467e+000 1.006137e-002 9.050936e+002
5.400000e-001 9.995671e-001 9.991564e-001 9.995583e-001 9.995583e-001 -1.999175e+000 1.654015e-002 6.352465e+002
5.500000e-001 9.991570e-001 9.983538e-001 9.991417e-001 9.991417e-001 -1.998292e+000 3.394637e-002 5.227620e+002
5.600000e-001 9.992865e-001 9.986033e-001 9.992750e-001 9.992750e-001 -1.998550e+000 2.508112e-002 5.487950e+002
5.700000e-001 9.994484e-001 9.989198e-001 9.994396e-001 9.994396e-001 -1.998881e+000 1.829762e-002 6.222793e+002
5.800000e-001 9.993622e-001 9.987506e-001 9.993521e-001 9.993521e-001 -1.998704e+000 2.022486e-002 5.805453e+002
5.900000e-001 9.991969e-001 9.984301e-001 9.991833e-001 9.991833e-001 -1.998391e+000 2.577344e-002 5.039260e+002
6.000000e-001 9.990507e-001 9.981415e-001 9.990354e-001 9.990354e-001 -1.998071e+000 2.878281e-002 4.762543e+002
6.100000e-001 9.984074e-001 9.968902e-001 9.983792e-001 9.983792e-001 -1.996851e+000 4.738150e-002 3.501761e+002
6.200000e-001 9.983217e-001 9.967156e-001 9.982937e-001 9.982953e-001 -1.996602e+000 4.714406e-002 3.513894e+002
6.300000e-001 9.984234e-001 9.969207e-001 9.983958e-001 9.983958e-001 -1.996850e+000 4.508122e-002 3.577480e+002
6.400000e-001 9.978481e-001 9.957964e-001 9.978104e-001 9.978104e-001 -1.995690e+000 5.848473e-002 3.112268e+002
6.500000e-001 9.977983e-001 9.956965e-001 9.977604e-001 9.977604e-001 -1.995579e+000 5.702637e-002 3.054432e+002
6.600000e-001 9.974265e-001 9.949721e-001 9.973813e-001 9.973813e-001 -1.994793e+000 6.735760e-002 2.866828e+002
6.700000e-001 9.964179e-001 9.930067e-001 9.963542e-001 9.963552e-001 -1.992877e+000 8.689787e-002 2.356624e+002
6.800000e-001 9.966074e-001 9.933879e-001 9.965417e-001 9.965516e-001 -1.993277e+000 8.444256e-002 2.412608e+002
6.900000e-001 9.963768e-001 9.929445e-001 9.963073e-001 9.963495e-001 -1.992950e+000 8.435351e-002 2.232623e+002
7.000000e-001 9.954085e-001 9.910493e-001 9.953208e-001 9.953260e-001 -1.990956e+000 1.028434e-001 2.040470e+002
7.100000e-001 9.955588e-001 9.913442e-001 9.954729e-001 9.955000e-001 -1.991228e+000 9.785685e-002 2.069926e+002
7.200000e-001 9.949249e-001 9.901152e-001 9.948250e-001 9.948391e-001 -1.990040e+000 1.069166e-001 1.925776e+002
7.300000e-001 9.940986e-001 9.885102e-001 9.940125e-001 9.939964e-001 -1.988397e+000 1.230091e-001 1.777335e+002
7.400000e-001 9.943490e-001 9.889827e-001 9.942417e-001 9.942677e-001 -1.988670e+000 1.167609e-001 1.881596e+002
7.500000e-001 9.922854e-001 9.850045e-001 9.921594e-001 9.921620e-001 -1.984866e+000 1.522282e-001 1.544004e+002
7.600000e-001 9.917039e-001 9.838799e-001 9.915646e-001 9.915828e-001 -1.983761e+000 1.574094e-001 1.472663e+002
7.700000e-001 9.908670e-001 9.822523e-001 9.906792e-001 9.906969e-001 -1.982245e+000 1.669815e-001 1.412508e+002
7.800000e-001 9.890758e-001 9.788794e-001 9.888135e-001 9.889521e-001 -1.978869e+000 2.048449e-001 1.221315e+002
7.900000e-001 9.889306e-001 9.785302e-001 9.887396e-001 9.887604e-001 -1.978477e+000 1.984371e-001 1.274378e+002
8.000000e-001 9.874590e-001 9.756733e-001 9.872594e-001 9.872630e-001 -1.975388e+000 2.185371e-001 1.218733e+002
8.100000e-001 9.873286e-001 9.754458e-001 9.870625e-001 9.871229e-001 -1.975303e+000 2.170299e-001 1.194739e+002
8.200000e-001 9.867002e-001 9.742282e-001 9.864302e-001 9.864469e-001 -1.974041e+000 2.200248e-001 1.176660e+002
8.300000e-001 9.841733e-001 9.694682e-001 9.838448e-001 9.839130e-001 -1.969458e+000 2.802392e-001 1.051984e+002
8.400000e-001 9.829108e-001 9.670164e-001 9.825740e-001 9.826219e-001 -1.967178e+000 2.805692e-001 9.967054e+001
8.500000e-001 9.814809e-001 9.643528e-001 9.811802e-001 9.811771e-001 -1.964084e+000 3.039695e-001 9.551765e+001
8.600000e-001 9.795912e-001 9.606160e-001 9.791885e-001 9.792083e-001 -1.960496e+000 3.046101e-001 9.289230e+001
8.700000e-001 9.764675e-001 9.548136e-001 9.760062e-001 9.761031e-001 -1.955126e+000 3.717998e-001 8.333411e+001
8.800000e-001 9.741411e-001 9.504056e-001 9.735094e-001 9.736656e-001 -1.951010e+000 3.832231e-001 7.845969e+001
8.900000e-001 9.741775e-001 9.504529e-001 9.736760e-001 9.737750e-001 -1.950916e+000 3.794722e-001 7.966056e+001
9.000000e-001 9.693740e-001 9.416764e-001 9.685927e-001 9.690281e-001 -1.943316e+000 4.625009e-001 6.810039e+001
9.100000e-001 9.691700e-001 9.410622e-001 9.684750e-001 9.686432e-001 -1.941434e+000 4.415223e-001 7.162153e+001
9.200000e-001 9.660572e-001 9.353109e-001 9.653115e-001 9.655948e-001 -1.936534e+000 4.627475e-001 6.598944e+001
9.300000e-001 9.628060e-001 9.292685e-001 9.619510e-001 9.621484e-001 -1.930608e+000 5.144516e-001 6.314978e+001
9.400000e-001 9.602973e-001 9.246578e-001 9.593562e-001 9.598271e-001 -1.926465e+000 5.375647e-001 5.992354e+001
9.500000e-001 9.570663e-001 9.187321e-001 9.558667e-001 9.564406e-001 -1.920829e+000 5.673432e-001 5.685873e+001
9.600000e-001 9.550992e-001 9.149277e-001 9.538083e-001 9.545766e-001 -1.916474e+000 5.666553e-001 5.662893e+001
9.700000e-001 9.522355e-001 9.096669e-001 9.510146e-001 9.516062e-001 -1.911651e+000 5.800944e-001 5.395859e+001
9.800000e-001 9.457751e-001 8.985303e-001 9.442104e-001 9.450026e-001 -1.901488e+000 7.251244e-001 4.899254e+001
9.900000e-001 9.399229e-001 8.876670e-001 9.383885e-001 9.393156e-001 -1.890630e+000 7.663100e-001 4.614413e+001
1.000000e+000 9.357466e-001 8.803757e-001 9.340146e-001 9.349432e-001 -1.884224e+000 8.185034e-001 4.427143e+001
1.010000e+000 9.271775e-001 8.654972e-001 9.250292e-001 9.266797e-001 -1.870829e+000 8.959857e-001 3.962694e+001
1.020000e+000 9.295477e-001 8.691314e-001 9.275906e-001 9.289984e-001 -1.873199e+000 8.348065e-001 4.210536e+001
1.030000e+000 9.298211e-001 8.697171e-001 9.278385e-001 9.291109e-001 -1.873663e+000 8.249594e-001 4.196792e+001
1.040000e+000 9.164791e-001 8.469047e-001 9.140396e-001 9.160651e-001 -1.851972e+000 1.008543e+000 3.638392e+001
1.050000e+000 9.104247e-001 8.366091e-001 9.074844e-001 9.099286e-001 -1.842634e+000 1.066655e+000 3.484314e+001
1.060000e+000 8.993348e-001 8.173973e-001 8.959396e-001 8.988109e-001 -1.823790e+000 1.165372e+000 3.282014e+001
1.070000e+000 8.954445e-001 8.109739e-001 8.920521e-001 8.950828e-001 -1.818543e+000 1.167150e+000 3.125025e+001
1.080000e+000 8.820296e-001 7.911673e-001 8.775510e-001 8.824917e-001 -1.799911e+000 1.499189e+000 2.783240e+001
1.090000e+000 8.780385e-001 7.829515e-001 8.735021e-001 8.782755e-001 -1.791856e+000 1.378417e+000 2.766149e+001
1.100000e+000 8.634729e-001 7.597642e-001 8.576969e-001 8.636839e-001 -1.769361e+000 1.555936e+000 2.567001e+001
1.110000e+000 8.572018e-001 7.490977e-001 8.517635e-001 8.581833e-001 -1.759910e+000 1.539725e+000 2.434337e+001
1.120000e+000 8.475163e-001 7.351353e-001 8.418813e-001 8.492563e-001 -1.745903e+000 1.647330e+000 2.278531e+001
1.130000e+000 8.295828e-001 7.094030e-001 8.215417e-001 8.317630e-001 -1.722219e+000 2.023400e+000 2.074016e+001
1.140000e+000 8.353000e-001 7.182780e-001 8.285448e-001 8.365333e-001 -1.727907e+000 2.042224e+000 2.192425e+001
1.150000e+000 8.031184e-001 6.724802e-001 7.946229e-001 8.067365e-001 -1.685801e+000 2.367427e+000 1.842365e+001
1.160000e+000 7.945237e-001 6.611710e-001 7.850448e-001 7.985042e-001 -1.671461e+000 2.493051e+000 1.790201e+001
1.170000e+000 7.738297e-001 6.315507e-001 7.638708e-001 7.794083e-001 -1.641569e+000 2.691362e+000 1.635533e+001
1.180000e+000 7.306630e-001 5.740859e-001 7.177948e-001 7.384031e-001 -1.584793e+000 3.028170e+000 1.407602e+001
1.190000e+000 7.145142e-001 5.574443e-001 6.984604e-001 7.246745e-001 -1.567259e+000 3.427600e+000 1.323954e+001
1.200000e+000 6.939855e-001 5.334601e-001 6.785302e-001 7.067234e-001 -1.538944e+000 3.711879e+000 1.230888e+001
1.210000e+000 6.511303e-001 4.773315e-001 6.310000e-001 6.657281e-001 -1.479550e+000 3.635805e+000 1.107180e+001
1.220000e+000 6.556193e-001 4.835638e-001 6.370083e-001 6.694297e-001 -1.484320e+000 3.736488e+000 1.125974e+001
1.230000e+000 6.240945e-001 4.524773e-001 6.019052e-001 6.399099e-001 -1.444686e+000 4.278627e+000 1.034356e+001
1.240000e+000 5.631169e-001 3.837856e-001 5.392323e-001 5.836240e-001 -1.363316e+000 4.450894e+000 8.910325e+000
1.250000e+000 5.454370e-001 3.687999e-001 5.174083e-001 5.681370e-001 -1.341125e+000 4.531611e+000 8.527336e+000
1.260000e+000 5.064927e-001 3.306440e-001 4.729958e-001 5.341542e-001 -1.298564e+000 4.635754e+000 7.709349e+000
1.270000e+000 4.489320e-001 2.721792e-001 4.160990e-001 4.798563e-001 -1.214523e+000 4.420697e+000 6.831551e+000
1.280000e+000 4.479057e-001 2.719762e-001 4.168406e-001 4.786974e-001 -1.216653e+000 4.441050e+000 6.788495e+000
1.290000e+000 3.901869e-001 2.204067e-001 3.521167e-001 4.257365e-001 -1.140529e+000 4.238258e+000 5.970539e+000
1.300000e+000 3.553229e-001 1.884920e-001 3.153292e-001 3.950797e-001 -1.094681e+000 3.830574e+000 5.441373e+000
1.310000e+000 3.229457e-001 1.619750e-001 2.809271e-001 3.623828e-001 -1.050751e+000 3.564499e+000 5.099579e+000
1.320000e+000 3.138966e-001 1.585049e-001 2.738365e-001 3.504859e-001 -1.030335e+000 3.855075e+000 5.055044e+000
1.330000e+000 3.006369e-001 1.454028e-001 2.590125e-001 3.394750e-001 -1.008026e+000 3.552689e+000 4.895558e+000
1.340000e+000 2.579382e-001 1.120954e-001 2.130896e-001 3.006339e-001 -9.566042e-001 2.938882e+000 4.290783e+000
1.350000e+000 2.133471e-001 8.171488e-002 1.640896e-001 2.534266e-001 -8.897313e-001 2.491756e+000 3.815021e+000
1.360000e+000 2.294522e-001 8.903155e-002 1.809385e-001 2.732328e-001 -9.121250e-001 2.415927e+000 3.964201e+000
1.370000e+000 2.189421e-001 8.415557e-002 1.687750e-001 2.621250e-001 -8.970167e-001 2.367741e+000 3.851868e+000
1.380000e+000 2.051502e-001 7.348575e-002 1.602760e-001 2.483396e-001 -8.807396e-001 2.133852e+000 3.673260e+000
1.390000e+000 1.936223e-001 6.791498e-002 1.417490e-001 2.361625e-001 -8.603198e-001 2.021899e+000 3.587311e+000
1.400000e+000 1.800004e-001 6.154280e-002 1.322198e-001 2.201562e-001 -8.234396e-001 2.031933e+000 3.452401e+000
1.410000e+000 1.572915e-001 4.748521e-002 1.069677e-001 1.951766e-001 -7.864656e-001 1.740624e+000 3.198840e+000
1.420000e+000 1.402676e-001 3.811466e-002 8.579688e-002 1.824714e-001 -7.577531e-001 1.635320e+000 2.950046e+000
1.430000e+000 1.357831e-001 3.360949e-002 8.552917e-002 1.742630e-001 -7.587177e-001 1.295621e+000 2.855295e+000
1.440000e+000 1.257899e-001 2.912597e-002 7.342187e-002 1.627802e-001 -7.234156e-001 1.204199e+000 2.786375e+000
1.450000e+000 1.384682e-001 3.347207e-002 8.745417e-002 1.772750e-001 -7.608833e-001 1.180598e+000 2.896957e+000
1.460000e+000 1.268892e-001 3.052064e-002 7.914375e-002 1.635271e-001 -7.252865e-001 1.325212e+000 2.804139e+000
1.470000e+000 1.188042e-001 2.625090e-002 7.141146e-002 1.559010e-001 -7.216792e-001 1.149869e+000 2.653016e+000
1.480000e+000 1.082123e-001 2.140323e-002 5.901667e-002 1.409672e-001 -6.914219e-001 9.603689e-001 2.532726e+000
1.490000e+000 1.105691e-001 2.198440e-002 5.996875e-002 1.446500e-001 -6.930385e-001 1.039021e+000 2.573467e+000
1.500000e+000 1.034234e-001 1.939384e-002 4.898437e-002 1.379927e-001 -6.803063e-001 9.114675e-001 2.498869e+000
1.510000e+000 9.850326e-002 1.792370e-002 4.732604e-002 1.313370e-001 -6.611979e-001 9.297581e-001 2.407176e+000
1.520000e+000 1.021089e-001 2.001470e-002 5.040729e-002 1.375245e-001 -6.669937e-001 9.521794e-001 2.470760e+000
1.530000e+000 9.635098e-002 1.781432e-002 4.521354e-002 1.295786e-001 -6.582083e-001 9.144223e-001 2.371752e+000
1.540000e+000 9.765423e-002 1.680133e-002 4.727812e-002 1.329208e-001 -6.744521e-001 8.217184e-001 2.359030e+000
1.550000e+000 9.401162e-002 1.629680e-002 4.192813e-002 1.208094e-001 -6.369604e-001 9.295573e-001 2.387834e+000
1.560000e+000 8.790973e-002 1.370221e-002 4.138854e-002 1.195328e-001 -6.337542e-001 7.449473e-001 2.270259e+000
1.570000e+000 8.891572e-002 1.401848e-002 4.180312e-002 1.176370e-001 -6.294427e-001 7.444946e-001 2.312286e+000
1.580000e+000 7.991406e-002 1.136783e-002 3.322083e-002 1.059333e-001 -6.060021e-001 6.589671e-001 2.177586e+000
1.590000e+000 8.242982e-002 1.190247e-002 3.532708e-002 1.133047e-001 -6.130594e-001 6.556466e-001 2.192898e+000
1.600000e+000 7.694222e-002 1.073203e-002 2.527812e-002 1.033677e-001 -5.906354e-001 6.451720e-001 2.139599e+000
1.610000e+000 7.947337e-002 1.164360e-002 3.143750e-002 1.037276e-001 -6.055146e-001 7.074499e-001 2.190523e+000
1.620000e+000 7.774831e-002 1.062444e-002 2.751667e-002 1.005979e-001 -5.911563e-001 6.031474e-001 2.152899e+000
1.630000e+000 7.646784e-002 1.006886e-002 3.192813e-002 9.986198e-002 -5.876333e-001 6.496491e-001 2.146190e+000
1.640000e+000 6.954515e-002 8.687362e-003 2.035208e-002 8.921146e-002 -5.596323e-001 5.688093e-001 2.066520e+000
1.650000e+000 7.462708e-002 9.694811e-003 2.673229e-002 9.981823e-002 -5.761479e-001 5.764651e-001 2.113636e+000
1.660000e+000 7.155778e-002 9.065587e-003 2.965104e-002 9.410260e-002 -5.642594e-001 6.314285e-001 2.082047e+000
1.670000e+000 7.113656e-002 8.532912e-003 2.188125e-002 8.904687e-002 -5.685406e-001 5.344518e-001 2.072551e+000
1.680000e+000 6.862780e-002 8.301589e-003 1.910313e-002 8.681094e-002 -5.573510e-001 6.107397e-001 2.068222e+000
1.690000e+000 6.580752e-002 7.266857e-003 1.596667e-002 8.748021e-002 -5.341031e-001 5.041718e-001 2.019459e+000
1.700000e+000 6.456364e-002 7.101859e-003 1.891458e-002 7.976094e-002 -5.398542e-001 5.401858e-001 2.000791e+000
1.710000e+000 6.776895e-002 8.080693e-003 2.388750e-002 8.629635e-002 -5.505615e-001 5.586046e-001 2.057183e+000
1.720000e+000 6.169971e-002 6.694673e-003 2.019479e-002 7.849375e-002 -5.291490e-001 5.201942e-001 1.934731e+000
1.730000e+000 6.162744e-002 6.724771e-003 1.909687e-002 7.630729e-002 -5.257167e-001 4.784504e-001 1.964005e+000
1.740000e+000 5.927295e-002 6.255172e-003 1.442708e-002 7.855521e-002 -5.187687e-001 5.220644e-001 1.892431e+000
1.750000e+000 5.935736e-002 5.921221e-003 2.025104e-002 6.951458e-002 -5.034115e-001 4.685727e-001 1.954693e+000
1.760000e+000 5.974284e-002 5.958822e-003 1.064792e-002 7.691979e-002 -5.356833e-001 4.569283e-001 1.896580e+000
1.770000e+000 6.216533e-002 6.656065e-003 2.194167e-002 7.637344e-002 -5.143531e-001 4.515305e-001 2.013265e+000
1.780000e+000 5.672018e-002 5.600967e-003 1.265000e-002 6.946563e-002 -5.041740e-001 4.317120e-001 1.854557e+000
1.790000e+000 5.709300e-002 5.728063e-003 1.451875e-002 7.315990e-002 -5.054344e-001 4.613395e-001 1.867622e+000
1.800000e+000 5.423809e-002 5.114054e-003 9.225000e-003 6.966771e-002 -4.914458e-001 4.064730e-001 1.841273e+000
1.810000e+000 5.414427e-002 5.598262e-003 1.255208e-002 6.380156e-002 -4.960437e-001 4.528321e-001 1.812843e+000
1.820000e+000 5.375303e-002 5.085715e-003 1.272708e-002 6.977969e-002 -4.804490e-001 4.255018e-001 1.848516e+000
1.830000e+000 5.249886e-002 4.744087e-003 1.214687e-002 6.051042e-002 -4.727542e-001 3.689152e-001 1.826755e+000
1.840000e+000 5.514642e-002 5.270352e-003 1.072813e-002 6.749219e-002 -4.852896e-001 4.168670e-001 1.882757e+000
1.850000e+000 5.386982e-002 5.014401e-003 3.545833e-003 6.704844e-002 -4.951479e-001 3.298641e-001 1.813391e+000
1.860000e+000 5.284479e-002 4.772142e-003 1.304687e-002 6.502656e-002 -4.750688e-001 3.844087e-001 1.819597e+000
1.870000e+000 4.771104e-002 3.692573e-003 1.168125e-002 6.227396e-002 -4.666771e-001 3.500164e-001 1.694260e+000
1.880000e+000 4.663164e-002 3.939459e-003 7.487500e-003 5.326042e-002 -4.423240e-001 4.027733e-001 1.706635e+000
1.890000e+000 4.770218e-002 3.803325e-003 9.150000e-003 5.923281e-002 -4.589656e-001 3.529081e-001 1.724436e+000
1.900000e+000 5.062204e-002 4.402123e-003 1.080104e-002 6.116302e-002 -4.655021e-001 3.686642e-001 1.822736e+000
1.910000e+000 4.932448e-002 4.278463e-003 6.436458e-003 5.571719e-002 -4.626896e-001 3.234117e-001 1.770592e+000
1.920000e+000 5.001810e-002 4.207443e-003 6.775000e-003 5.792708e-002 -4.576219e-001 2.970090e-001 1.798236e+000
1.930000e+000 4.653096e-002 3.605516e-003 7.395833e-004 5.028229e-002 -4.457396e-001 3.232897e-001 1.717480e+000
1.940000e+000 4.756943e-002 3.810737e-003 1.119167e-002 5.394271e-002 -4.433271e-001 3.021499e-001 1.746881e+000
1.950000e+000 4.530293e-002 3.475730e-003 6.593750e-003 5.326354e-002 -4.330573e-001 3.363173e-001 1.680993e+000
1.960000e+000 4.705755e-002 3.616083e-003 1.058646e-002 5.187708e-002 -4.311656e-001 3.134422e-001 1.785760e+000
1.970000e+000 4.736833e-002 3.808153e-003 7.866667e-003 4.853646e-002 -4.330375e-001 3.192474e-001 1.807487e+000
1.980000e+000 4.340573e-002 3.258685e-003 2.172917e-003 4.690260e-002 -4.250125e-001 2.935189e-001 1.679318e+000
1.990000e+000 4.366611e-002 3.324473e-003 1.139583e-003 5.113073e-002 -4.235865e-001 3.059184e-001 1.691102e+000
2.000000e+000 4.306960e-002 3.028212e-003 2.166667e-003 4.921823e-002 -4.335760e-001 2.602005e-001 1.607949e+000
