# Temperature Magnetization2 Magnetization4 Correlation2 Correlation4 Energy Energy2 HeatCapacity CorrelationLength
0.000000e+000 1.000000e+000 1.000000e+000 1.000000e+000 1.000000e+000 -2.000000e+000 -1.#IND00e+000 4.382421e+016
1.000000e-002 1.000000e+000 1.000000e+000 1.000000e+000 1.000000e+000 -2.000000e+000 0.000000e+000 4.382421e+016
2.000000e-002 1.000000e+000 1.000000e+000 1.000000e+000 1.000000e+000 -2.000000e+000 0.000000e+000 4.382421e+016
3.000000e-002 1.000000e+000 1.000000e+000 1.000000e+000 1.000000e+000 -2.000000e+000 0.000000e+000 4.382421e+016
4.000000e-002 1.000000e+000 1.000000e+000 1.000000e+000 1.000000e+000 -2.000000e+000 0.000000e+000 4.382421e+016
5.000000e-002 1.000000e+000 1.000000e+000 1.000000e+000 1.000000e+000 -2.000000e+000 0.000000e+000 4.382421e+016
6.000000e-002 1.000000e+000 1.000000e+000 1.000000e+000 1.000000e+000 -2.000000e+000 0.000000e+000 4.382421e+016
7.000000e-002 1.000000e+000 1.000000e+000 1.000000e+000 1.000000e+000 -2.000000e+000 0.000000e+000 4.382421e+016
8.000000e-002 1.000000e+000 1.000000e+000 1.000000e+000 1.000000e+000 -2.000000e+000 0.000000e+000 4.382421e+016
9.000000e-002 1.000000e+000 1.000000e+000 1.000000e+000 1.000000e+000 -2.000000e+000 0.000000e+000 4.382421e+016
1.000000e-001 1.000000e+000 1.000000e+000 1.000000e+000 1.000000e+000 -2.000000e+000 0.000000e+000 4.382421e+016
1.100000e-001 1.000000e+000 1.000000e+000 1.000000e+000 1.000000e+000 -2.000000e+000 0.000000e+000 4.382421e+016
1.200000e-001 1.000000e+000 1.000000e+000 1.000000e+000 1.000000e+000 -2.000000e+000 0.000000e+000 4.382421e+016
1.300000e-001 1.000000e+000 1.000000e+000 1.000000e+000 1.000000e+000 -2.000000e+000 0.000000e+000 4.382421e+016
1.400000e-001 1.000000e+000 1.000000e+000 1.000000e+000 1.000000e+000 -2.000000e+000 0.000000e+000 4.382421e+016
1.500000e-001 1.000000e+000 1.000000e+000 1.000000e+000 1.000000e+000 -2.000000e+000 0.000000e+000 4.382421e+016
1.600000e-001 1.000000e+000 1.000000e+000 1.000000e+000 1.000000e+000 -2.000000e+000 0.000000e+000 4.382421e+016
1.700000e-001 1.000000e+000 1.000000e+000 1.000000e+000 1.000000e+000 -2.000000e+000 0.000000e+000 4.382421e+016
1.800000e-001 1.000000e+000 1.000000e+000 1.000000e+000 1.000000e+000 -2.000000e+000 0.000000e+000 4.382421e+016
1.900000e-001 1.000000e+000 1.000000e+000 1.000000e+000 1.000000e+000 -2.000000e+000 0.000000e+000 4.382421e+016
2.000000e-001 1.000000e+000 1.000000e+000 1.000000e+000 1.000000e+000 -2.000000e+000 0.000000e+000 4.382421e+016
2.100000e-001 1.000000e+000 1.000000e+000 1.000000e+000 1.000000e+000 -2.000000e+000 0.000000e+000 4.382421e+016
2.200000e-001 1.000000e+000 1.000000e+000 1.000000e+000 1.000000e+000 -2.000000e+000 0.000000e+000 4.382421e+016
2.300000e-001 1.000000e+000 1.000000e+000 1.000000e+000 1.000000e+000 -2.000000e+000 0.000000e+000 4.382421e+016
2.400000e-001 1.000000e+000 1.000000e+000 1.000000e+000 1.000000e+000 -2.000000e+000 0.000000e+000 4.382421e+016
2.500000e-001 1.000000e+000 1.000000e+000 1.000000e+000 1.000000e+000 -2.000000e+000 0.000000e+000 4.382421e+016
2.600000e-001 1.000000e+000 1.000000e+000 1.000000e+000 1.000000e+000 -2.000000e+000 0.000000e+000 4.382421e+016
2.700000e-001 1.000000e+000 1.000000e+000 1.000000e+000 1.000000e+000 -2.000000e+000 0.000000e+000 4.382421e+016
2.800000e-001 1.000000e+000 1.000000e+000 1.000000e+000 1.000000e+000 -2.000000e+000 0.000000e+000 4.382421e+016
2.900000e-001 1.000000e+000 1.000000e+000 1.000000e+000 1.000000e+000 -2.000000e+000 0.000000e+000 4.382421e+016
3.000000e-001 1.000000e+000 1.000000e+000 1.000000e+000 1.000000e+000 -2.000000e+000 0.000000e+000 4.382421e+016
3.100000e-001 1.000000e+000 1.000000e+000 1.000000e+000 1.000000e+000 -2.000000e+000 0.000000e+000 4.382421e+016
3.200000e-001 1.000000e+000 1.000000e+000 1.000000e+000 1.000000e+000 -2.000000e+000 0.000000e+000 4.382421e+016
3.300000e-001 1.000000e+000 1.000000e+000 1.000000e+000 1.000000e+000 -2.000000e+000 0.000000e+000 4.382421e+016
3.400000e-001 1.000000e+000 1.000000e+000 1.000000e+000 1.000000e+000 -2.000000e+000 0.000000e+000 4.382421e+016
3.500000e-001 1.000000e+000 1.000000e+000 1.000000e+000 1.000000e+000 -2.000000e+000 0.000000e+000 4.382421e+016
3.600000e-001 1.000000e+000 1.000000e+000 1.000000e+000 1.000000e+000 -2.000000e+000 0.000000e+000 4.382421e+016
3.700000e-001 1.000000e+000 1.000000e+000 1.000000e+000 1.000000e+000 -2.000000e+000 0.000000e+000 4.382421e+016
3.800000e-001 1.000000e+000 1.000000e+000 1.000000e+000 1.000000e+000 -2.000000e+000 0.000000e+000 4.382421e+016
3.900000e-001 9.999938e-001 9.999879e-001 9.999938e-001 9.999938e-001 -1.999988e+000 4.382424e-004 5.912811e+003
4.000000e-001 1.000000e+000 1.000000e+000 1.000000e+000 1.000000e+000 -2.000000e+000 0.000000e+000 4.382421e+016
4.100000e-001 9.999979e-001 9.999960e-001 9.999979e-001 9.999979e-001 -1.999996e+000 1.321898e-004 1.024131e+004
4.200000e-001 9.999733e-001 9.999478e-001 9.999729e-001 9.999729e-001 -1.999946e+000 1.636628e-003 2.840393e+003
4.300000e-001 1.000000e+000 1.000000e+000 1.000000e+000 1.000000e+000 -2.000000e+000 0.000000e+000 4.382421e+016
4.400000e-001 9.999959e-001 9.999920e-001 9.999958e-001 9.999958e-001 -1.999992e+000 2.295455e-004 7.241692e+003
4.500000e-001 9.999528e-001 9.999076e-001 9.999521e-001 9.999521e-001 -1.999904e+000 2.521103e-003 2.135412e+003
4.600000e-001 9.999344e-001 9.998714e-001 9.999333e-001 9.999333e-001 -1.999867e+000 3.355262e-003 1.810367e+003
4.700000e-001 9.999020e-001 9.998089e-001 9.999000e-001 9.999000e-001 -1.999812e+000 4.969443e-003 1.341881e+003
4.800000e-001 9.999180e-001 9.998393e-001 9.999167e-001 9.999167e-001 -1.999833e+000 3.850309e-003 1.619228e+003
4.900000e-001 9.998852e-001 9.997750e-001 9.998833e-001 9.998833e-001 -1.999767e+000 5.168513e-003 1.368475e+003
5.000000e-001 9.996821e-001 9.993773e-001 9.996771e-001 9.996771e-001 -1.999354e+000 1.367100e-002 8.224708e+002
5.100000e-001 9.998647e-001 9.997353e-001 9.998625e-001 9.998625e-001 -1.999727e+000 5.802084e-003 1.244541e+003
5.200000e-001 9.997067e-001 9.994255e-001 9.997021e-001 9.997021e-001 -1.999404e+000 1.166811e-002 8.562956e+002
5.300000e-001 9.996493e-001 9.993130e-001 9.996438e-001 9.996438e-001 -1.999288e+000 1.341228e-002 7.830349e+002
5.400000e-001 9.995784e-001 9.991761e-001 9.995719e-001 9.995708e-001 -1.999167e+000 1.592745e-002 6.803675e+002
5.500000e-001 9.994709e-001 9.989635e-001 9.994625e-001 9.994625e-001 -1.998925e+000 1.870867e-002 6.374267e+002
5.600000e-001 9.994955e-001 9.990119e-001 9.994875e-001 9.994875e-001 -1.998976e+000 1.729329e-002 6.516671e+002
5.700000e-001 9.991123e-001 9.982619e-001 9.990979e-001 9.990979e-001 -1.998206e+000 2.906764e-002 4.871680e+002
5.800000e-001 9.989711e-001 9.979860e-001 9.989542e-001 9.989542e-001 -1.997910e+000 3.352820e-002 4.597461e+002
5.900000e-001 9.990148e-001 9.980733e-001 9.989979e-001 9.989979e-001 -1.998036e+000 3.036858e-002 4.513741e+002
6.000000e-001 9.986466e-001 9.973555e-001 9.986229e-001 9.986229e-001 -1.997306e+000 4.153407e-002 3.845484e+002
6.100000e-001 9.986865e-001 9.974364e-001 9.986625e-001 9.986625e-001 -1.997366e+000 4.205563e-002 4.028709e+002
6.200000e-001 9.985271e-001 9.971242e-001 9.985052e-001 9.985000e-001 -1.997060e+000 4.418797e-002 3.680521e+002
6.300000e-001 9.981922e-001 9.964676e-001 9.981604e-001 9.981604e-001 -1.996400e+000 4.989643e-002 3.329636e+002
6.400000e-001 9.970442e-001 9.942358e-001 9.969875e-001 9.969927e-001 -1.994118e+000 8.302331e-002 2.596033e+002
6.500000e-001 9.976448e-001 9.953965e-001 9.976042e-001 9.976042e-001 -1.995273e+000 6.093467e-002 2.959309e+002
6.600000e-001 9.976161e-001 9.953414e-001 9.975750e-001 9.975833e-001 -1.995200e+000 6.068359e-002 2.947195e+002
6.700000e-001 9.971006e-001 9.943358e-001 9.970500e-001 9.970500e-001 -1.994203e+000 7.048260e-002 2.634460e+002
6.800000e-001 9.969456e-001 9.940327e-001 9.968917e-001 9.968917e-001 -1.993877e+000 7.174060e-002 2.596450e+002
6.900000e-001 9.955235e-001 9.912704e-001 9.954396e-001 9.954490e-001 -1.991097e+000 1.043736e-001 2.084926e+002
7.000000e-001 9.948284e-001 9.899528e-001 9.947312e-001 9.947187e-001 -1.989892e+000 1.254524e-001 1.890929e+002
7.100000e-001 9.956598e-001 9.915402e-001 9.955771e-001 9.955828e-001 -1.991418e+000 9.711186e-002 2.142432e+002
7.200000e-001 9.945815e-001 9.894390e-001 9.944771e-001 9.944833e-001 -1.989388e+000 1.107527e-001 1.852746e+002
7.300000e-001 9.941905e-001 9.887087e-001 9.940708e-001 9.941089e-001 -1.988655e+000 1.250243e-001 1.758655e+002
7.400000e-001 9.933489e-001 9.870497e-001 9.932302e-001 9.932484e-001 -1.986810e+000 1.358496e-001 1.702602e+002
7.500000e-001 9.919129e-001 9.842575e-001 9.917677e-001 9.917698e-001 -1.984069e+000 1.559227e-001 1.532451e+002
7.600000e-001 9.908680e-001 9.822761e-001 9.907031e-001 9.907083e-001 -1.982201e+000 1.830965e-001 1.415370e+002
7.700000e-001 9.911832e-001 9.828445e-001 9.910229e-001 9.910703e-001 -1.982469e+000 1.651289e-001 1.486675e+002
7.800000e-001 9.906370e-001 9.818135e-001 9.904490e-001 9.904802e-001 -1.981757e+000 1.690083e-001 1.396196e+002
7.900000e-001 9.895455e-001 9.797150e-001 9.893531e-001 9.893469e-001 -1.979659e+000 1.876298e-001 1.320336e+002
8.000000e-001 9.869266e-001 9.747343e-001 9.866656e-001 9.866818e-001 -1.974749e+000 2.451122e-001 1.161873e+002
8.100000e-001 9.852847e-001 9.715401e-001 9.849896e-001 9.850016e-001 -1.971553e+000 2.563124e-001 1.091598e+002
8.200000e-001 9.847044e-001 9.703804e-001 9.844010e-001 9.844505e-001 -1.970383e+000 2.413433e-001 1.066330e+002
8.300000e-001 9.849533e-001 9.709156e-001 9.847115e-001 9.846880e-001 -1.971076e+000 2.408604e-001 1.074510e+002
8.400000e-001 9.822273e-001 9.657093e-001 9.818635e-001 9.819667e-001 -1.966070e+000 2.856335e-001 9.714049e+001
8.500000e-001 9.807465e-001 9.628832e-001 9.803635e-001 9.804255e-001 -1.962880e+000 3.115116e-001 9.464470e+001
8.600000e-001 9.791713e-001 9.599080e-001 9.787250e-001 9.788635e-001 -1.960335e+000 3.158676e-001 8.798908e+001
8.700000e-001 9.772241e-001 9.561581e-001 9.767177e-001 9.768583e-001 -1.956618e+000 3.341029e-001 8.522258e+001
8.800000e-001 9.760497e-001 9.540211e-001 9.755771e-001 9.756531e-001 -1.954326e+000 3.691909e-001 8.254873e+001
8.900000e-001 9.737839e-001 9.496286e-001 9.732781e-001 9.733151e-001 -1.950261e+000 3.595272e-001 7.835323e+001
9.000000e-001 9.722165e-001 9.467169e-001 9.715969e-001 9.717130e-001 -1.947496e+000 3.864949e-001 7.608411e+001
9.100000e-001 9.692729e-001 9.414985e-001 9.684042e-001 9.688745e-001 -1.942538e+000 4.501044e-001 6.860885e+001
9.200000e-001 9.656644e-001 9.344908e-001 9.649458e-001 9.651406e-001 -1.935157e+000 4.736763e-001 6.797878e+001
9.300000e-001 9.607504e-001 9.254081e-001 9.597844e-001 9.601276e-001 -1.926589e+000 5.446017e-001 6.222771e+001
9.400000e-001 9.595362e-001 9.231951e-001 9.585740e-001 9.589911e-001 -1.924482e+000 5.403058e-001 5.973305e+001
9.500000e-001 9.565710e-001 9.180865e-001 9.552885e-001 9.559932e-001 -1.920492e+000 5.785408e-001 5.554887e+001
9.600000e-001 9.548794e-001 9.146158e-001 9.537240e-001 9.542490e-001 -1.916036e+000 5.881961e-001 5.644789e+001
9.700000e-001 9.492354e-001 9.042762e-001 9.479979e-001 9.485438e-001 -1.906806e+000 6.359363e-001 5.198416e+001
9.800000e-001 9.466471e-001 9.001843e-001 9.451490e-001 9.460906e-001 -1.903805e+000 6.946853e-001 4.812244e+001
9.900000e-001 9.424057e-001 8.923587e-001 9.407354e-001 9.419406e-001 -1.895131e+000 7.389344e-001 4.717687e+001
1.000000e+000 9.349795e-001 8.789640e-001 9.332542e-001 9.341927e-001 -1.882904e+000 8.005293e-001 4.331554e+001
1.010000e+000 9.370013e-001 8.824207e-001 9.351302e-001 9.361214e-001 -1.885701e+000 7.645605e-001 4.514762e+001
1.020000e+000 9.268674e-001 8.646232e-001 9.248969e-001 9.261688e-001 -1.868606e+000 8.912067e-001 4.092095e+001
1.030000e+000 9.214893e-001 8.555940e-001 9.188229e-001 9.210130e-001 -1.859523e+000 1.006831e+000 3.847912e+001
1.040000e+000 9.172362e-001 8.479589e-001 9.145646e-001 9.167125e-001 -1.853467e+000 9.588103e-001 3.680013e+001
1.050000e+000 9.074907e-001 8.315688e-001 9.046063e-001 9.074995e-001 -1.837600e+000 1.092534e+000 3.328587e+001
1.060000e+000 9.019518e-001 8.217327e-001 8.982385e-001 9.016953e-001 -1.828443e+000 1.074467e+000 3.273175e+001
1.070000e+000 8.899422e-001 8.033675e-001 8.859552e-001 8.901151e-001 -1.811667e+000 1.305085e+000 2.935540e+001
1.080000e+000 8.851244e-001 7.943363e-001 8.808188e-001 8.853161e-001 -1.802635e+000 1.300197e+000 2.894454e+001
1.090000e+000 8.869665e-001 7.971663e-001 8.828135e-001 8.868672e-001 -1.804188e+000 1.269389e+000 2.941594e+001
1.100000e+000 8.698926e-001 7.696726e-001 8.649979e-001 8.701349e-001 -1.779614e+000 1.483596e+000 2.633034e+001
1.110000e+000 8.570938e-001 7.491812e-001 8.513042e-001 8.574932e-001 -1.760654e+000 1.602564e+000 2.463578e+001
1.120000e+000 8.463852e-001 7.337541e-001 8.401552e-001 8.476401e-001 -1.745794e+000 1.709242e+000 2.267125e+001
1.130000e+000 8.319869e-001 7.120243e-001 8.247792e-001 8.336578e-001 -1.721768e+000 1.905111e+000 2.167279e+001
1.140000e+000 8.175355e-001 6.910355e-001 8.097750e-001 8.208156e-001 -1.704602e+000 2.023788e+000 1.962699e+001
1.150000e+000 8.059799e-001 6.747680e-001 7.969958e-001 8.086255e-001 -1.687715e+000 2.227612e+000 1.890016e+001
1.160000e+000 7.832067e-001 6.458238e-001 7.723292e-001 7.884547e-001 -1.658105e+000 2.582724e+000 1.684383e+001
1.170000e+000 7.694524e-001 6.231459e-001 7.578375e-001 7.743583e-001 -1.636309e+000 2.595084e+000 1.631811e+001
1.180000e+000 7.309936e-001 5.794978e-001 7.174750e-001 7.399818e-001 -1.588153e+000 3.394364e+000 1.399654e+001
1.190000e+000 7.233566e-001 5.683966e-001 7.086344e-001 7.322469e-001 -1.575628e+000 3.275966e+000 1.376878e+001
1.200000e+000 7.092086e-001 5.476594e-001 6.949375e-001 7.189099e-001 -1.555208e+000 3.277097e+000 1.317058e+001
1.210000e+000 6.805450e-001 5.129608e-001 6.634500e-001 6.925141e-001 -1.520559e+000 3.399898e+000 1.200383e+001
1.220000e+000 6.511246e-001 4.774264e-001 6.313312e-001 6.660094e-001 -1.481099e+000 3.564612e+000 1.098851e+001
1.230000e+000 6.047597e-001 4.293923e-001 5.829177e-001 6.222000e-001 -1.424550e+000 4.073489e+000 9.727608e+000
1.240000e+000 5.445557e-001 3.688277e-001 5.160927e-001 5.689979e-001 -1.344300e+000 4.721527e+000 8.420601e+000
1.250000e+000 5.282905e-001 3.495505e-001 5.007219e-001 5.559057e-001 -1.328753e+000 4.433999e+000 8.041662e+000
1.260000e+000 4.974545e-001 3.220126e-001 4.636625e-001 5.239531e-001 -1.283626e+000 4.705028e+000 7.614949e+000
1.270000e+000 4.584396e-001 2.840086e-001 4.262135e-001 4.879406e-001 -1.230447e+000 4.622109e+000 7.016596e+000
1.280000e+000 4.075769e-001 2.381777e-001 3.710635e-001 4.389828e-001 -1.160290e+000 4.684221e+000 6.240420e+000
1.290000e+000 3.876921e-001 2.182183e-001 3.518646e-001 4.256349e-001 -1.139735e+000 4.243647e+000 5.872238e+000
1.300000e+000 3.482355e-001 1.854722e-001 3.060781e-001 3.856750e-001 -1.079271e+000 4.089889e+000 5.457070e+000
1.310000e+000 3.294901e-001 1.692553e-001 2.895823e-001 3.668089e-001 -1.054726e+000 3.863000e+000 5.188942e+000
1.320000e+000 3.288501e-001 1.682824e-001 2.842323e-001 3.689990e-001 -1.059375e+000 3.708764e+000 5.174305e+000
1.330000e+000 3.042832e-001 1.468009e-001 2.612729e-001 3.454714e-001 -1.025357e+000 3.392303e+000 4.828360e+000
1.340000e+000 2.588641e-001 1.122406e-001 2.125219e-001 2.999969e-001 -9.556885e-001 2.908227e+000 4.351246e+000
1.350000e+000 2.415051e-001 1.006079e-001 1.959052e-001 2.819750e-001 -9.227531e-001 2.825304e+000 4.160111e+000
1.360000e+000 2.208081e-001 8.558026e-002 1.759646e-001 2.623854e-001 -8.954573e-001 2.542103e+000 3.898108e+000
1.370000e+000 1.862048e-001 6.457725e-002 1.339333e-001 2.280500e-001 -8.426177e-001 2.203016e+000 3.514100e+000
1.380000e+000 1.813767e-001 5.989583e-002 1.317844e-001 2.256141e-001 -8.376448e-001 1.998973e+000 3.415104e+000
1.390000e+000 1.973880e-001 6.884529e-002 1.497135e-001 2.422620e-001 -8.610448e-001 1.940992e+000 3.628098e+000
1.400000e+000 1.689537e-001 5.127466e-002 1.175802e-001 2.120719e-001 -8.156698e-001 1.690469e+000 3.277226e+000
1.410000e+000 1.535518e-001 4.495301e-002 1.045656e-001 1.955417e-001 -7.839083e-001 1.669503e+000 3.087919e+000
1.420000e+000 1.551774e-001 4.467652e-002 1.033760e-001 1.987786e-001 -7.861948e-001 1.639077e+000 3.128694e+000
1.430000e+000 1.387948e-001 3.541710e-002 9.046667e-002 1.770036e-001 -7.479698e-001 1.389835e+000 2.949991e+000
1.440000e+000 1.284455e-001 2.942282e-002 8.108542e-002 1.706781e-001 -7.478719e-001 1.100535e+000 2.759921e+000
1.450000e+000 1.301259e-001 3.216013e-002 7.811771e-002 1.675812e-001 -7.422740e-001 1.344056e+000 2.816773e+000
1.460000e+000 1.210328e-001 2.779321e-002 7.894375e-002 1.575479e-001 -7.127094e-001 1.275056e+000 2.723931e+000
1.470000e+000 1.225595e-001 2.783175e-002 7.150833e-002 1.600328e-001 -7.267208e-001 1.179843e+000 2.717247e+000
1.480000e+000 1.121461e-001 2.299407e-002 6.393333e-002 1.474688e-001 -6.993656e-001 1.115414e+000 2.587191e+000
1.490000e+000 1.098386e-001 2.232435e-002 6.149792e-002 1.458901e-001 -6.905573e-001 1.046042e+000 2.560308e+000
1.500000e+000 1.087435e-001 2.248585e-002 6.368021e-002 1.432625e-001 -6.869917e-001 1.063103e+000 2.559798e+000
1.510000e+000 1.044935e-001 1.960985e-002 5.634167e-002 1.368375e-001 -6.778177e-001 9.729575e-001 2.511397e+000
1.520000e+000 1.009038e-001 1.844148e-002 4.793229e-002 1.364781e-001 -6.663594e-001 9.713870e-001 2.455254e+000
1.530000e+000 9.496419e-002 1.659148e-002 4.302917e-002 1.282500e-001 -6.478906e-001 9.062160e-001 2.382410e+000
1.540000e+000 8.716133e-002 1.376841e-002 3.686771e-002 1.144375e-001 -6.198438e-001 7.761865e-001 2.283201e+000
1.550000e+000 9.332103e-002 1.594557e-002 4.431042e-002 1.255089e-001 -6.526281e-001 8.277948e-001 2.355397e+000
1.560000e+000 9.044919e-002 1.438623e-002 4.155625e-002 1.223682e-001 -6.521271e-001 7.183977e-001 2.282898e+000
1.570000e+000 8.669092e-002 1.335096e-002 3.774063e-002 1.152000e-001 -6.196437e-001 7.592228e-001 2.301946e+000
1.580000e+000 8.128242e-002 1.220877e-002 3.422812e-002 1.088214e-001 -6.047875e-001 7.212076e-001 2.202118e+000
1.590000e+000 8.338330e-002 1.221905e-002 3.530937e-002 1.083969e-001 -6.162844e-001 6.964643e-001 2.229428e+000
1.600000e+000 8.520231e-002 1.312354e-002 3.767500e-002 1.104375e-001 -6.122948e-001 7.716117e-001 2.284428e+000
1.610000e+000 7.738008e-002 1.046107e-002 3.073125e-002 1.029714e-001 -5.990885e-001 6.793745e-001 2.145000e+000
1.620000e+000 7.738324e-002 1.072315e-002 2.706146e-002 1.041151e-001 -5.941854e-001 6.654660e-001 2.144362e+000
1.630000e+000 7.682227e-002 9.934096e-003 2.957813e-002 9.912448e-002 -5.878021e-001 6.249230e-001 2.160148e+000
1.640000e+000 7.297520e-002 9.325586e-003 2.586667e-002 9.699583e-002 -5.817375e-001 5.819219e-001 2.071692e+000
1.650000e+000 6.782425e-002 8.097790e-003 2.113437e-002 8.763958e-002 -5.589990e-001 5.833416e-001 2.021584e+000
1.660000e+000 6.979961e-002 8.404860e-003 1.833438e-002 9.359479e-002 -5.571260e-001 5.496546e-001 2.051647e+000
1.670000e+000 6.891689e-002 8.100674e-003 2.867083e-002 9.036615e-002 -5.504698e-001 5.433335e-001 2.049208e+000
1.680000e+000 6.657354e-002 7.637551e-003 2.343542e-002 8.713281e-002 -5.542323e-001 5.390286e-001 1.989515e+000
1.690000e+000 6.719320e-002 7.935366e-003 2.475833e-002 8.432448e-002 -5.505010e-001 5.732422e-001 2.031110e+000
1.700000e+000 6.285299e-002 6.767301e-003 1.437604e-002 8.200313e-002 -5.454156e-001 5.044662e-001 1.921371e+000
1.710000e+000 6.651393e-002 7.778427e-003 2.335000e-002 8.291510e-002 -5.406667e-001 5.307207e-001 2.049613e+000
1.720000e+000 6.635778e-002 7.960860e-003 2.041771e-002 8.472188e-002 -5.519052e-001 5.509033e-001 1.996743e+000
1.730000e+000 6.008786e-002 6.150634e-003 1.404792e-002 7.615365e-002 -5.328354e-001 4.591181e-001 1.892922e+000
1.740000e+000 6.358770e-002 6.912297e-003 1.347917e-002 8.510833e-002 -5.434750e-001 4.944865e-001 1.941695e+000
1.750000e+000 6.546507e-002 7.804327e-003 2.031458e-002 8.063229e-002 -5.356677e-001 5.182470e-001 2.055838e+000
1.760000e+000 5.972008e-002 6.118450e-003 2.055000e-002 7.922500e-002 -5.229833e-001 4.694831e-001 1.863684e+000
1.770000e+000 5.509294e-002 4.934214e-003 1.602188e-002 6.862865e-002 -5.085448e-001 3.619235e-001 1.799025e+000
1.780000e+000 5.688841e-002 5.640461e-003 9.469792e-003 7.134375e-002 -4.935958e-001 4.749383e-001 1.884316e+000
1.790000e+000 5.770127e-002 5.804656e-003 1.156771e-002 6.696042e-002 -5.206510e-001 4.195230e-001 1.874913e+000
1.800000e+000 5.591878e-002 5.252654e-003 8.358333e-003 6.673177e-002 -4.943052e-001 4.012357e-001 1.868506e+000
1.810000e+000 5.787493e-002 6.043616e-003 1.456146e-002 7.028177e-002 -4.942646e-001 4.354145e-001 1.918623e+000
1.820000e+000 5.569046e-002 5.469954e-003 2.364479e-002 6.837240e-002 -4.967208e-001 3.781131e-001 1.863505e+000
1.830000e+000 5.216865e-002 4.595890e-003 1.436042e-002 6.233906e-002 -4.899156e-001 3.893222e-001 1.770710e+000
1.840000e+000 5.216055e-002 4.731479e-003 1.093125e-002 6.738802e-002 -4.966208e-001 3.782318e-001 1.768732e+000
1.850000e+000 5.023665e-002 4.276353e-003 6.583333e-004 6.146667e-002 -4.761635e-001 3.606799e-001 1.729338e+000
1.860000e+000 5.226204e-002 4.668559e-003 1.184687e-002 6.104115e-002 -4.720677e-001 3.767065e-001 1.818260e+000
1.870000e+000 4.671605e-002 3.812216e-003 4.626042e-003 5.372708e-002 -4.483208e-001 3.533648e-001 1.726805e+000
1.880000e+000 5.174743e-002 4.614686e-003 1.167708e-002 6.153542e-002 -4.705375e-001 3.500967e-001 1.814723e+000
1.890000e+000 4.915446e-002 4.125038e-003 5.576042e-003 5.372135e-002 -4.624417e-001 3.560092e-001 1.762621e+000
1.900000e+000 4.825898e-002 4.067358e-003 -1.337500e-003 6.149740e-002 -4.506969e-001 3.653777e-001 1.757916e+000
1.910000e+000 5.044417e-002 4.184452e-003 1.103229e-002 6.073073e-002 -4.658469e-001 2.985358e-001 1.787416e+000
1.920000e+000 4.583929e-002 3.508314e-003 1.262083e-002 5.437344e-002 -4.314594e-001 2.904631e-001 1.706072e+000
1.930000e+000 4.578083e-002 3.593101e-003 -3.718750e-004 5.621667e-002 -4.340802e-001 3.606891e-001 1.685120e+000
1.940000e+000 4.536029e-002 3.373398e-003 4.365625e-003 4.978646e-002 -4.283240e-001 3.184573e-001 1.711009e+000
1.950000e+000 4.721572e-002 3.845601e-003 6.318750e-003 5.085781e-002 -4.311927e-001 3.364416e-001 1.766446e+000
1.960000e+000 4.703008e-002 3.731052e-003 8.540625e-003 5.743490e-002 -4.453021e-001 3.324096e-001 1.721244e+000
1.970000e+000 4.752187e-002 3.727834e-003 4.947917e-003 5.091146e-002 -4.398604e-001 2.978702e-001 1.748604e+000
1.980000e+000 4.743942e-002 3.727767e-003 1.186667e-002 5.870260e-002 -4.440990e-001 3.106785e-001 1.736562e+000
1.990000e+000 4.665661e-002 3.744877e-003 7.602083e-003 4.981510e-002 -4.287354e-001 3.061561e-001 1.791982e+000
2.000000e+000 4.323538e-002 3.252760e-003 3.779167e-003 4.808854e-002 -4.143885e-001 2.871729e-001 1.684719e+000
