# Temperature Magnetization2 Magnetization4 Correlation2 Correlation4 Energy Energy2 HeatCapacity CorrelationLength
0.000000e+000 1.000000e+000 1.000000e+000 1.000000e+000 1.000000e+000 -2.000000e+000 -1.#IND00e+000 4.382421e+016
1.000000e-002 1.000000e+000 1.000000e+000 1.000000e+000 1.000000e+000 -2.000000e+000 0.000000e+000 4.382421e+016
2.000000e-002 1.000000e+000 1.000000e+000 1.000000e+000 1.000000e+000 -2.000000e+000 0.000000e+000 4.382421e+016
3.000000e-002 1.000000e+000 1.000000e+000 1.000000e+000 1.000000e+000 -2.000000e+000 0.000000e+000 4.382421e+016
4.000000e-002 1.000000e+000 1.000000e+000 1.000000e+000 1.000000e+000 -2.000000e+000 0.000000e+000 4.382421e+016
5.000000e-002 1.000000e+000 1.000000e+000 1.000000e+000 1.000000e+000 -2.000000e+000 0.000000e+000 4.382421e+016
6.000000e-002 1.000000e+000 1.000000e+000 1.000000e+000 1.000000e+000 -2.000000e+000 0.000000e+000 4.382421e+016
7.000000e-002 1.000000e+000 1.000000e+000 1.000000e+000 1.000000e+000 -2.000000e+000 0.000000e+000 4.382421e+016
8.000000e-002 1.000000e+000 1.000000e+000 1.000000e+000 1.000000e+000 -2.000000e+000 0.000000e+000 4.382421e+016
9.000000e-002 1.000000e+000 1.000000e+000 1.000000e+000 1.000000e+000 -2.000000e+000 0.000000e+000 4.382421e+016
1.000000e-001 1.000000e+000 1.000000e+000 1.000000e+000 1.000000e+000 -2.000000e+000 0.000000e+000 4.382421e+016
1.100000e-001 1.000000e+000 1.000000e+000 1.000000e+000 1.000000e+000 -2.000000e+000 0.000000e+000 4.382421e+016
1.200000e-001 1.000000e+000 1.000000e+000 1.000000e+000 1.000000e+000 -2.000000e+000 0.000000e+000 4.382421e+016
1.300000e-001 1.000000e+000 1.000000e+000 1.000000e+000 1.000000e+000 -2.000000e+000 0.000000e+000 4.382421e+016
1.400000e-001 1.000000e+000 1.000000e+000 1.000000e+000 1.000000e+000 -2.000000e+000 0.000000e+000 4.382421e+016
1.500000e-001 1.000000e+000 1.000000e+000 1.000000e+000 1.000000e+000 -2.000000e+000 0.000000e+000 4.382421e+016
1.600000e-001 1.000000e+000 1.000000e+000 1.000000e+000 1.000000e+000 -2.000000e+000 0.000000e+000 4.382421e+016
1.700000e-001 1.000000e+000 1.000000e+000 1.000000e+000 1.000000e+000 -2.000000e+000 0.000000e+000 4.382421e+016
1.800000e-001 1.000000e+000 1.000000e+000 1.000000e+000 1.000000e+000 -2.000000e+000 0.000000e+000 4.382421e+016
1.900000e-001 1.000000e+000 1.000000e+000 1.000000e+000 1.000000e+000 -2.000000e+000 0.000000e+000 4.382421e+016
2.000000e-001 1.000000e+000 1.000000e+000 1.000000e+000 1.000000e+000 -2.000000e+000 0.000000e+000 4.382421e+016
2.100000e-001 1.000000e+000 1.000000e+000 1.000000e+000 1.000000e+000 -2.000000e+000 0.000000e+000 4.382421e+016
2.200000e-001 1.000000e+000 1.000000e+000 1.000000e+000 1.000000e+000 -2.000000e+000 0.000000e+000 4.382421e+016
2.300000e-001 1.000000e+000 1.000000e+000 1.000000e+000 1.000000e+000 -2.000000e+000 0.000000e+000 4.382421e+016
2.400000e-001 1.000000e+000 1.000000e+000 1.000000e+000 1.000000e+000 -2.000000e+000 0.000000e+000 4.382421e+016
2.500000e-001 1.000000e+000 1.000000e+000 1.000000e+000 1.000000e+000 -2.000000e+000 0.000000e+000 4.382421e+016
2.600000e-001 1.000000e+000 1.000000e+000 1.000000e+000 1.000000e+000 -2.000000e+000 0.000000e+000 4.382421e+016
2.700000e-001 1.000000e+000 1.000000e+000 1.000000e+000 1.000000e+000 -2.000000e+000 0.000000e+000 4.382421e+016
2.800000e-001 1.000000e+000 1.000000e+000 1.000000e+000 1.000000e+000 -2.000000e+000 0.000000e+000 4.382421e+016
2.900000e-001 1.000000e+000 1.000000e+000 1.000000e+000 1.000000e+000 -2.000000e+000 0.000000e+000 4.382421e+016
3.000000e-001 1.000000e+000 1.000000e+000 1.000000e+000 1.000000e+000 -2.000000e+000 0.000000e+000 4.382421e+016
3.100000e-001 1.000000e+000 1.000000e+000 1.000000e+000 1.000000e+000 -2.000000e+000 0.000000e+000 4.382421e+016
3.200000e-001 1.000000e+000 1.000000e+000 1.000000e+000 1.000000e+000 -2.000000e+000 0.000000e+000 4.382421e+016
3.300000e-001 1.000000e+000 1.000000e+000 1.000000e+000 1.000000e+000 -2.000000e+000 0.000000e+000 4.382421e+016
3.400000e-001 1.000000e+000 1.000000e+000 1.000000e+000 1.000000e+000 -2.000000e+000 0.000000e+000 4.382421e+016
3.500000e-001 1.000000e+000 1.000000e+000 1.000000e+000 1.000000e+000 -2.000000e+000 0.000000e+000 4.382421e+016
3.600000e-001 1.000000e+000 1.000000e+000 1.000000e+000 1.000000e+000 -2.000000e+000 0.000000e+000 4.382421e+016
3.700000e-001 9.999672e-001 9.999357e-001 9.999667e-001 9.999667e-001 -1.999933e+000 2.595114e-003 2.560288e+003
3.800000e-001 9.999979e-001 9.999960e-001 9.999979e-001 9.999979e-001 -1.999996e+000 1.538858e-004 1.024131e+004
3.900000e-001 9.999795e-001 9.999598e-001 9.999792e-001 9.999792e-001 -1.999958e+000 1.460297e-003 3.238556e+003
4.000000e-001 9.999856e-001 9.999719e-001 9.999854e-001 9.999854e-001 -1.999971e+000 9.718819e-004 3.870827e+003
4.100000e-001 9.999487e-001 9.998996e-001 9.999479e-001 9.999479e-001 -1.999896e+000 3.300780e-003 2.048211e+003
4.200000e-001 9.999754e-001 9.999518e-001 9.999750e-001 9.999750e-001 -1.999950e+000 1.510809e-003 2.956378e+003
4.300000e-001 9.999795e-001 9.999598e-001 9.999792e-001 9.999792e-001 -1.999958e+000 1.201250e-003 3.238556e+003
4.400000e-001 9.998811e-001 9.997670e-001 9.998792e-001 9.998792e-001 -1.999758e+000 6.638177e-003 1.344671e+003
4.500000e-001 9.999590e-001 9.999197e-001 9.999583e-001 9.999583e-001 -1.999917e+000 2.192593e-003 2.289981e+003
4.600000e-001 9.999528e-001 9.999076e-001 9.999521e-001 9.999521e-001 -1.999904e+000 2.412681e-003 2.135412e+003
4.700000e-001 9.999159e-001 9.998353e-001 9.999146e-001 9.999146e-001 -1.999829e+000 4.116086e-003 1.599358e+003
4.800000e-001 9.998585e-001 9.997228e-001 9.998563e-001 9.998563e-001 -1.999713e+000 6.632133e-003 1.232822e+003
4.900000e-001 9.999364e-001 9.998755e-001 9.999354e-001 9.999354e-001 -1.999871e+000 2.864728e-003 1.839336e+003
5.000000e-001 9.998421e-001 9.996907e-001 9.998396e-001 9.998396e-001 -1.999679e+000 6.818093e-003 1.167014e+003
5.100000e-001 9.998257e-001 9.996585e-001 9.998229e-001 9.998229e-001 -1.999646e+000 7.231300e-003 1.110730e+003
5.200000e-001 9.997417e-001 9.994941e-001 9.997375e-001 9.997375e-001 -1.999477e+000 1.031086e-002 9.061328e+002
5.300000e-001 9.997272e-001 9.994657e-001 9.997229e-001 9.997229e-001 -1.999446e+000 1.045177e-002 8.879130e+002
5.400000e-001 9.995725e-001 9.991652e-001 9.995646e-001 9.995646e-001 -1.999165e+000 1.609815e-002 6.636740e+002
5.500000e-001 9.995772e-001 9.991762e-001 9.995688e-001 9.995688e-001 -1.999194e+000 1.556495e-002 6.436120e+002
5.600000e-001 9.995491e-001 9.991173e-001 9.995417e-001 9.995417e-001 -1.999092e+000 1.549205e-002 6.798427e+002
5.700000e-001 9.993891e-001 9.988038e-001 9.993792e-001 9.993792e-001 -1.998765e+000 2.026124e-002 5.880496e+002
5.800000e-001 9.989494e-001 9.979457e-001 9.989312e-001 9.989312e-001 -1.997906e+000 3.378912e-002 4.363555e+002
5.900000e-001 9.989847e-001 9.980161e-001 9.989667e-001 9.989667e-001 -1.997937e+000 3.474409e-002 4.575703e+002
6.000000e-001 9.988801e-001 9.978180e-001 9.988583e-001 9.988583e-001 -1.997804e+000 3.741442e-002 4.147335e+002
6.100000e-001 9.985346e-001 9.971335e-001 9.985104e-001 9.985104e-001 -1.997046e+000 4.290907e-002 3.772093e+002
6.200000e-001 9.982352e-001 9.965454e-001 9.982063e-001 9.982063e-001 -1.996441e+000 4.814576e-002 3.441374e+002
6.300000e-001 9.983622e-001 9.967943e-001 9.983354e-001 9.983354e-001 -1.996683e+000 4.426355e-002 3.605084e+002
6.400000e-001 9.978117e-001 9.957250e-001 9.977729e-001 9.977729e-001 -1.995629e+000 5.911485e-002 3.042469e+002
6.500000e-001 9.978731e-001 9.958400e-001 9.978375e-001 9.978375e-001 -1.995706e+000 5.460373e-002 3.146791e+002
6.600000e-001 9.972849e-001 9.946966e-001 9.972844e-001 9.972375e-001 -1.994494e+000 7.170477e-002 2.784251e+002
6.700000e-001 9.968516e-001 9.938522e-001 9.967958e-001 9.968234e-001 -1.993703e+000 7.782573e-002 2.511568e+002
6.800000e-001 9.965938e-001 9.933472e-001 9.965333e-001 9.965333e-001 -1.993209e+000 7.957316e-002 2.436646e+002
6.900000e-001 9.960384e-001 9.922569e-001 9.959708e-001 9.959708e-001 -1.991984e+000 8.981058e-002 2.305203e+002
7.000000e-001 9.952097e-001 9.906652e-001 9.951385e-001 9.951187e-001 -1.990493e+000 1.112412e-001 2.029603e+002
7.100000e-001 9.956910e-001 9.915882e-001 9.956198e-001 9.956151e-001 -1.991439e+000 9.090845e-002 2.132265e+002
7.200000e-001 9.945988e-001 9.894900e-001 9.944896e-001 9.944938e-001 -1.989402e+000 1.195304e-001 1.869636e+002
7.300000e-001 9.936762e-001 9.876962e-001 9.935677e-001 9.935703e-001 -1.987529e+000 1.342798e-001 1.733215e+002
7.400000e-001 9.940641e-001 9.884575e-001 9.939396e-001 9.939542e-001 -1.988403e+000 1.226408e-001 1.756371e+002
7.500000e-001 9.915115e-001 9.834848e-001 9.913479e-001 9.913495e-001 -1.983334e+000 1.636311e-001 1.495667e+002
7.600000e-001 9.909002e-001 9.823034e-001 9.907552e-001 9.907375e-001 -1.982091e+000 1.727047e-001 1.444523e+002
7.700000e-001 9.900442e-001 9.806652e-001 9.898490e-001 9.898547e-001 -1.980550e+000 1.851067e-001 1.358783e+002
7.800000e-001 9.906113e-001 9.817447e-001 9.904333e-001 9.904568e-001 -1.981493e+000 1.698939e-001 1.416367e+002
7.900000e-001 9.894928e-001 9.796018e-001 9.892969e-001 9.893339e-001 -1.979457e+000 1.887943e-001 1.323707e+002
8.000000e-001 9.875145e-001 9.758241e-001 9.872562e-001 9.873005e-001 -1.975732e+000 2.231847e-001 1.186879e+002
8.100000e-001 9.844410e-001 9.699057e-001 9.841073e-001 9.841500e-001 -1.969936e+000 2.661881e-001 1.059304e+002
8.200000e-001 9.848930e-001 9.708957e-001 9.845490e-001 9.847234e-001 -1.970992e+000 2.630636e-001 1.029343e+002
8.300000e-001 9.839618e-001 9.689717e-001 9.836687e-001 9.836979e-001 -1.968846e+000 2.589990e-001 1.054430e+002
8.400000e-001 9.835992e-001 9.683628e-001 9.832344e-001 9.833365e-001 -1.968584e+000 2.662800e-001 1.008892e+002
8.500000e-001 9.802550e-001 9.620137e-001 9.798312e-001 9.799646e-001 -1.962208e+000 3.290275e-001 9.124650e+001
8.600000e-001 9.784480e-001 9.585003e-001 9.779677e-001 9.780135e-001 -1.958871e+000 3.273366e-001 8.795946e+001
8.700000e-001 9.775016e-001 9.567837e-001 9.769667e-001 9.771344e-001 -1.957501e+000 3.396036e-001 8.322484e+001
8.800000e-001 9.743945e-001 9.509194e-001 9.739344e-001 9.740125e-001 -1.951271e+000 4.050512e-001 7.963459e+001
8.900000e-001 9.717285e-001 9.459715e-001 9.709646e-001 9.713620e-001 -1.946571e+000 4.420572e-001 7.339000e+001
9.000000e-001 9.704546e-001 9.435267e-001 9.698813e-001 9.699604e-001 -1.943949e+000 4.441677e-001 7.403036e+001
9.100000e-001 9.681244e-001 9.390382e-001 9.674615e-001 9.675755e-001 -1.939584e+000 4.370024e-001 7.053553e+001
9.200000e-001 9.646077e-001 9.327767e-001 9.636771e-001 9.640573e-001 -1.934306e+000 5.099900e-001 6.379355e+001
9.300000e-001 9.626912e-001 9.292590e-001 9.617729e-001 9.622359e-001 -1.931125e+000 5.302849e-001 6.094834e+001
9.400000e-001 9.621078e-001 9.278805e-001 9.613323e-001 9.616109e-001 -1.928831e+000 4.914605e-001 6.279940e+001
9.500000e-001 9.545866e-001 9.149667e-001 9.534656e-001 9.542891e-001 -1.917224e+000 6.925311e-001 5.345785e+001
9.600000e-001 9.504975e-001 9.069588e-001 9.492563e-001 9.499443e-001 -1.909482e+000 6.996325e-001 5.248779e+001
9.700000e-001 9.516842e-001 9.092269e-001 9.503375e-001 9.511823e-001 -1.911888e+000 6.328419e-001 5.232348e+001
9.800000e-001 9.461456e-001 8.990853e-001 9.448771e-001 9.454052e-001 -1.902183e+000 7.110433e-001 4.937899e+001
9.900000e-001 9.410573e-001 8.897300e-001 9.395010e-001 9.404948e-001 -1.892460e+000 7.483190e-001 4.672187e+001
1.000000e+000 9.386720e-001 8.855495e-001 9.367229e-001 9.380714e-001 -1.889369e+000 7.597671e-001 4.518462e+001
1.010000e+000 9.325897e-001 8.750089e-001 9.308250e-001 9.321391e-001 -1.878653e+000 8.330556e-001 4.201505e+001
1.020000e+000 9.318715e-001 8.730751e-001 9.300594e-001 9.310406e-001 -1.876580e+000 7.876377e-001 4.338278e+001
1.030000e+000 9.232083e-001 8.585784e-001 9.208802e-001 9.226896e-001 -1.862971e+000 9.626970e-001 3.877814e+001
1.040000e+000 9.208572e-001 8.543072e-001 9.186250e-001 9.200427e-001 -1.859406e+000 9.579236e-001 3.856643e+001
1.050000e+000 9.094306e-001 8.352272e-001 9.061458e-001 9.089760e-001 -1.841600e+000 1.126252e+000 3.453402e+001
1.060000e+000 9.016405e-001 8.213795e-001 8.984917e-001 9.008818e-001 -1.828640e+000 1.119387e+000 3.258358e+001
1.070000e+000 8.952111e-001 8.103748e-001 8.920396e-001 8.948724e-001 -1.818017e+000 1.170905e+000 3.098123e+001
1.080000e+000 8.842597e-001 7.927492e-001 8.806698e-001 8.844438e-001 -1.801139e+000 1.332036e+000 2.872933e+001
1.090000e+000 8.748569e-001 7.764571e-001 8.706135e-001 8.741969e-001 -1.784159e+000 1.358663e+000 2.805987e+001
1.100000e+000 8.664441e-001 7.668618e-001 8.614052e-001 8.667021e-001 -1.774607e+000 1.707861e+000 2.544843e+001
1.110000e+000 8.669747e-001 7.645568e-001 8.618333e-001 8.669823e-001 -1.774075e+000 1.440483e+000 2.622205e+001
1.120000e+000 8.451604e-001 7.331306e-001 8.384625e-001 8.473214e-001 -1.744739e+000 1.817936e+000 2.221307e+001
1.130000e+000 8.289790e-001 7.107752e-001 8.218094e-001 8.320021e-001 -1.721763e+000 2.115936e+000 2.031244e+001
1.140000e+000 8.152074e-001 6.918068e-001 8.066906e-001 8.195042e-001 -1.706424e+000 2.359255e+000 1.881777e+001
1.150000e+000 7.978327e-001 6.636378e-001 7.890510e-001 8.016719e-001 -1.676117e+000 2.365825e+000 1.816618e+001
1.160000e+000 7.774258e-001 6.363795e-001 7.672396e-001 7.831323e-001 -1.648947e+000 2.565840e+000 1.645419e+001
1.170000e+000 7.573012e-001 6.102847e-001 7.455823e-001 7.637552e-001 -1.622739e+000 2.821101e+000 1.536481e+001
1.180000e+000 7.489393e-001 5.940045e-001 7.369875e-001 7.551438e-001 -1.607806e+000 2.576237e+000 1.515334e+001
1.190000e+000 7.188960e-001 5.602728e-001 7.045750e-001 7.284703e-001 -1.568748e+000 3.263775e+000 1.351048e+001
1.200000e+000 6.826927e-001 5.206010e-001 6.664552e-001 6.968906e-001 -1.528731e+000 3.726454e+000 1.179088e+001
1.210000e+000 6.500882e-001 4.812545e-001 6.299833e-001 6.656911e-001 -1.478526e+000 4.013742e+000 1.099422e+001
1.220000e+000 6.469990e-001 4.756285e-001 6.263042e-001 6.619490e-001 -1.473425e+000 3.957963e+000 1.106379e+001
1.230000e+000 6.018850e-001 4.326385e-001 5.813604e-001 6.205823e-001 -1.418517e+000 4.708970e+000 9.691331e+000
1.240000e+000 5.757691e-001 3.996200e-001 5.514344e-001 5.970396e-001 -1.386000e+000 4.420927e+000 9.066978e+000
1.250000e+000 5.160502e-001 3.433003e-001 4.863854e-001 5.417901e-001 -1.300643e+000 5.108093e+000 7.973199e+000
1.260000e+000 5.021904e-001 3.218101e-001 4.748042e-001 5.294141e-001 -1.286818e+000 4.336349e+000 7.649983e+000
1.270000e+000 4.693308e-001 2.915020e-001 4.380917e-001 5.004469e-001 -1.249128e+000 4.347423e+000 7.043913e+000
1.280000e+000 4.231432e-001 2.529880e-001 3.873583e-001 4.563417e-001 -1.187013e+000 4.598183e+000 6.407491e+000
1.290000e+000 3.805928e-001 2.134120e-001 3.407562e-001 4.177698e-001 -1.128392e+000 4.263910e+000 5.794293e+000
1.300000e+000 3.699971e-001 2.038576e-001 3.331469e-001 4.057630e-001 -1.108616e+000 4.277290e+000 5.736917e+000
1.310000e+000 3.145422e-001 1.582458e-001 2.708646e-001 3.541297e-001 -1.037157e+000 3.751386e+000 5.003503e+000
1.320000e+000 3.070363e-001 1.521873e-001 2.659854e-001 3.456969e-001 -1.024654e+000 3.672754e+000 4.921795e+000
1.330000e+000 2.952362e-001 1.401455e-001 2.527875e-001 3.380625e-001 -1.014550e+000 3.211507e+000 4.699773e+000
1.340000e+000 2.588720e-001 1.120400e-001 2.135646e-001 3.008797e-001 -9.562719e-001 2.886387e+000 4.318602e+000
1.350000e+000 2.599253e-001 1.138294e-001 2.141135e-001 3.044505e-001 -9.620563e-001 2.896325e+000 4.320486e+000
1.360000e+000 2.267271e-001 9.119860e-002 1.762198e-001 2.686453e-001 -8.990573e-001 2.716472e+000 4.003857e+000
1.370000e+000 2.271005e-001 9.173315e-002 1.795198e-001 2.692865e-001 -9.001469e-001 2.802792e+000 3.996865e+000
1.380000e+000 2.108271e-001 7.879320e-002 1.626927e-001 2.499422e-001 -8.776167e-001 2.349276e+000 3.808858e+000
1.390000e+000 1.733617e-001 5.786896e-002 1.201813e-001 2.159448e-001 -8.178563e-001 2.075347e+000 3.340291e+000
1.400000e+000 1.773052e-001 5.954961e-002 1.282427e-001 2.162161e-001 -8.219927e-001 2.084285e+000 3.435026e+000
1.410000e+000 1.551367e-001 4.441570e-002 1.023281e-001 1.958281e-001 -7.951250e-001 1.554751e+000 3.113331e+000
1.420000e+000 1.587780e-001 4.755482e-002 1.111094e-001 1.991734e-001 -7.926448e-001 1.721044e+000 3.174925e+000
1.430000e+000 1.509697e-001 4.055801e-002 1.011969e-001 1.956464e-001 -7.863354e-001 1.467162e+000 3.043329e+000
1.440000e+000 1.351749e-001 3.375156e-002 8.361875e-002 1.727750e-001 -7.469021e-001 1.322484e+000 2.900018e+000
1.450000e+000 1.409528e-001 3.692858e-002 9.000521e-002 1.767042e-001 -7.563958e-001 1.509873e+000 2.985241e+000
1.460000e+000 1.249390e-001 2.762045e-002 7.356667e-002 1.638979e-001 -7.334198e-001 1.115624e+000 2.736142e+000
1.470000e+000 1.216224e-001 2.612525e-002 6.885313e-002 1.581813e-001 -7.211667e-001 1.024221e+000 2.713094e+000
1.480000e+000 1.136437e-001 2.378122e-002 6.219583e-002 1.488786e-001 -7.038958e-001 1.130205e+000 2.616248e+000
1.490000e+000 1.103329e-001 2.184684e-002 6.008854e-002 1.468156e-001 -6.931073e-001 9.605412e-001 2.558695e+000
1.500000e+000 1.180968e-001 2.532879e-002 6.714479e-002 1.543719e-001 -7.153031e-001 1.011068e+000 2.668935e+000
1.510000e+000 9.605850e-002 1.716947e-002 4.355729e-002 1.252229e-001 -6.503333e-001 9.316239e-001 2.418579e+000
1.520000e+000 9.999040e-002 1.767190e-002 4.743125e-002 1.325656e-001 -6.770990e-001 8.744566e-001 2.423786e+000
1.530000e+000 1.012713e-001 1.798150e-002 5.040313e-002 1.344859e-001 -6.709010e-001 8.320297e-001 2.447085e+000
1.540000e+000 9.346943e-002 1.674662e-002 4.717708e-002 1.221771e-001 -6.322312e-001 9.399517e-001 2.409354e+000
1.550000e+000 9.252324e-002 1.521262e-002 4.197500e-002 1.251375e-001 -6.374292e-001 8.433700e-001 2.359025e+000
1.560000e+000 8.611299e-002 1.299294e-002 3.487708e-002 1.151724e-001 -6.220354e-001 6.985473e-001 2.266067e+000
1.570000e+000 8.325576e-002 1.222307e-002 3.239062e-002 1.093464e-001 -6.128260e-001 6.975298e-001 2.240309e+000
1.580000e+000 8.845553e-002 1.432644e-002 3.939375e-002 1.138187e-001 -6.306563e-001 7.465226e-001 2.314855e+000
1.590000e+000 8.211419e-002 1.150988e-002 3.726354e-002 1.087620e-001 -6.000208e-001 7.334922e-001 2.230835e+000
1.600000e+000 8.450020e-002 1.294978e-002 3.147813e-002 1.138896e-001 -6.204292e-001 7.128013e-001 2.244043e+000
1.610000e+000 8.199212e-002 1.158841e-002 3.762708e-002 1.089260e-001 -6.096344e-001 6.794745e-001 2.212244e+000
1.620000e+000 7.421224e-002 1.000815e-002 2.344896e-002 9.742448e-002 -5.755625e-001 6.623627e-001 2.106718e+000
1.630000e+000 7.404040e-002 9.779611e-003 2.593542e-002 9.697396e-002 -5.834188e-001 6.093900e-001 2.109964e+000
1.640000e+000 6.850234e-002 8.498496e-003 2.363333e-002 9.075313e-002 -5.693385e-001 6.028674e-001 1.998390e+000
1.650000e+000 7.324886e-002 1.013406e-002 3.011667e-002 9.850677e-002 -5.772177e-001 6.813629e-001 2.088829e+000
1.660000e+000 6.825303e-002 8.263407e-003 2.538437e-002 8.394844e-002 -5.510281e-001 5.656868e-001 2.050544e+000
1.670000e+000 6.645456e-002 7.872396e-003 2.075313e-002 8.753854e-002 -5.605313e-001 5.299727e-001 1.973746e+000
1.680000e+000 6.337894e-002 7.255058e-003 1.880104e-002 8.250260e-002 -5.384719e-001 5.286412e-001 1.955708e+000
1.690000e+000 6.165013e-002 6.808396e-003 1.570000e-002 8.195312e-002 -5.352563e-001 5.678112e-001 1.906208e+000
1.700000e+000 6.530817e-002 7.596096e-003 2.053021e-002 8.578542e-002 -5.420969e-001 4.869985e-001 2.009409e+000
1.710000e+000 6.388936e-002 7.332890e-003 1.786563e-002 8.170833e-002 -5.320073e-001 5.387078e-001 1.998958e+000
1.720000e+000 6.203262e-002 6.966622e-003 1.390833e-002 7.930937e-002 -5.314260e-001 5.401534e-001 1.940912e+000
1.730000e+000 5.882783e-002 5.857117e-003 1.548958e-002 7.264219e-002 -5.076021e-001 4.418062e-001 1.900672e+000
1.740000e+000 6.189251e-002 6.604650e-003 1.507188e-002 7.916042e-002 -5.191219e-001 4.607739e-001 1.944620e+000
1.750000e+000 6.019115e-002 6.180860e-003 9.878125e-003 7.815885e-002 -5.221406e-001 4.560473e-001 1.917536e+000
1.760000e+000 5.894821e-002 6.025220e-003 1.288750e-002 7.440677e-002 -5.173927e-001 4.555855e-001 1.890431e+000
1.770000e+000 5.642227e-002 5.421095e-003 1.831146e-002 7.176458e-002 -4.999979e-001 4.373309e-001 1.853472e+000
1.780000e+000 5.511087e-002 5.540815e-003 9.337500e-003 6.845469e-002 -4.961417e-001 4.438264e-001 1.846855e+000
1.790000e+000 5.661156e-002 5.587619e-003 9.563542e-003 6.697396e-002 -4.924010e-001 4.355809e-001 1.899231e+000
1.800000e+000 5.672415e-002 5.354568e-003 1.153125e-002 6.408802e-002 -4.914885e-001 4.301238e-001 1.916019e+000
1.810000e+000 4.982451e-002 4.373198e-003 9.392708e-003 6.035729e-002 -4.795031e-001 4.166276e-001 1.726695e+000
1.820000e+000 5.257318e-002 4.727477e-003 8.947917e-003 6.583438e-002 -4.769688e-001 4.091375e-001 1.807907e+000
1.830000e+000 5.271351e-002 4.686896e-003 1.017188e-002 6.637760e-002 -4.855219e-001 3.479343e-001 1.785218e+000
1.840000e+000 5.438415e-002 4.997514e-003 1.262604e-002 6.668281e-002 -4.909500e-001 3.803831e-001 1.843554e+000
1.850000e+000 5.000186e-002 4.350204e-003 7.263542e-003 5.867396e-002 -4.626521e-001 3.803492e-001 1.773378e+000
1.860000e+000 4.856973e-002 4.059675e-003 6.930208e-003 5.115312e-002 -4.565615e-001 3.429564e-001 1.758994e+000
1.870000e+000 4.705690e-002 3.806398e-003 8.622917e-003 5.506354e-002 -4.538292e-001 3.587126e-001 1.706790e+000
1.880000e+000 4.778190e-002 3.898333e-003 3.426042e-003 5.475938e-002 -4.651635e-001 3.669306e-001 1.698717e+000
1.890000e+000 5.094023e-002 4.401905e-003 5.410417e-003 6.290104e-002 -4.759042e-001 3.946797e-001 1.765772e+000
1.900000e+000 4.899564e-002 3.928021e-003 5.811458e-003 5.817917e-002 -4.531740e-001 3.226856e-001 1.765966e+000
1.910000e+000 5.050869e-002 4.476980e-003 1.106562e-002 5.616719e-002 -4.608656e-001 3.537250e-001 1.809498e+000
1.920000e+000 4.739421e-002 3.809128e-003 7.787500e-003 5.552240e-002 -4.488906e-001 3.236062e-001 1.710848e+000
1.930000e+000 4.742292e-002 3.851442e-003 8.910417e-003 5.617812e-002 -4.386625e-001 3.362714e-001 1.748117e+000
1.940000e+000 4.548848e-002 3.629070e-003 1.168542e-002 5.010417e-002 -4.255292e-001 3.438532e-001 1.726514e+000
1.950000e+000 4.811410e-002 3.861777e-003 8.217708e-003 5.571250e-002 -4.505250e-001 3.410287e-001 1.729918e+000
1.960000e+000 4.697048e-002 3.666426e-003 6.796875e-003 4.978542e-002 -4.459990e-001 2.839241e-001 1.753230e+000
1.970000e+000 4.678265e-002 3.708794e-003 1.041042e-002 5.525885e-002 -4.378104e-001 3.001228e-001 1.712658e+000
1.980000e+000 4.285479e-002 3.128491e-003 1.805208e-003 5.051250e-002 -4.108135e-001 2.741388e-001 1.655696e+000
1.990000e+000 4.821081e-002 3.997086e-003 1.245104e-002 5.286146e-002 -4.368937e-001 3.089313e-001 1.785601e+000
2.000000e+000 4.696058e-002 3.922879e-003 3.256250e-003 4.820573e-002 -4.359656e-001 3.286349e-001 1.762790e+000
