# Temperature Magnetization2 Magnetization4 Correlation2 Correlation4 Energy Energy2 HeatCapacity CorrelationLength
3.000000e-001 1.000000e+000 1.000000e+000 1.000000e+000 1.000000e+000 -2.000000e+000 0.000000e+000 4.382421e+016
3.050000e-001 1.000000e+000 1.000000e+000 1.000000e+000 1.000000e+000 -2.000000e+000 0.000000e+000 4.382421e+016
3.100000e-001 1.000000e+000 1.000000e+000 1.000000e+000 1.000000e+000 -2.000000e+000 0.000000e+000 4.382421e+016
3.150000e-001 1.000000e+000 1.000000e+000 1.000000e+000 1.000000e+000 -2.000000e+000 0.000000e+000 4.382421e+016
3.200000e-001 1.000000e+000 1.000000e+000 1.000000e+000 1.000000e+000 -2.000000e+000 0.000000e+000 4.382421e+016
3.250000e-001 1.000000e+000 1.000000e+000 1.000000e+000 1.000000e+000 -2.000000e+000 0.000000e+000 4.382421e+016
3.300000e-001 1.000000e+000 1.000000e+000 1.000000e+000 1.000000e+000 -2.000000e+000 0.000000e+000 4.382421e+016
3.350000e-001 1.000000e+000 1.000000e+000 1.000000e+000 1.000000e+000 -2.000000e+000 0.000000e+000 4.382421e+016
3.400000e-001 9.999943e-001 9.999888e-001 9.999942e-001 9.999942e-001 -1.999988e+000 5.381792e-004 6.120342e+003
3.450000e-001 1.000000e+000 1.000000e+000 1.000000e+000 1.000000e+000 -2.000000e+000 0.000000e+000 4.382421e+016
3.500000e-001 9.999988e-001 9.999976e-001 9.999988e-001 9.999988e-001 -1.999998e+000 1.088403e-004 1.322148e+004
3.550000e-001 9.999865e-001 9.999735e-001 9.999862e-001 9.999862e-001 -1.999972e+000 1.163406e-003 3.986401e+003
3.600000e-001 1.000000e+000 1.000000e+000 1.000000e+000 1.000000e+000 -2.000000e+000 0.000000e+000 4.382421e+016
3.650000e-001 9.999938e-001 9.999879e-001 9.999937e-001 9.999937e-001 -1.999987e+000 5.003315e-004 5.912811e+003
3.700000e-001 9.999840e-001 9.999687e-001 9.999837e-001 9.999837e-001 -1.999968e+000 1.273766e-003 3.589239e+003
3.750000e-001 9.999975e-001 9.999952e-001 9.999975e-001 9.999975e-001 -1.999995e+000 1.896183e-004 9.348992e+003
3.800000e-001 1.000000e+000 1.000000e+000 1.000000e+000 1.000000e+000 -2.000000e+000 0.000000e+000 4.382421e+016
3.850000e-001 9.999967e-001 9.999936e-001 9.999967e-001 9.999967e-001 -1.999993e+000 2.398564e-004 8.096461e+003
3.900000e-001 9.999914e-001 9.999831e-001 9.999913e-001 9.999913e-001 -1.999983e+000 6.135025e-004 4.997231e+003
3.950000e-001 9.999955e-001 9.999912e-001 9.999954e-001 9.999954e-001 -1.999991e+000 3.133056e-004 6.904681e+003
4.000000e-001 9.999943e-001 9.999888e-001 9.999942e-001 9.999942e-001 -1.999988e+000 3.888344e-004 6.120342e+003
4.050000e-001 9.999902e-001 9.999807e-001 9.999900e-001 9.999900e-001 -1.999980e+000 6.501513e-004 4.674479e+003
4.100000e-001 1.000000e+000 1.000000e+000 1.000000e+000 1.000000e+000 -2.000000e+000 0.000000e+000 4.382421e+016
4.150000e-001 9.999820e-001 9.999646e-001 9.999817e-001 9.999817e-001 -1.999963e+000 1.134966e-003 3.452317e+003
4.200000e-001 9.999709e-001 9.999430e-001 9.999704e-001 9.999704e-001 -1.999941e+000 1.787594e-003 2.717724e+003
4.250000e-001 9.999680e-001 9.999373e-001 9.999675e-001 9.999675e-001 -1.999935e+000 1.917765e-003 2.592905e+003
4.300000e-001 9.999746e-001 9.999502e-001 9.999742e-001 9.999742e-001 -1.999948e+000 1.489371e-003 2.908302e+003
4.350000e-001 9.999569e-001 9.999156e-001 9.999563e-001 9.999563e-001 -1.999913e+000 2.463610e-003 2.234791e+003
4.400000e-001 9.999721e-001 9.999454e-001 9.999717e-001 9.999717e-001 -1.999943e+000 1.560004e-003 2.777029e+003
4.450000e-001 9.999610e-001 9.999237e-001 9.999604e-001 9.999604e-001 -1.999921e+000 2.130141e-003 2.349474e+003
4.500000e-001 9.999188e-001 9.998409e-001 9.999175e-001 9.999175e-001 -1.999835e+000 4.337075e-003 1.627386e+003
4.550000e-001 9.999430e-001 9.998883e-001 9.999421e-001 9.999421e-001 -1.999884e+000 2.979925e-003 1.942321e+003
4.600000e-001 9.999377e-001 9.998779e-001 9.999367e-001 9.999367e-001 -1.999873e+000 3.187754e-003 1.857400e+003
4.650000e-001 9.998798e-001 9.997646e-001 9.998779e-001 9.998779e-001 -1.999756e+000 6.004887e-003 1.337768e+003
4.700000e-001 9.999136e-001 9.998312e-001 9.999121e-001 9.999121e-001 -1.999829e+000 4.297163e-003 1.505083e+003
4.750000e-001 9.998759e-001 9.997574e-001 9.998737e-001 9.998737e-001 -1.999754e+000 6.025274e-003 1.263210e+003
4.800000e-001 9.998414e-001 9.996896e-001 9.998387e-001 9.998387e-001 -1.999681e+000 7.480458e-003 1.141555e+003
4.850000e-001 9.998489e-001 9.997055e-001 9.998458e-001 9.998458e-001 -1.999712e+000 7.195056e-003 1.077127e+003
4.900000e-001 9.998404e-001 9.996874e-001 9.998379e-001 9.998379e-001 -1.999676e+000 7.172693e-003 1.160997e+003
4.950000e-001 9.998601e-001 9.997260e-001 9.998579e-001 9.998579e-001 -1.999716e+000 6.164218e-003 1.240033e+003
5.000000e-001 9.998065e-001 9.996211e-001 9.998033e-001 9.998033e-001 -1.999609e+000 8.378674e-003 1.042715e+003
5.050000e-001 9.997461e-001 9.995027e-001 9.997421e-001 9.997421e-001 -1.999484e+000 1.079055e-002 9.192730e+002
5.100000e-001 9.997123e-001 9.994372e-001 9.997075e-001 9.997075e-001 -1.999422e+000 1.215231e-002 8.458058e+002
5.150000e-001 9.997080e-001 9.994281e-001 9.997033e-001 9.997033e-001 -1.999407e+000 1.194676e-002 8.578337e+002
5.200000e-001 9.997050e-001 9.994231e-001 9.997000e-001 9.997000e-001 -1.999411e+000 1.195145e-002 8.281716e+002
5.250000e-001 9.997330e-001 9.994771e-001 9.997287e-001 9.997287e-001 -1.999459e+000 1.044143e-002 8.939031e+002
5.300000e-001 9.995865e-001 9.991910e-001 9.995796e-001 9.995796e-001 -1.999171e+000 1.602045e-002 7.045789e+002
5.350000e-001 9.996352e-001 9.992859e-001 9.996292e-001 9.996292e-001 -1.999261e+000 1.412459e-002 7.625010e+002
5.400000e-001 9.995187e-001 9.990576e-001 9.995108e-001 9.995108e-001 -1.999027e+000 1.783084e-002 6.613384e+002
5.450000e-001 9.995787e-001 9.991757e-001 9.995717e-001 9.995717e-001 -1.999155e+000 1.533695e-002 6.974913e+002
5.500000e-001 9.995800e-001 9.991774e-001 9.995733e-001 9.995733e-001 -1.999148e+000 1.490240e-002 7.137000e+002
5.550000e-001 9.994993e-001 9.990195e-001 9.994912e-001 9.994912e-001 -1.998983e+000 1.772192e-002 6.569436e+002
5.600000e-001 9.993159e-001 9.986610e-001 9.993046e-001 9.993046e-001 -1.998623e+000 2.346326e-002 5.511305e+002
5.650000e-001 9.993811e-001 9.987888e-001 9.993708e-001 9.993708e-001 -1.998755e+000 2.093514e-002 5.790779e+002
5.700000e-001 9.992281e-001 9.984892e-001 9.992154e-001 9.992154e-001 -1.998440e+000 2.589455e-002 5.220579e+002
5.750000e-001 9.991321e-001 9.983028e-001 9.991175e-001 9.991179e-001 -1.998253e+000 2.920360e-002 4.900206e+002
5.800000e-001 9.991714e-001 9.983793e-001 9.991575e-001 9.991575e-001 -1.998334e+000 2.712406e-002 4.989011e+002
5.850000e-001 9.990746e-001 9.981892e-001 9.990592e-001 9.990595e-001 -1.998136e+000 2.932190e-002 4.740038e+002
5.900000e-001 9.991698e-001 9.983748e-001 9.991562e-001 9.991562e-001 -1.998321e+000 2.572205e-002 5.052288e+002
5.950000e-001 9.990808e-001 9.982026e-001 9.990650e-001 9.990668e-001 -1.998157e+000 2.822357e-002 4.685791e+002
6.000000e-001 9.989506e-001 9.979471e-001 9.989329e-001 9.989334e-001 -1.997884e+000 3.207450e-002 4.466483e+002
