# Temperature Magnetization2 Magnetization4 Correlation2 Correlation4 Energy Energy2 HeatCapacity CorrelationLength
0.000000e+000 1.000000e+000 1.000000e+000 1.000000e+000 1.000000e+000 -2.000000e+000 -1.#IND00e+000 4.382421e+016
1.000000e-002 1.000000e+000 1.000000e+000 1.000000e+000 1.000000e+000 -2.000000e+000 0.000000e+000 4.382421e+016
2.000000e-002 1.000000e+000 1.000000e+000 1.000000e+000 1.000000e+000 -2.000000e+000 0.000000e+000 4.382421e+016
3.000000e-002 1.000000e+000 1.000000e+000 1.000000e+000 1.000000e+000 -2.000000e+000 0.000000e+000 4.382421e+016
4.000000e-002 1.000000e+000 1.000000e+000 1.000000e+000 1.000000e+000 -2.000000e+000 0.000000e+000 4.382421e+016
5.000000e-002 1.000000e+000 1.000000e+000 1.000000e+000 1.000000e+000 -2.000000e+000 0.000000e+000 4.382421e+016
6.000000e-002 1.000000e+000 1.000000e+000 1.000000e+000 1.000000e+000 -2.000000e+000 0.000000e+000 4.382421e+016
7.000000e-002 1.000000e+000 1.000000e+000 1.000000e+000 1.000000e+000 -2.000000e+000 0.000000e+000 4.382421e+016
8.000000e-002 1.000000e+000 1.000000e+000 1.000000e+000 1.000000e+000 -2.000000e+000 0.000000e+000 4.382421e+016
9.000000e-002 1.000000e+000 1.000000e+000 1.000000e+000 1.000000e+000 -2.000000e+000 0.000000e+000 4.382421e+016
1.000000e-001 1.000000e+000 1.000000e+000 1.000000e+000 1.000000e+000 -2.000000e+000 0.000000e+000 4.382421e+016
1.100000e-001 1.000000e+000 1.000000e+000 1.000000e+000 1.000000e+000 -2.000000e+000 0.000000e+000 4.382421e+016
1.200000e-001 1.000000e+000 1.000000e+000 1.000000e+000 1.000000e+000 -2.000000e+000 0.000000e+000 4.382421e+016
1.300000e-001 1.000000e+000 1.000000e+000 1.000000e+000 1.000000e+000 -2.000000e+000 0.000000e+000 4.382421e+016
1.400000e-001 1.000000e+000 1.000000e+000 1.000000e+000 1.000000e+000 -2.000000e+000 0.000000e+000 4.382421e+016
1.500000e-001 1.000000e+000 1.000000e+000 1.000000e+000 1.000000e+000 -2.000000e+000 0.000000e+000 4.382421e+016
1.600000e-001 1.000000e+000 1.000000e+000 1.000000e+000 1.000000e+000 -2.000000e+000 0.000000e+000 4.382421e+016
1.700000e-001 1.000000e+000 1.000000e+000 1.000000e+000 1.000000e+000 -2.000000e+000 0.000000e+000 4.382421e+016
1.800000e-001 1.000000e+000 1.000000e+000 1.000000e+000 1.000000e+000 -2.000000e+000 0.000000e+000 4.382421e+016
1.900000e-001 1.000000e+000 1.000000e+000 1.000000e+000 1.000000e+000 -2.000000e+000 0.000000e+000 4.382421e+016
2.000000e-001 1.000000e+000 1.000000e+000 1.000000e+000 1.000000e+000 -2.000000e+000 0.000000e+000 4.382421e+016
2.100000e-001 1.000000e+000 1.000000e+000 1.000000e+000 1.000000e+000 -2.000000e+000 0.000000e+000 4.382421e+016
2.200000e-001 1.000000e+000 1.000000e+000 1.000000e+000 1.000000e+000 -2.000000e+000 0.000000e+000 4.382421e+016
2.300000e-001 1.000000e+000 1.000000e+000 1.000000e+000 1.000000e+000 -2.000000e+000 0.000000e+000 4.382421e+016
2.400000e-001 1.000000e+000 1.000000e+000 1.000000e+000 1.000000e+000 -2.000000e+000 0.000000e+000 4.382421e+016
2.500000e-001 1.000000e+000 1.000000e+000 1.000000e+000 1.000000e+000 -2.000000e+000 0.000000e+000 4.382421e+016
2.600000e-001 1.000000e+000 1.000000e+000 1.000000e+000 1.000000e+000 -2.000000e+000 0.000000e+000 4.382421e+016
2.700000e-001 1.000000e+000 1.000000e+000 1.000000e+000 1.000000e+000 -2.000000e+000 0.000000e+000 4.382421e+016
2.800000e-001 1.000000e+000 1.000000e+000 1.000000e+000 1.000000e+000 -2.000000e+000 0.000000e+000 4.382421e+016
2.900000e-001 1.000000e+000 1.000000e+000 1.000000e+000 1.000000e+000 -2.000000e+000 0.000000e+000 4.382421e+016
3.000000e-001 1.000000e+000 1.000000e+000 1.000000e+000 1.000000e+000 -2.000000e+000 0.000000e+000 4.382421e+016
3.100000e-001 1.000000e+000 1.000000e+000 1.000000e+000 1.000000e+000 -2.000000e+000 0.000000e+000 4.382421e+016
3.200000e-001 1.000000e+000 1.000000e+000 1.000000e+000 1.000000e+000 -2.000000e+000 0.000000e+000 4.382421e+016
3.300000e-001 1.000000e+000 1.000000e+000 1.000000e+000 1.000000e+000 -2.000000e+000 0.000000e+000 4.382421e+016
3.400000e-001 1.000000e+000 1.000000e+000 1.000000e+000 1.000000e+000 -2.000000e+000 0.000000e+000 4.382421e+016
3.500000e-001 1.000000e+000 1.000000e+000 1.000000e+000 1.000000e+000 -2.000000e+000 0.000000e+000 4.382421e+016
3.600000e-001 1.000000e+000 1.000000e+000 1.000000e+000 1.000000e+000 -2.000000e+000 0.000000e+000 4.382421e+016
3.700000e-001 1.000000e+000 1.000000e+000 1.000000e+000 1.000000e+000 -2.000000e+000 0.000000e+000 4.382421e+016
3.800000e-001 1.000000e+000 1.000000e+000 1.000000e+000 1.000000e+000 -2.000000e+000 0.000000e+000 4.382421e+016
3.900000e-001 1.000000e+000 1.000000e+000 1.000000e+000 1.000000e+000 -2.000000e+000 0.000000e+000 4.382421e+016
4.000000e-001 9.999897e-001 9.999799e-001 9.999896e-001 9.999896e-001 -1.999979e+000 6.942708e-004 4.580034e+003
4.100000e-001 1.000000e+000 1.000000e+000 1.000000e+000 1.000000e+000 -2.000000e+000 0.000000e+000 4.382421e+016
4.200000e-001 9.999590e-001 9.999197e-001 9.999583e-001 9.999583e-001 -1.999917e+000 2.517007e-003 2.289981e+003
4.300000e-001 1.000000e+000 1.000000e+000 1.000000e+000 1.000000e+000 -2.000000e+000 0.000000e+000 4.382421e+016
4.400000e-001 9.999528e-001 9.999076e-001 9.999521e-001 9.999521e-001 -1.999904e+000 2.637001e-003 2.135412e+003
4.500000e-001 9.999098e-001 9.998232e-001 9.999083e-001 9.999083e-001 -1.999817e+000 4.817909e-003 1.543867e+003
4.600000e-001 9.998544e-001 9.997148e-001 9.998521e-001 9.998521e-001 -1.999704e+000 7.429946e-003 1.215332e+003
4.700000e-001 9.999672e-001 9.999357e-001 9.999667e-001 9.999667e-001 -1.999933e+000 1.608289e-003 2.560288e+003
4.800000e-001 9.999221e-001 9.998473e-001 9.999208e-001 9.999208e-001 -1.999842e+000 3.658160e-003 1.661296e+003
4.900000e-001 9.996801e-001 9.993733e-001 9.996750e-001 9.996750e-001 -1.999350e+000 1.432581e-002 8.198296e+002
5.000000e-001 9.997806e-001 9.995701e-001 9.997771e-001 9.997771e-001 -1.999554e+000 9.460227e-003 9.899563e+002
5.100000e-001 9.997293e-001 9.994697e-001 9.997250e-001 9.997250e-001 -1.999450e+000 1.120328e-002 8.912709e+002
5.200000e-001 9.997198e-001 9.994528e-001 9.997146e-001 9.997146e-001 -1.999452e+000 1.141399e-002 8.204294e+002
5.300000e-001 9.996332e-001 9.992824e-001 9.996271e-001 9.996271e-001 -1.999264e+000 1.434876e-002 7.494185e+002
5.400000e-001 9.996719e-001 9.993572e-001 9.996667e-001 9.996667e-001 -1.999333e+000 1.209572e-002 8.095136e+002
5.500000e-001 9.995928e-001 9.992052e-001 9.995854e-001 9.995854e-001 -1.999171e+000 1.711809e-002 7.366879e+002
5.600000e-001 9.992989e-001 9.986276e-001 9.992875e-001 9.992875e-001 -1.998582e+000 2.423639e-002 5.485873e+002
5.700000e-001 9.994187e-001 9.988644e-001 9.994083e-001 9.994083e-001 -1.998843e+000 2.017409e-002 5.785958e+002
5.800000e-001 9.991598e-001 9.983557e-001 9.991458e-001 9.991458e-001 -1.998312e+000 2.670754e-002 4.953610e+002
5.900000e-001 9.991498e-001 9.983368e-001 9.991354e-001 9.991354e-001 -1.998287e+000 2.659223e-002 4.906121e+002
6.000000e-001 9.989357e-001 9.979154e-001 9.989187e-001 9.989187e-001 -1.997837e+000 3.145259e-002 4.493029e+002
6.100000e-001 9.990310e-001 9.981050e-001 9.990146e-001 9.990146e-001 -1.998049e+000 2.895575e-002 4.633882e+002
6.200000e-001 9.983017e-001 9.966790e-001 9.982729e-001 9.982729e-001 -1.996585e+000 4.832472e-002 3.474263e+002
6.300000e-001 9.976556e-001 9.954281e-001 9.976104e-001 9.976115e-001 -1.995419e+000 6.449595e-002 2.800825e+002
6.400000e-001 9.981131e-001 9.963154e-001 9.980792e-001 9.980792e-001 -1.996258e+000 5.117078e-002 3.243122e+002
6.500000e-001 9.977178e-001 9.955370e-001 9.976792e-001 9.976818e-001 -1.995395e+000 5.865134e-002 3.017988e+002
6.600000e-001 9.975646e-001 9.952529e-001 9.975188e-001 9.975344e-001 -1.995160e+000 6.622645e-002 2.837368e+002
6.700000e-001 9.967738e-001 9.937089e-001 9.967125e-001 9.967130e-001 -1.993641e+000 7.946415e-002 2.427695e+002
6.800000e-001 9.966139e-001 9.934036e-001 9.965521e-001 9.965510e-001 -1.993343e+000 8.320344e-002 2.365866e+002
6.900000e-001 9.960573e-001 9.923133e-001 9.959833e-001 9.959844e-001 -1.992197e+000 9.305131e-002 2.226625e+002
7.000000e-001 9.954947e-001 9.912057e-001 9.954250e-001 9.954125e-001 -1.991042e+000 9.791383e-002 2.086987e+002
7.100000e-001 9.948520e-001 9.899630e-001 9.947927e-001 9.947557e-001 -1.989832e+000 1.102987e-001 1.940872e+002
7.200000e-001 9.954185e-001 9.910573e-001 9.953354e-001 9.953401e-001 -1.990920e+000 9.366345e-002 2.065374e+002
7.300000e-001 9.939895e-001 9.882908e-001 9.938729e-001 9.938891e-001 -1.988137e+000 1.218638e-001 1.782374e+002
7.400000e-001 9.941174e-001 9.885437e-001 9.940146e-001 9.940260e-001 -1.988331e+000 1.214333e-001 1.816553e+002
7.500000e-001 9.920375e-001 9.845420e-001 9.918958e-001 9.918802e-001 -1.984472e+000 1.639557e-001 1.515974e+002
7.600000e-001 9.926612e-001 9.857433e-001 9.925177e-001 9.925198e-001 -1.985651e+000 1.459379e-001 1.586670e+002
7.700000e-001 9.911363e-001 9.827627e-001 9.909979e-001 9.909708e-001 -1.982597e+000 1.631032e-001 1.446687e+002
7.800000e-001 9.894260e-001 9.794586e-001 9.892438e-001 9.892135e-001 -1.979227e+000 1.920882e-001 1.321802e+002
7.900000e-001 9.889674e-001 9.786509e-001 9.887354e-001 9.887760e-001 -1.978711e+000 2.052499e-001 1.246243e+002
8.000000e-001 9.882168e-001 9.771782e-001 9.879771e-001 9.879818e-001 -1.977117e+000 2.101874e-001 1.230204e+002
8.100000e-001 9.869676e-001 9.747535e-001 9.867042e-001 9.867495e-001 -1.974496e+000 2.281848e-001 1.194740e+002
8.200000e-001 9.852769e-001 9.715519e-001 9.849875e-001 9.850109e-001 -1.971651e+000 2.561806e-001 1.087534e+002
8.300000e-001 9.814311e-001 9.642972e-001 9.809875e-001 9.811750e-001 -1.965002e+000 3.212140e-001 9.210338e+001
8.400000e-001 9.820886e-001 9.654143e-001 9.817656e-001 9.817797e-001 -1.965472e+000 2.880110e-001 9.807062e+001
8.500000e-001 9.809253e-001 9.632264e-001 9.805740e-001 9.805646e-001 -1.963687e+000 2.932776e-001 9.269962e+001
8.600000e-001 9.800831e-001 9.616124e-001 9.797000e-001 9.797052e-001 -1.961925e+000 2.998722e-001 9.141871e+001
8.700000e-001 9.787583e-001 9.591806e-001 9.782854e-001 9.784786e-001 -1.959380e+000 3.434266e-001 8.772745e+001
8.800000e-001 9.746930e-001 9.513798e-001 9.740979e-001 9.742651e-001 -1.951835e+000 3.703878e-001 8.044654e+001
8.900000e-001 9.737887e-001 9.498054e-001 9.731427e-001 9.732917e-001 -1.950415e+000 3.982004e-001 7.794933e+001
9.000000e-001 9.700444e-001 9.429842e-001 9.693312e-001 9.697583e-001 -1.944111e+000 4.558998e-001 6.990553e+001
9.100000e-001 9.695055e-001 9.415843e-001 9.688104e-001 9.690542e-001 -1.941858e+000 4.122434e-001 7.239256e+001
9.200000e-001 9.674811e-001 9.378967e-001 9.668552e-001 9.670010e-001 -1.938685e+000 4.512137e-001 6.911863e+001
9.300000e-001 9.638268e-001 9.311119e-001 9.629458e-001 9.632068e-001 -1.932733e+000 4.838919e-001 6.417569e+001
9.400000e-001 9.588188e-001 9.218283e-001 9.577677e-001 9.582719e-001 -1.923708e+000 5.306686e-001 5.866986e+001
9.500000e-001 9.566934e-001 9.181153e-001 9.556094e-001 9.561479e-001 -1.919972e+000 5.823509e-001 5.661872e+001
9.600000e-001 9.555617e-001 9.158495e-001 9.544333e-001 9.549380e-001 -1.917651e+000 5.698398e-001 5.693434e+001
9.700000e-001 9.497041e-001 9.051619e-001 9.484479e-001 9.489599e-001 -1.907382e+000 6.352531e-001 5.245555e+001
9.800000e-001 9.466087e-001 8.995969e-001 9.451271e-001 9.460000e-001 -1.902035e+000 6.785273e-001 5.069947e+001
9.900000e-001 9.425378e-001 8.924049e-001 9.409510e-001 9.419484e-001 -1.895628e+000 7.215435e-001 4.767874e+001
1.000000e+000 9.384437e-001 8.848376e-001 9.367938e-001 9.377406e-001 -1.888567e+000 7.362622e-001 4.571188e+001
1.010000e+000 9.323834e-001 8.741002e-001 9.305854e-001 9.315250e-001 -1.877832e+000 7.974182e-001 4.298802e+001
1.020000e+000 9.304471e-001 8.707627e-001 9.282719e-001 9.298417e-001 -1.875025e+000 7.998286e-001 4.162848e+001
1.030000e+000 9.196005e-001 8.519720e-001 9.171188e-001 9.190771e-001 -1.857215e+000 9.598610e-001 3.812337e+001
1.040000e+000 9.197588e-001 8.530052e-001 9.170615e-001 9.192172e-001 -1.858314e+000 9.973426e-001 3.744539e+001
1.050000e+000 9.097969e-001 8.354018e-001 9.065115e-001 9.094438e-001 -1.841676e+000 1.035510e+000 3.421616e+001
1.060000e+000 8.990296e-001 8.179080e-001 8.954135e-001 8.991078e-001 -1.827257e+000 1.200904e+000 3.071327e+001
1.070000e+000 9.014389e-001 8.211519e-001 8.980510e-001 9.009865e-001 -1.829164e+000 1.114905e+000 3.231104e+001
1.080000e+000 8.856986e-001 7.964887e-001 8.816333e-001 8.854130e-001 -1.802939e+000 1.454764e+000 2.912968e+001
1.090000e+000 8.842451e-001 7.931813e-001 8.801031e-001 8.845667e-001 -1.802480e+000 1.283717e+000 2.831810e+001
1.100000e+000 8.654596e-001 7.638815e-001 8.601229e-001 8.662406e-001 -1.774384e+000 1.568450e+000 2.523632e+001
1.110000e+000 8.603352e-001 7.551352e-001 8.541885e-001 8.616302e-001 -1.766733e+000 1.540177e+000 2.445743e+001
1.120000e+000 8.466049e-001 7.351192e-001 8.403198e-001 8.477531e-001 -1.744516e+000 1.861633e+000 2.289445e+001
1.130000e+000 8.365608e-001 7.167322e-001 8.297042e-001 8.374453e-001 -1.729588e+000 1.685928e+000 2.195221e+001
1.140000e+000 8.125239e-001 6.853587e-001 8.040927e-001 8.157448e-001 -1.697424e+000 2.148491e+000 1.916195e+001
1.150000e+000 8.049592e-001 6.738303e-001 7.967510e-001 8.080031e-001 -1.684828e+000 2.277700e+000 1.873460e+001
1.160000e+000 7.988160e-001 6.640014e-001 7.894354e-001 8.026792e-001 -1.678689e+000 2.161617e+000 1.806809e+001
1.170000e+000 7.698614e-001 6.266808e-001 7.589813e-001 7.755677e-001 -1.635891e+000 2.775344e+000 1.616000e+001
1.180000e+000 7.385257e-001 5.850076e-001 7.257260e-001 7.462740e-001 -1.595770e+000 3.036847e+000 1.442706e+001
1.190000e+000 7.372301e-001 5.844559e-001 7.229740e-001 7.447839e-001 -1.592985e+000 3.178467e+000 1.442538e+001
1.200000e+000 6.936744e-001 5.268311e-001 6.764021e-001 7.043693e-001 -1.534826e+000 3.311600e+000 1.270872e+001
1.210000e+000 6.703090e-001 5.018650e-001 6.528604e-001 6.840396e-001 -1.508236e+000 3.455176e+000 1.155340e+001
1.220000e+000 6.440367e-001 4.778795e-001 6.241937e-001 6.595984e-001 -1.475243e+000 4.224821e+000 1.070987e+001
1.230000e+000 6.120773e-001 4.369224e-001 5.903406e-001 6.304792e-001 -1.430759e+000 4.128922e+000 9.877570e+000
1.240000e+000 5.627005e-001 3.850208e-001 5.367469e-001 5.841927e-001 -1.365892e+000 4.386825e+000 8.815013e+000
1.250000e+000 5.416888e-001 3.634904e-001 5.162500e-001 5.656078e-001 -1.335861e+000 4.447593e+000 8.429979e+000
1.260000e+000 4.791293e-001 3.021717e-001 4.466323e-001 5.091943e-001 -1.264945e+000 4.389249e+000 7.235909e+000
1.270000e+000 4.783003e-001 3.015370e-001 4.436010e-001 5.084328e-001 -1.258046e+000 4.493155e+000 7.250131e+000
1.280000e+000 4.273222e-001 2.541159e-001 3.903594e-001 4.568495e-001 -1.183924e+000 4.491677e+000 6.612999e+000
1.290000e+000 3.864500e-001 2.196193e-001 3.458802e-001 4.217057e-001 -1.136066e+000 4.376924e+000 5.911688e+000
1.300000e+000 3.817776e-001 2.107502e-001 3.424437e-001 4.185365e-001 -1.132278e+000 3.974724e+000 5.829051e+000
1.310000e+000 3.424883e-001 1.792780e-001 2.994927e-001 3.833214e-001 -1.080590e+000 3.658205e+000 5.299113e+000
1.320000e+000 3.148060e-001 1.594548e-001 2.702594e-001 3.531979e-001 -1.039498e+000 3.709914e+000 5.016301e+000
1.330000e+000 2.925339e-001 1.379623e-001 2.461292e-001 3.334927e-001 -1.013101e+000 3.215993e+000 4.709911e+000
1.340000e+000 2.752134e-001 1.242765e-001 2.278583e-001 3.168229e-001 -9.828073e-001 2.961882e+000 4.540128e+000
1.350000e+000 2.556109e-001 1.137826e-001 2.092448e-001 2.962276e-001 -9.489833e-001 3.135952e+000 4.314810e+000
1.360000e+000 2.334389e-001 9.720542e-002 1.878021e-001 2.763177e-001 -9.181583e-001 2.788163e+000 4.045170e+000
1.370000e+000 2.056781e-001 7.627114e-002 1.590510e-001 2.511729e-001 -8.760729e-001 2.318873e+000 3.681510e+000
1.380000e+000 2.062161e-001 7.462646e-002 1.586896e-001 2.478552e-001 -8.744104e-001 2.195458e+000 3.719424e+000
1.390000e+000 1.809513e-001 6.006646e-002 1.324458e-001 2.256125e-001 -8.366271e-001 2.039755e+000 3.424819e+000
1.400000e+000 1.675212e-001 5.220501e-002 1.173302e-001 2.084182e-001 -8.084927e-001 1.839289e+000 3.293467e+000
1.410000e+000 1.746086e-001 5.688790e-002 1.282385e-001 2.164208e-001 -8.133396e-001 1.960751e+000 3.392002e+000
1.420000e+000 1.592462e-001 4.591205e-002 1.099729e-001 2.020359e-001 -7.883990e-001 1.612192e+000 3.175461e+000
1.430000e+000 1.474809e-001 4.127178e-002 9.147083e-002 1.895484e-001 -7.750083e-001 1.601369e+000 3.007726e+000
1.440000e+000 1.342916e-001 3.236386e-002 8.317396e-002 1.744250e-001 -7.434792e-001 1.380516e+000 2.878101e+000
1.450000e+000 1.337076e-001 3.371823e-002 7.958854e-002 1.746687e-001 -7.501302e-001 1.290052e+000 2.830544e+000
1.460000e+000 1.239695e-001 2.950166e-002 7.277500e-002 1.590656e-001 -7.191354e-001 1.271688e+000 2.790507e+000
1.470000e+000 1.205113e-001 2.648526e-002 7.031458e-002 1.532521e-001 -7.065427e-001 1.202668e+000 2.726081e+000
1.480000e+000 1.205696e-001 2.739272e-002 6.998542e-002 1.575823e-001 -7.217104e-001 1.158860e+000 2.693518e+000
1.490000e+000 1.119704e-001 2.298148e-002 6.227292e-002 1.483750e-001 -6.973854e-001 1.061090e+000 2.571789e+000
1.500000e+000 1.151009e-001 2.381970e-002 6.172708e-002 1.469901e-001 -7.023250e-001 1.011595e+000 2.670035e+000
1.510000e+000 1.074255e-001 2.033628e-002 5.476771e-002 1.409458e-001 -6.882250e-001 9.477141e-001 2.553154e+000
1.520000e+000 9.741774e-002 1.699238e-002 4.997604e-002 1.332229e-001 -6.690719e-001 7.948506e-001 2.379688e+000
1.530000e+000 9.672572e-002 1.712643e-002 4.908333e-002 1.224167e-001 -6.599417e-001 8.292264e-001 2.420570e+000
1.540000e+000 8.992562e-002 1.403526e-002 4.036563e-002 1.203203e-001 -6.469823e-001 7.472956e-001 2.300379e+000
1.550000e+000 9.733262e-002 1.726612e-002 4.555625e-002 1.282995e-001 -6.531167e-001 8.431770e-001 2.426957e+000
1.560000e+000 8.551842e-002 1.292706e-002 3.761458e-002 1.166557e-001 -6.309969e-001 7.396883e-001 2.213535e+000
1.570000e+000 8.851315e-002 1.377351e-002 3.734063e-002 1.173214e-001 -6.318396e-001 7.364759e-001 2.307668e+000
1.580000e+000 7.904635e-002 1.132980e-002 2.715104e-002 1.049823e-001 -6.127844e-001 6.892174e-001 2.133778e+000
1.590000e+000 8.389954e-002 1.283048e-002 3.304792e-002 1.070396e-001 -6.159458e-001 6.970883e-001 2.250919e+000
1.600000e+000 7.448379e-002 9.828163e-003 2.837813e-002 9.229115e-002 -5.844771e-001 6.417620e-001 2.133670e+000
1.610000e+000 7.471237e-002 9.725052e-003 2.420104e-002 9.992500e-002 -5.872469e-001 6.345623e-001 2.103553e+000
1.620000e+000 7.607510e-002 1.013694e-002 2.272708e-002 1.015365e-001 -5.963604e-001 6.638872e-001 2.137672e+000
1.630000e+000 7.722874e-002 1.078958e-002 2.666979e-002 1.059911e-001 -5.924958e-001 6.367433e-001 2.153413e+000
1.640000e+000 7.458444e-002 9.831185e-003 2.728437e-002 9.781354e-002 -5.929531e-001 5.877974e-001 2.105569e+000
1.650000e+000 7.424261e-002 9.719962e-003 3.103125e-002 9.846458e-002 -5.744510e-001 5.559573e-001 2.114556e+000
1.660000e+000 7.162090e-002 9.659148e-003 2.845104e-002 9.031042e-002 -5.558125e-001 5.870778e-001 2.110461e+000
1.670000e+000 6.602347e-002 7.950127e-003 2.313021e-002 8.611354e-002 -5.442854e-001 5.454042e-001 2.003597e+000
1.680000e+000 6.938939e-002 8.249720e-003 2.357917e-002 9.012969e-002 -5.646115e-001 5.514089e-001 2.031347e+000
1.690000e+000 6.171204e-002 6.273070e-003 1.239167e-002 7.730104e-002 -5.303344e-001 4.490658e-001 1.951810e+000
1.700000e+000 6.997477e-002 8.242095e-003 2.168542e-002 8.868385e-002 -5.493312e-001 5.511596e-001 2.089945e+000
1.710000e+000 6.612008e-002 7.619049e-003 1.866458e-002 8.039479e-002 -5.513260e-001 4.574824e-001 2.018674e+000
1.720000e+000 6.721172e-002 7.807757e-003 2.228646e-002 8.223021e-002 -5.370667e-001 5.336804e-001 2.084639e+000
1.730000e+000 6.233206e-002 6.728635e-003 2.126250e-002 7.929479e-002 -5.256833e-001 5.422742e-001 1.951476e+000
1.740000e+000 6.086510e-002 6.329433e-003 1.554062e-002 7.685729e-002 -5.143490e-001 4.793187e-001 1.943221e+000
1.750000e+000 5.875615e-002 5.850602e-003 1.682187e-002 7.347344e-002 -5.083833e-001 4.721349e-001 1.902243e+000
1.760000e+000 5.781676e-002 5.978385e-003 1.411875e-002 7.625677e-002 -5.058521e-001 4.881826e-001 1.861723e+000
1.770000e+000 5.852917e-002 5.829458e-003 1.194792e-002 6.857448e-002 -5.033469e-001 4.470462e-001 1.931895e+000
1.780000e+000 5.732279e-002 5.733652e-003 8.115625e-003 7.094583e-002 -5.130635e-001 4.252335e-001 1.874249e+000
1.790000e+000 5.740202e-002 5.794658e-003 1.359479e-002 7.202240e-002 -5.093990e-001 4.768484e-001 1.876526e+000
1.800000e+000 5.290902e-002 4.908368e-003 1.067083e-002 6.807344e-002 -4.891156e-001 3.750608e-001 1.801203e+000
1.810000e+000 5.549867e-002 5.195648e-003 1.436771e-002 7.065469e-002 -4.904198e-001 3.913460e-001 1.871210e+000
1.820000e+000 5.406169e-002 4.849959e-003 1.151875e-002 6.785104e-002 -4.871875e-001 4.234918e-001 1.826129e+000
1.830000e+000 5.463337e-002 5.101045e-003 1.352708e-002 6.346510e-002 -4.822979e-001 3.974863e-001 1.875856e+000
1.840000e+000 5.262594e-002 4.766222e-003 1.183333e-002 6.588854e-002 -4.742885e-001 3.652941e-001 1.809787e+000
1.850000e+000 5.635850e-002 5.217375e-003 1.015417e-002 6.929115e-002 -4.864385e-001 3.770198e-001 1.898901e+000
1.860000e+000 5.145622e-002 4.628548e-003 1.257188e-002 5.954688e-002 -4.659198e-001 3.652039e-001 1.812630e+000
1.870000e+000 4.910762e-002 4.233629e-003 1.369687e-002 6.142292e-002 -4.606198e-001 3.499957e-001 1.729528e+000
1.880000e+000 5.161908e-002 4.654938e-003 7.633333e-003 6.280938e-002 -4.807562e-001 4.162342e-001 1.779366e+000
1.890000e+000 4.831963e-002 3.937010e-003 5.546875e-003 5.279688e-002 -4.559375e-001 3.425380e-001 1.770650e+000
1.900000e+000 5.190638e-002 4.780610e-003 1.351562e-002 6.346146e-002 -4.764906e-001 4.257991e-001 1.784348e+000
1.910000e+000 4.914193e-002 4.140002e-003 1.028125e-002 5.759167e-002 -4.537656e-001 3.739243e-001 1.754987e+000
1.920000e+000 4.928073e-002 4.048583e-003 9.313542e-003 5.620208e-002 -4.428562e-001 3.455720e-001 1.806027e+000
1.930000e+000 5.152507e-002 4.498870e-003 1.164688e-002 6.272552e-002 -4.602573e-001 3.633619e-001 1.795083e+000
1.940000e+000 4.628105e-002 3.595413e-003 1.273958e-003 5.253073e-002 -4.371469e-001 3.372374e-001 1.708138e+000
1.950000e+000 4.629831e-002 3.559374e-003 1.326042e-003 5.226510e-002 -4.414938e-001 3.198908e-001 1.722332e+000
1.960000e+000 4.637526e-002 3.554472e-003 1.312812e-002 4.994688e-002 -4.263021e-001 3.160633e-001 1.752170e+000
1.970000e+000 4.634199e-002 3.639467e-003 2.465625e-003 5.390729e-002 -4.331948e-001 2.900247e-001 1.717573e+000
1.980000e+000 4.661774e-002 3.654689e-003 2.461458e-003 5.288750e-002 -4.303542e-001 2.874590e-001 1.762172e+000
1.990000e+000 4.560156e-002 3.412034e-003 8.395833e-003 4.911771e-002 -4.310906e-001 3.080204e-001 1.734193e+000
2.000000e+000 4.491729e-002 3.393338e-003 4.702083e-003 5.050521e-002 -4.198156e-001 2.901750e-001 1.733910e+000
