	temp	m2	m4	g2	g4	e1	cv	corr
0	0.000000e+00	1.000000e+00	1.000000e+00	1.000000e+00	1.000000e+00	-2.000000e+00	-1.000000e+00	
1	1.000000e-02	1.000000e+00	1.000000e+00	1.000000e+00	1.000000e+00	-2.000000e+00	0.000000e+00	4.382421e+16
2	2.000000e-02	1.000000e+00	1.000000e+00	1.000000e+00	1.000000e+00	-2.000000e+00	0.000000e+00	4.382421e+16
3	3.000000e-02	1.000000e+00	1.000000e+00	1.000000e+00	1.000000e+00	-2.000000e+00	0.000000e+00	4.382421e+16
4	4.000000e-02	1.000000e+00	1.000000e+00	1.000000e+00	1.000000e+00	-2.000000e+00	0.000000e+00	4.382421e+16
5	5.000000e-02	1.000000e+00	1.000000e+00	1.000000e+00	1.000000e+00	-2.000000e+00	0.000000e+00	4.382421e+16
6	6.000000e-02	1.000000e+00	1.000000e+00	1.000000e+00	1.000000e+00	-2.000000e+00	0.000000e+00	4.382421e+16
7	7.000000e-02	1.000000e+00	1.000000e+00	1.000000e+00	1.000000e+00	-2.000000e+00	0.000000e+00	4.382421e+16
8	8.000000e-02	1.000000e+00	1.000000e+00	1.000000e+00	1.000000e+00	-2.000000e+00	0.000000e+00	4.382421e+16
9	9.000000e-02	1.000000e+00	1.000000e+00	1.000000e+00	1.000000e+00	-2.000000e+00	0.000000e+00	4.382421e+16
10	1.000000e-01	1.000000e+00	1.000000e+00	1.000000e+00	1.000000e+00	-2.000000e+00	0.000000e+00	4.382421e+16
11	1.100000e-01	1.000000e+00	1.000000e+00	1.000000e+00	1.000000e+00	-2.000000e+00	0.000000e+00	4.382421e+16
12	1.200000e-01	1.000000e+00	1.000000e+00	1.000000e+00	1.000000e+00	-2.000000e+00	0.000000e+00	4.382421e+16
13	1.300000e-01	1.000000e+00	1.000000e+00	1.000000e+00	1.000000e+00	-2.000000e+00	0.000000e+00	4.382421e+16
14	1.400000e-01	1.000000e+00	1.000000e+00	1.000000e+00	1.000000e+00	-2.000000e+00	0.000000e+00	4.382421e+16
15	1.500000e-01	1.000000e+00	1.000000e+00	1.000000e+00	1.000000e+00	-2.000000e+00	0.000000e+00	4.382421e+16
16	1.600000e-01	1.000000e+00	1.000000e+00	1.000000e+00	1.000000e+00	-2.000000e+00	0.000000e+00	4.382421e+16
17	1.700000e-01	1.000000e+00	1.000000e+00	1.000000e+00	1.000000e+00	-2.000000e+00	0.000000e+00	4.382421e+16
18	1.800000e-01	1.000000e+00	1.000000e+00	1.000000e+00	1.000000e+00	-2.000000e+00	0.000000e+00	4.382421e+16
19	1.900000e-01	1.000000e+00	1.000000e+00	1.000000e+00	1.000000e+00	-2.000000e+00	0.000000e+00	4.382421e+16
20	2.000000e-01	1.000000e+00	1.000000e+00	1.000000e+00	1.000000e+00	-2.000000e+00	0.000000e+00	4.382421e+16
21	2.100000e-01	1.000000e+00	1.000000e+00	1.000000e+00	1.000000e+00	-2.000000e+00	0.000000e+00	4.382421e+16
22	2.200000e-01	1.000000e+00	1.000000e+00	1.000000e+00	1.000000e+00	-2.000000e+00	0.000000e+00	4.382421e+16
23	2.300000e-01	1.000000e+00	1.000000e+00	1.000000e+00	1.000000e+00	-2.000000e+00	0.000000e+00	4.382421e+16
24	2.400000e-01	1.000000e+00	1.000000e+00	1.000000e+00	1.000000e+00	-2.000000e+00	0.000000e+00	4.382421e+16
25	2.500000e-01	1.000000e+00	1.000000e+00	1.000000e+00	1.000000e+00	-2.000000e+00	0.000000e+00	4.382421e+16
26	2.600000e-01	1.000000e+00	1.000000e+00	1.000000e+00	1.000000e+00	-2.000000e+00	0.000000e+00	4.382421e+16
27	2.700000e-01	1.000000e+00	1.000000e+00	1.000000e+00	1.000000e+00	-2.000000e+00	0.000000e+00	4.382421e+16
28	2.800000e-01	1.000000e+00	1.000000e+00	1.000000e+00	1.000000e+00	-2.000000e+00	0.000000e+00	4.382421e+16
29	2.900000e-01	9.999924e-01	9.999851e-01	9.999923e-01	9.999923e-01	-1.999985e+00	9.758634e-04	3.944179e+16
30	3.000000e-01	9.999990e-01	9.999980e-01	9.999990e-01	9.999990e-01	-1.999998e+00	1.234259e-04	3.944179e+16
31	3.100000e-01	1.000000e+00	1.000000e+00	1.000000e+00	1.000000e+00	-2.000000e+00	0.000000e+00	4.382421e+16
32	3.200000e-01	1.000000e+00	1.000000e+00	1.000000e+00	1.000000e+00	-2.000000e+00	0.000000e+00	4.382421e+16
33	3.300000e-01	1.000000e+00	1.000000e+00	1.000000e+00	1.000000e+00	-2.000000e+00	0.000000e+00	4.382421e+16
34	3.400000e-01	1.000000e+00	1.000000e+00	1.000000e+00	1.000000e+00	-2.000000e+00	0.000000e+00	4.382421e+16
35	3.500000e-01	9.999988e-01	9.999976e-01	9.999987e-01	9.999987e-01	-1.999997e+00	1.088109e-04	3.944179e+16
36	3.600000e-01	9.999961e-01	9.999924e-01	9.999960e-01	9.999960e-01	-1.999992e+00	3.256130e-04	3.505937e+16
37	3.700000e-01	9.999961e-01	9.999924e-01	9.999961e-01	9.999961e-01	-1.999992e+00	3.082014e-04	3.505937e+16
38	3.800000e-01	9.999986e-01	9.999972e-01	9.999985e-01	9.999985e-01	-1.999997e+00	1.077139e-04	2.629453e+16
39	3.900000e-01	9.999928e-01	9.999859e-01	9.999927e-01	9.999927e-01	-1.999985e+00	5.111324e-04	2.191211e+16
40	4.000000e-01	9.999899e-01	9.999803e-01	9.999898e-01	9.999898e-01	-1.999980e+00	6.801687e-04	1.752968e+16
41	4.100000e-01	9.999860e-01	9.999727e-01	9.999858e-01	9.999858e-01	-1.999972e+00	8.981664e-04	1.314726e+16
42	4.200000e-01	9.999676e-01	9.999365e-01	9.999671e-01	9.999671e-01	-1.999934e+00	1.988205e-03	3.660712e+03
43	4.300000e-01	9.999731e-01	9.999474e-01	9.999727e-01	9.999727e-01	-1.999945e+00	1.572044e-03	1.314726e+16
44	4.400000e-01	9.999586e-01	9.999189e-01	9.999579e-01	9.999579e-01	-1.999916e+00	2.314028e-03	4.382421e+15
45	4.500000e-01	9.999446e-01	9.998915e-01	9.999438e-01	9.999438e-01	-1.999887e+00	2.958137e-03	2.281016e+03
46	4.600000e-01	9.999399e-01	9.998823e-01	9.999390e-01	9.999390e-01	-1.999878e+00	3.070317e-03	2.448042e+03
47	4.700000e-01	9.999182e-01	9.998400e-01	9.999169e-01	9.999169e-01	-1.999836e+00	4.027139e-03	1.753219e+03
48	4.800000e-01	9.998675e-01	9.997406e-01	9.998654e-01	9.998654e-01	-1.999731e+00	6.247004e-03	1.434258e+03
49	4.900000e-01	9.998320e-01	9.996710e-01	9.998294e-01	9.998294e-01	-1.999659e+00	7.544646e-03	1.198984e+03
50	5.000000e-01	9.997684e-01	9.995468e-01	9.997646e-01	9.997646e-01	-1.999534e+00	1.003653e-02	1.073503e+03
51	5.100000e-01	9.997519e-01	9.995139e-01	9.997479e-01	9.997479e-01	-1.999496e+00	1.028680e-02	9.701561e+02
52	5.200000e-01	9.997087e-01	9.994302e-01	9.997037e-01	9.997037e-01	-1.999415e+00	1.192610e-02	8.496184e+02
53	5.300000e-01	9.996892e-01	9.993912e-01	9.996842e-01	9.996842e-01	-1.999370e+00	1.194042e-02	8.338239e+02
54	5.400000e-01	9.995429e-01	9.991062e-01	9.995351e-01	9.995350e-01	-1.999090e+00	1.702143e-02	6.777683e+02
55	5.500000e-01	9.994689e-01	9.989619e-01	9.994596e-01	9.994596e-01	-1.998933e+00	2.007231e-02	6.413344e+02
56	5.600000e-01	9.994246e-01	9.988735e-01	9.994152e-01	9.994152e-01	-1.998837e+00	1.985323e-02	6.160916e+02
57	5.700000e-01	9.993483e-01	9.987248e-01	9.993373e-01	9.993373e-01	-1.998691e+00	2.182813e-02	5.704124e+02
58	5.800000e-01	9.991529e-01	9.983423e-01	9.991387e-01	9.991389e-01	-1.998294e+00	2.721770e-02	5.027097e+02
59	5.900000e-01	9.990401e-01	9.981223e-01	9.990240e-01	9.990240e-01	-1.998068e+00	3.017703e-02	4.699974e+02
60	6.000000e-01	9.988840e-01	9.978180e-01	9.988648e-01	9.988651e-01	-1.997768e+00	3.397190e-02	4.330447e+02
61	6.100000e-01	9.986403e-01	9.973408e-01	9.986173e-01	9.986178e-01	-1.997267e+00	3.990934e-02	3.936822e+02
62	6.200000e-01	9.983676e-01	9.968079e-01	9.983403e-01	9.983401e-01	-1.996722e+00	4.621794e-02	3.564505e+02
63	6.300000e-01	9.980756e-01	9.962403e-01	9.980417e-01	9.980430e-01	-1.996155e+00	5.346562e-02	3.267063e+02
64	6.400000e-01	9.979100e-01	9.959172e-01	9.978730e-01	9.978743e-01	-1.995826e+00	5.641965e-02	3.150009e+02
65	6.500000e-01	9.978418e-01	9.957834e-01	9.978046e-01	9.978053e-01	-1.995680e+00	5.648376e-02	3.070443e+02
66	6.600000e-01	9.974582e-01	9.950365e-01	9.974191e-01	9.974168e-01	-1.994927e+00	6.471185e-02	2.809943e+02
67	6.700000e-01	9.969782e-01	9.940986e-01	9.969252e-01	9.969291e-01	-1.993966e+00	7.341751e-02	2.579220e+02
68	6.800000e-01	9.966686e-01	9.935002e-01	9.966103e-01	9.966085e-01	-1.993412e+00	7.878031e-02	2.424617e+02
69	6.900000e-01	9.961435e-01	9.924777e-01	9.960720e-01	9.960850e-01	-1.992344e+00	8.967095e-02	2.255110e+02
70	7.000000e-01	9.953579e-01	9.909518e-01	9.952739e-01	9.952766e-01	-1.990825e+00	1.050440e-01	2.044989e+02
71	7.100000e-01	9.952122e-01	9.906685e-01	9.951288e-01	9.951272e-01	-1.990521e+00	1.057592e-01	2.022833e+02
72	7.200000e-01	9.945268e-01	9.893414e-01	9.944200e-01	9.944301e-01	-1.989222e+00	1.179231e-01	1.869015e+02
73	7.300000e-01	9.939122e-01	9.881461e-01	9.937995e-01	9.938064e-01	-1.988000e+00	1.263917e-01	1.769895e+02
74	7.400000e-01	9.934909e-01	9.873298e-01	9.933704e-01	9.933792e-01	-1.987161e+00	1.325626e-01	1.718261e+02
75	7.500000e-01	9.922168e-01	9.848641e-01	9.920837e-01	9.920797e-01	-1.984674e+00	1.552936e-01	1.562121e+02
76	7.600000e-01	9.916588e-01	9.837801e-01	9.915059e-01	9.915154e-01	-1.983593e+00	1.594823e-01	1.503970e+02
77	7.700000e-01	9.909255e-01	9.823810e-01	9.907564e-01	9.907677e-01	-1.982285e+00	1.727970e-01	1.423392e+02
78	7.800000e-01	9.899274e-01	9.804570e-01	9.897304e-01	9.897523e-01	-1.980352e+00	1.856434e-01	1.343680e+02
79	7.900000e-01	9.888565e-01	9.784012e-01	9.886295e-01	9.886757e-01	-1.978403e+00	2.003802e-01	1.261384e+02
80	8.000000e-01	9.877007e-01	9.761780e-01	9.874615e-01	9.874892e-01	-1.976102e+00	2.195079e-01	1.205345e+02
81	8.100000e-01	9.863526e-01	9.735925e-01	9.860762e-01	9.861092e-01	-1.973542e+00	2.371111e-01	1.141431e+02
82	8.200000e-01	9.850607e-01	9.711362e-01	9.847462e-01	9.848190e-01	-1.971225e+00	2.530149e-01	1.072631e+02
83	8.300000e-01	9.836679e-01	9.684836e-01	9.833399e-01	9.833993e-01	-1.968618e+00	2.752177e-01	1.022286e+02
84	8.400000e-01	9.823098e-01	9.658838e-01	9.819443e-01	9.820026e-01	-1.966126e+00	2.889800e-01	9.763731e+01
85	8.500000e-01	9.806635e-01	9.627354e-01	9.802931e-01	9.803443e-01	-1.962898e+00	3.064889e-01	9.316944e+01
86	8.600000e-01	9.788768e-01	9.593559e-01	9.784291e-01	9.785176e-01	-1.959757e+00	3.258842e-01	8.824027e+01
87	8.700000e-01	9.770784e-01	9.559795e-01	9.765662e-01	9.767178e-01	-1.956492e+00	3.533569e-01	8.368754e+01
88	8.800000e-01	9.751832e-01	9.523669e-01	9.746336e-01	9.747677e-01	-1.952770e+00	3.722423e-01	8.082151e+01
89	8.900000e-01	9.734141e-01	9.490636e-01	9.727957e-01	9.729737e-01	-1.949716e+00	3.945980e-01	7.708244e+01
90	9.000000e-01	9.707510e-01	9.441003e-01	9.700821e-01	9.703082e-01	-1.944929e+00	4.293438e-01	7.297640e+01
91	9.100000e-01	9.687467e-01	9.402852e-01	9.680388e-01	9.682499e-01	-1.941061e+00	4.372180e-01	7.043013e+01
92	9.200000e-01	9.662991e-01	9.357852e-01	9.655044e-01	9.658135e-01	-1.936797e+00	4.745286e-01	6.687036e+01
93	9.300000e-01	9.628921e-01	9.293626e-01	9.620368e-01	9.623233e-01	-1.930542e+00	5.008737e-01	6.361788e+01
94	9.400000e-01	9.604366e-01	9.248857e-01	9.594465e-01	9.598955e-01	-1.926439e+00	5.292714e-01	6.056149e+01
95	9.500000e-01	9.571592e-01	9.190163e-01	9.560343e-01	9.565747e-01	-1.920971e+00	5.791818e-01	5.701784e+01
96	9.600000e-01	9.538790e-01	9.129632e-01	9.526661e-01	9.533101e-01	-1.915059e+00	6.148516e-01	5.481831e+01
97	9.700000e-01	9.509976e-01	9.076614e-01	9.497243e-01	9.503594e-01	-1.910056e+00	6.252902e-01	5.263415e+01
98	9.800000e-01	9.463652e-01	8.993639e-01	9.449148e-01	9.456957e-01	-1.902175e+00	6.886359e-01	4.962197e+01
99	9.900000e-01	9.423069e-01	8.920192e-01	9.406926e-01	9.417043e-01	-1.895110e+00	7.261602e-01	4.730502e+01
100	1.000000e+00	9.372032e-01	8.828478e-01	9.354150e-01	9.364943e-01	-1.886555e+00	7.741288e-01	4.475644e+01
101	1.010000e+00	9.333167e-01	8.760068e-01	9.314918e-01	9.326565e-01	-1.879733e+00	8.183730e-01	4.318364e+01
102	1.020000e+00	9.277599e-01	8.663225e-01	9.256381e-01	9.271729e-01	-1.870461e+00	8.779916e-01	4.082784e+01
103	1.030000e+00	9.229583e-01	8.578699e-01	9.205979e-01	9.223149e-01	-1.862429e+00	9.328595e-01	3.918106e+01
104	1.040000e+00	9.174919e-01	8.484552e-01	9.149237e-01	9.168822e-01	-1.853651e+00	9.790595e-01	3.719888e+01
105	1.050000e+00	9.099875e-01	8.358599e-01	9.069496e-01	9.097169e-01	-1.842082e+00	1.069551e+00	3.443637e+01
106	1.060000e+00	9.030791e-01	8.239870e-01	8.997770e-01	9.026569e-01	-1.830946e+00	1.115695e+00	3.292827e+01
107	1.070000e+00	8.956018e-01	8.116157e-01	8.920917e-01	8.953189e-01	-1.819121e+00	1.205466e+00	3.101977e+01
108	1.080000e+00	8.866410e-01	7.972922e-01	8.827051e-01	8.865284e-01	-1.805170e+00	1.344793e+00	2.922112e+01
109	1.090000e+00	8.781984e-01	7.830537e-01	8.738229e-01	8.782912e-01	-1.791383e+00	1.390468e+00	2.777568e+01
110	1.100000e+00	8.665552e-01	7.655406e-01	8.613563e-01	8.671007e-01	-1.775257e+00	1.584321e+00	2.553023e+01
111	1.110000e+00	8.549748e-01	7.471166e-01	8.490870e-01	8.561465e-01	-1.757892e+00	1.667066e+00	2.395483e+01
112	1.120000e+00	8.476083e-01	7.362443e-01	8.413848e-01	8.490077e-01	-1.746865e+00	1.755572e+00	2.292980e+01
113	1.130000e+00	8.328658e-01	7.140537e-01	8.257611e-01	8.346279e-01	-1.725536e+00	1.941624e+00	2.130145e+01
114	1.140000e+00	8.188193e-01	6.949899e-01	8.107130e-01	8.217162e-01	-1.706999e+00	2.181530e+00	1.972009e+01
115	1.150000e+00	8.036253e-01	6.726852e-01	7.947010e-01	8.072826e-01	-1.685259e+00	2.305298e+00	1.846104e+01
116	1.160000e+00	7.896763e-01	6.533532e-01	7.797020e-01	7.942143e-01	-1.665232e+00	2.451221e+00	1.743784e+01
117	1.170000e+00	7.672637e-01	6.236869e-01	7.561980e-01	7.732268e-01	-1.634347e+00	2.796399e+00	1.595797e+01
118	1.180000e+00	7.372483e-01	5.844773e-01	7.241821e-01	7.453193e-01	-1.594206e+00	3.090771e+00	1.435215e+01
119	1.190000e+00	7.243971e-01	5.687534e-01	7.103894e-01	7.335811e-01	-1.577631e+00	3.255750e+00	1.373302e+01
120	1.200000e+00	6.970109e-01	5.351697e-01	6.812431e-01	7.084123e-01	-1.541572e+00	3.511255e+00	1.258936e+01
121	1.210000e+00	6.623413e-01	4.937241e-01	6.437442e-01	6.764020e-01	-1.495707e+00	3.744343e+00	1.137763e+01
122	1.220000e+00	6.371358e-01	4.659411e-01	6.169263e-01	6.529211e-01	-1.463075e+00	4.054818e+00	1.063906e+01
123	1.230000e+00	6.074047e-01	4.340240e-01	5.860425e-01	6.256382e-01	-1.424682e+00	4.308431e+00	9.836495e+00
124	1.240000e+00	5.614096e-01	3.851687e-01	5.360874e-01	5.831138e-01	-1.363461e+00	4.588129e+00	8.821539e+00
125	1.250000e+00	5.315121e-01	3.555211e-01	5.040141e-01	5.568080e-01	-1.326440e+00	4.656368e+00	8.185839e+00
126	1.260000e+00	4.948390e-01	3.181022e-01	4.631666e-01	5.225264e-01	-1.280159e+00	4.593702e+00	7.540029e+00
127	1.270000e+00	4.579046e-01	2.837416e-01	4.252381e-01	4.882490e-01	-1.229818e+00	4.633967e+00	6.963242e+00
128	1.280000e+00	4.305913e-01	2.575822e-01	3.958032e-01	4.620738e-01	-1.192008e+00	4.508690e+00	6.571404e+00
129	1.290000e+00	3.918661e-01	2.230188e-01	3.538428e-01	4.273430e-01	-1.143235e+00	4.324440e+00	5.981409e+00
130	1.300000e+00	3.701213e-01	2.026717e-01	3.316926e-01	4.069342e-01	-1.111352e+00	4.081526e+00	5.697003e+00
131	1.310000e+00	3.356228e-01	1.742233e-01	2.938895e-01	3.739236e-01	-1.065676e+00	3.819803e+00	5.261365e+00
132	1.320000e+00	3.040753e-01	1.493313e-01	2.613101e-01	3.435846e-01	-1.022225e+00	3.573528e+00	4.880726e+00
133	1.330000e+00	2.917537e-01	1.381217e-01	2.484405e-01	3.322748e-01	-1.003546e+00	3.330024e+00	4.718767e+00
134	1.340000e+00	2.606741e-01	1.142270e-01	2.148723e-01	3.027935e-01	-9.599183e-01	2.979290e+00	4.353797e+00
135	1.350000e+00	2.400533e-01	1.001568e-01	1.923554e-01	2.823018e-01	-9.286511e-01	2.752174e+00	4.114088e+00
136	1.360000e+00	2.220708e-01	8.685181e-02	1.739440e-01	2.650201e-01	-8.987735e-01	2.515858e+00	3.907036e+00
137	1.370000e+00	2.068383e-01	7.701688e-02	1.584726e-01	2.498632e-01	-8.762211e-01	2.380511e+00	3.720191e+00
138	1.380000e+00	1.955920e-01	6.844707e-02	1.467677e-01	2.384248e-01	-8.599696e-01	2.097769e+00	3.585422e+00
139	1.390000e+00	1.814868e-01	6.015829e-02	1.315050e-01	2.236636e-01	-8.331667e-01	1.987130e+00	3.442947e+00
140	1.400000e+00	1.729334e-01	5.531833e-02	1.224029e-01	2.146171e-01	-8.187801e-01	1.875080e+00	3.341024e+00
141	1.410000e+00	1.633739e-01	4.976193e-02	1.133471e-01	2.043911e-01	-8.022632e-01	1.731509e+00	3.226446e+00
142	1.420000e+00	1.495103e-01	4.184513e-02	9.702698e-02	1.912764e-01	-7.780373e-01	1.579373e+00	3.048368e+00
143	1.430000e+00	1.441055e-01	3.844461e-02	9.392063e-02	1.849530e-01	-7.673214e-01	1.457243e+00	2.975708e+00
144	1.440000e+00	1.365298e-01	3.438048e-02	8.648917e-02	1.756914e-01	-7.500657e-01	1.339072e+00	2.902622e+00
145	1.450000e+00	1.333667e-01	3.272476e-02	8.171677e-02	1.725731e-01	-7.474811e-01	1.271681e+00	2.848694e+00
146	1.460000e+00	1.247607e-01	2.876124e-02	7.457771e-02	1.626642e-01	-7.282158e-01	1.199734e+00	2.751336e+00
147	1.470000e+00	1.209914e-01	2.729842e-02	7.068156e-02	1.578539e-01	-7.173430e-01	1.179207e+00	2.703594e+00
148	1.480000e+00	1.137619e-01	2.420602e-02	6.255344e-02	1.490793e-01	-6.997966e-01	1.109076e+00	2.620934e+00
149	1.490000e+00	1.078476e-01	2.131478e-02	5.643615e-02	1.431748e-01	-6.864759e-01	1.007897e+00	2.536770e+00
150	1.500000e+00	1.065329e-01	2.100412e-02	5.639500e-02	1.402179e-01	-6.840550e-01	9.836438e-01	2.527268e+00
151	1.510000e+00	1.028792e-01	1.959529e-02	5.141864e-02	1.368364e-01	-6.753356e-01	9.587617e-01	2.474068e+00
152	1.520000e+00	1.000975e-01	1.838645e-02	4.955135e-02	1.329539e-01	-6.673917e-01	9.067903e-01	2.440162e+00
153	1.530000e+00	9.922873e-02	1.796665e-02	4.923563e-02	1.313272e-01	-6.603414e-01	9.048355e-01	2.437881e+00
154	1.540000e+00	9.156463e-02	1.556848e-02	4.233073e-02	1.214395e-01	-6.410002e-01	8.446093e-01	2.338711e+00
155	1.550000e+00	9.375696e-02	1.592660e-02	4.297812e-02	1.244975e-01	-6.462153e-01	8.340717e-01	2.371705e+00
156	1.560000e+00	8.889771e-02	1.416554e-02	3.934906e-02	1.186367e-01	-6.319783e-01	7.514923e-01	2.299332e+00
157	1.570000e+00	8.809840e-02	1.391827e-02	3.790167e-02	1.182994e-01	-6.317449e-01	7.460898e-01	2.288872e+00
158	1.580000e+00	8.265443e-02	1.237455e-02	3.383812e-02	1.091621e-01	-6.113045e-01	7.220022e-01	2.218683e+00
159	1.590000e+00	8.152861e-02	1.186060e-02	3.227677e-02	1.068383e-01	-6.086299e-01	7.119725e-01	2.212883e+00
160	1.600000e+00	7.963437e-02	1.142640e-02	3.110969e-02	1.053780e-01	-5.993205e-01	6.777089e-01	2.182131e+00
161	1.610000e+00	7.775203e-02	1.073405e-02	2.963198e-02	1.034819e-01	-5.984478e-01	6.528491e-01	2.151484e+00
162	1.620000e+00	7.552098e-02	1.002634e-02	2.613490e-02	9.997381e-02	-5.884648e-01	6.223200e-01	2.121759e+00
163	1.630000e+00	7.509673e-02	9.961514e-03	2.677136e-02	9.896775e-02	-5.868709e-01	6.225067e-01	2.120823e+00
164	1.640000e+00	7.258006e-02	9.437694e-03	2.424916e-02	9.567718e-02	-5.798994e-01	5.984445e-01	2.077949e+00
165	1.650000e+00	7.228770e-02	9.183830e-03	2.618396e-02	9.608526e-02	-5.710126e-01	5.855235e-01	2.083831e+00
166	1.660000e+00	7.014480e-02	8.702848e-03	2.308438e-02	9.100688e-02	-5.626562e-01	5.901838e-01	2.053050e+00
167	1.670000e+00	6.810906e-02	8.178785e-03	2.093583e-02	8.989448e-02	-5.562452e-01	5.685490e-01	2.019126e+00
168	1.680000e+00	6.673855e-02	7.867465e-03	2.181583e-02	8.600755e-02	-5.511238e-01	5.474885e-01	2.008552e+00
169	1.690000e+00	6.441632e-02	7.276078e-03	1.738823e-02	8.295307e-02	-5.411118e-01	5.382810e-01	1.975844e+00
170	1.700000e+00	6.535862e-02	7.499638e-03	1.854635e-02	8.364823e-02	-5.412664e-01	5.214196e-01	1.996534e+00
171	1.710000e+00	6.391128e-02	7.153851e-03	1.772094e-02	8.112760e-02	-5.378029e-01	5.019568e-01	1.974576e+00
172	1.720000e+00	6.342919e-02	7.116758e-03	1.741823e-02	8.080042e-02	-5.311794e-01	5.119439e-01	1.977863e+00
173	1.730000e+00	6.185788e-02	6.628629e-03	1.669739e-02	7.844213e-02	-5.282739e-01	4.863098e-01	1.945398e+00
174	1.740000e+00	6.111586e-02	6.532923e-03	1.660417e-02	7.845839e-02	-5.236280e-01	4.845950e-01	1.924094e+00
175	1.750000e+00	6.044875e-02	6.404578e-03	1.647031e-02	7.509901e-02	-5.165676e-01	4.650511e-01	1.939007e+00
176	1.760000e+00	5.839216e-02	5.955489e-03	1.330844e-02	7.380089e-02	-5.114591e-01	4.612261e-01	1.890632e+00
177	1.770000e+00	5.690449e-02	5.572168e-03	1.454167e-02	7.166037e-02	-5.057178e-01	4.211652e-01	1.864531e+00
178	1.780000e+00	5.738980e-02	5.797342e-03	1.323354e-02	6.993453e-02	-5.014584e-01	4.514640e-01	1.891761e+00
179	1.790000e+00	5.696036e-02	5.621821e-03	1.326000e-02	6.916182e-02	-5.017614e-01	4.398945e-01	1.884279e+00
180	1.800000e+00	5.547722e-02	5.274179e-03	1.151177e-02	6.892630e-02	-4.927683e-01	4.149008e-01	1.864970e+00
181	1.810000e+00	5.379648e-02	5.037841e-03	1.136219e-02	6.600391e-02	-4.882608e-01	3.959996e-01	1.820613e+00
182	1.820000e+00	5.441693e-02	5.095637e-03	1.305927e-02	6.761016e-02	-4.872791e-01	4.092229e-01	1.840125e+00
183	1.830000e+00	5.381006e-02	4.984226e-03	1.179365e-02	6.495854e-02	-4.851122e-01	3.957139e-01	1.830247e+00
184	1.840000e+00	5.281159e-02	4.786895e-03	1.088354e-02	6.419130e-02	-4.828343e-01	3.774269e-01	1.812688e+00
185	1.850000e+00	5.243821e-02	4.782336e-03	8.019167e-03	6.268443e-02	-4.764485e-01	3.882874e-01	1.810620e+00
186	1.860000e+00	5.136327e-02	4.473838e-03	9.080208e-03	6.176750e-02	-4.714797e-01	3.557807e-01	1.784848e+00
187	1.870000e+00	4.884867e-02	4.097298e-03	7.604791e-03	5.833104e-02	-4.640225e-01	3.532417e-01	1.739268e+00
188	1.880000e+00	5.036214e-02	4.385209e-03	9.173958e-03	5.888157e-02	-4.677684e-01	3.777611e-01	1.779053e+00
189	1.890000e+00	4.949579e-02	4.112920e-03	5.736979e-03	5.825031e-02	-4.626101e-01	3.563441e-01	1.764392e+00
190	1.900000e+00	4.916690e-02	4.138113e-03	9.447083e-03	5.823537e-02	-4.580274e-01	3.511762e-01	1.763049e+00
191	1.910000e+00	4.906211e-02	4.068149e-03	7.737396e-03	5.677448e-02	-4.573055e-01	3.403417e-01	1.763841e+00
192	1.920000e+00	4.808195e-02	3.919286e-03	8.675728e-03	5.533010e-02	-4.467926e-01	3.182993e-01	1.757175e+00
193	1.930000e+00	4.838841e-02	3.979100e-03	6.307397e-03	5.690880e-02	-4.502548e-01	3.385822e-01	1.748834e+00
194	1.940000e+00	4.682554e-02	3.727939e-03	7.153438e-03	5.424375e-02	-4.394246e-01	3.294259e-01	1.731746e+00
195	1.950000e+00	4.722137e-02	3.766166e-03	6.137187e-03	5.416088e-02	-4.407551e-01	3.235464e-01	1.741995e+00
196	1.960000e+00	4.612657e-02	3.551155e-03	7.971145e-03	5.193844e-02	-4.350580e-01	3.068686e-01	1.719186e+00
197	1.970000e+00	4.654231e-02	3.697177e-03	5.514167e-03	5.212297e-02	-4.369951e-01	3.042158e-01	1.728571e+00
198	1.980000e+00	4.560741e-02	3.550744e-03	6.123021e-03	5.171021e-02	-4.297960e-01	2.984129e-01	1.715008e+00
199	1.990000e+00	4.509999e-02	3.445887e-03	5.831666e-03	4.900010e-02	-4.325952e-01	3.004136e-01	1.704762e+00
200	2.000000e+00	4.474210e-02	3.366239e-03	5.747292e-03	4.936005e-02	-4.246143e-01	2.949813e-01	1.701237e+00
