# Temperature          M^2          M^4          G^2          G^4       Energy           Cv         Corr
 0.000000e+00  1.000000e+00  1.000000e+00  1.000000e+00  1.000000e+00 -4.000000e+00  0.000000e+00  0.000000e+00
 1.000000e-02  1.000000e+00  1.000000e+00  1.000000e+00  1.000000e+00 -4.000000e+00 -2.046363e-08  0.000000e+00
 2.000000e-02  1.000000e+00  1.000000e+00  1.000000e+00  1.000000e+00 -4.000000e+00 -5.115908e-09  0.000000e+00
 3.000000e-02  1.000000e+00  1.000000e+00  1.000000e+00  1.000000e+00 -4.000000e+00 -2.273737e-09  0.000000e+00
 4.000000e-02  1.000000e+00  1.000000e+00  1.000000e+00  1.000000e+00 -4.000000e+00 -1.278977e-09  0.000000e+00
 5.000000e-02  1.000000e+00  1.000000e+00  1.000000e+00  1.000000e+00 -4.000000e+00 -8.185452e-10  0.000000e+00
 6.000000e-02  1.000000e+00  1.000000e+00  1.000000e+00  1.000000e+00 -4.000000e+00 -5.684342e-10  0.000000e+00
 7.000000e-02  1.000000e+00  1.000000e+00  1.000000e+00  1.000000e+00 -4.000000e+00 -4.176251e-10  0.000000e+00
 8.000000e-02  1.000000e+00  1.000000e+00  1.000000e+00  1.000000e+00 -4.000000e+00 -3.197442e-10  0.000000e+00
 9.000000e-02  1.000000e+00  1.000000e+00  1.000000e+00  1.000000e+00 -4.000000e+00 -2.526374e-10  0.000000e+00
 1.000000e-01  1.000000e+00  1.000000e+00  1.000000e+00  1.000000e+00 -4.000000e+00 -2.046363e-10  0.000000e+00
 1.100000e-01  1.000000e+00  1.000000e+00  1.000000e+00  1.000000e+00 -4.000000e+00 -1.691209e-10  0.000000e+00
 1.200000e-01  1.000000e+00  1.000000e+00  1.000000e+00  1.000000e+00 -4.000000e+00 -1.421085e-10  0.000000e+00
 1.300000e-01  1.000000e+00  1.000000e+00  1.000000e+00  1.000000e+00 -4.000000e+00 -1.210866e-10  0.000000e+00
 1.400000e-01  1.000000e+00  1.000000e+00  1.000000e+00  1.000000e+00 -4.000000e+00 -1.044063e-10  0.000000e+00
 1.500000e-01  1.000000e+00  1.000000e+00  1.000000e+00  1.000000e+00 -4.000000e+00 -9.094947e-11  0.000000e+00
 1.600000e-01  1.000000e+00  1.000000e+00  1.000000e+00  1.000000e+00 -4.000000e+00 -7.993606e-11  0.000000e+00
 1.700000e-01  1.000000e+00  1.000000e+00  1.000000e+00  1.000000e+00 -4.000000e+00 -7.080841e-11  0.000000e+00
 1.800000e-01  1.000000e+00  1.000000e+00  1.000000e+00  1.000000e+00 -4.000000e+00 -6.315935e-11  0.000000e+00
 1.900000e-01  1.000000e+00  1.000000e+00  1.000000e+00  1.000000e+00 -4.000000e+00 -5.668596e-11  0.000000e+00
 2.000000e-01  1.000000e+00  1.000000e+00  1.000000e+00  1.000000e+00 -4.000000e+00 -5.115908e-11  0.000000e+00
 2.100000e-01  1.000000e+00  1.000000e+00  1.000000e+00  1.000000e+00 -4.000000e+00 -4.640279e-11  0.000000e+00
 2.200000e-01  1.000000e+00  1.000000e+00  1.000000e+00  1.000000e+00 -4.000000e+00 -4.228023e-11  0.000000e+00
 2.300000e-01  1.000000e+00  1.000000e+00  1.000000e+00  1.000000e+00 -4.000000e+00 -3.868361e-11  0.000000e+00
 2.400000e-01  1.000000e+00  1.000000e+00  1.000000e+00  1.000000e+00 -4.000000e+00 -3.552714e-11  0.000000e+00
 2.500000e-01  1.000000e+00  1.000000e+00  1.000000e+00  1.000000e+00 -4.000000e+00 -3.274181e-11  0.000000e+00
 2.600000e-01  1.000000e+00  1.000000e+00  1.000000e+00  1.000000e+00 -4.000000e+00 -3.027164e-11  0.000000e+00
 2.700000e-01  1.000000e+00  1.000000e+00  1.000000e+00  1.000000e+00 -4.000000e+00 -2.807082e-11  0.000000e+00
 2.800000e-01  1.000000e+00  1.000000e+00  1.000000e+00  1.000000e+00 -4.000000e+00 -2.610157e-11  0.000000e+00
 2.900000e-01  1.000000e+00  1.000000e+00  1.000000e+00  1.000000e+00 -4.000000e+00 -2.433250e-11  0.000000e+00
 3.000000e-01  1.000000e+00  1.000000e+00  1.000000e+00  1.000000e+00 -4.000000e+00 -2.273737e-11  0.000000e+00
 3.100000e-01  1.000000e+00  1.000000e+00  1.000000e+00  1.000000e+00 -4.000000e+00 -2.129410e-11  0.000000e+00
 3.200000e-01  1.000000e+00  1.000000e+00  1.000000e+00  1.000000e+00 -4.000000e+00 -1.998401e-11  0.000000e+00
 3.300000e-01  1.000000e+00  1.000000e+00  1.000000e+00  1.000000e+00 -4.000000e+00 -1.879121e-11  0.000000e+00
 3.400000e-01  1.000000e+00  1.000000e+00  1.000000e+00  1.000000e+00 -4.000000e+00 -1.770210e-11  0.000000e+00
 3.500000e-01  1.000000e+00  1.000000e+00  1.000000e+00  1.000000e+00 -4.000000e+00 -1.670500e-11  0.000000e+00
 3.600000e-01  1.000000e+00  1.000000e+00  1.000000e+00  1.000000e+00 -4.000000e+00 -1.578984e-11  0.000000e+00
 3.700000e-01  1.000000e+00  1.000000e+00  1.000000e+00  1.000000e+00 -4.000000e+00 -1.494787e-11  0.000000e+00
 3.800000e-01  1.000000e+00  1.000000e+00  1.000000e+00  1.000000e+00 -4.000000e+00 -1.417149e-11  0.000000e+00
 3.900000e-01  1.000000e+00  1.000000e+00  1.000000e+00  1.000000e+00 -4.000000e+00 -1.345406e-11  0.000000e+00
 4.000000e-01  1.000000e+00  1.000000e+00  1.000000e+00  1.000000e+00 -4.000000e+00 -1.278977e-11  0.000000e+00
 4.100000e-01  1.000000e+00  1.000000e+00  1.000000e+00  1.000000e+00 -4.000000e+00 -1.217349e-11  0.000000e+00
 4.200000e-01  1.000000e+00  1.000000e+00  1.000000e+00  1.000000e+00 -4.000000e+00 -1.160070e-11  0.000000e+00
 4.300000e-01  1.000000e+00  1.000000e+00  1.000000e+00  1.000000e+00 -4.000000e+00 -1.106740e-11  0.000000e+00
 4.400000e-01  1.000000e+00  1.000000e+00  1.000000e+00  1.000000e+00 -4.000000e+00 -1.057006e-11  0.000000e+00
 4.500000e-01  1.000000e+00  1.000000e+00  1.000000e+00  1.000000e+00 -4.000000e+00 -1.010550e-11  0.000000e+00
 4.600000e-01  1.000000e+00  1.000000e+00  1.000000e+00  1.000000e+00 -4.000000e+00 -9.670903e-12  0.000000e+00
 4.700000e-01  1.000000e+00  1.000000e+00  1.000000e+00  1.000000e+00 -4.000000e+00 -9.263753e-12  0.000000e+00
 4.800000e-01  1.000000e+00  1.000000e+00  1.000000e+00  1.000000e+00 -4.000000e+00 -8.881784e-12  0.000000e+00
 4.900000e-01  1.000000e+00  1.000000e+00  1.000000e+00  1.000000e+00 -4.000000e+00 -8.522962e-12  0.000000e+00
 5.000000e-01  9.999861e-01  9.999723e-01  9.999890e-01  9.999896e-01 -3.999957e+00  1.335281e-03  3.488685e+04
 5.100000e-01  1.000000e+00  1.000000e+00  1.000000e+00  1.000000e+00 -4.000000e+00 -7.867601e-12  0.000000e+00
 5.200000e-01  1.000000e+00  1.000000e+00  1.000000e+00  1.000000e+00 -4.000000e+00 -7.567911e-12  0.000000e+00
 5.300000e-01  9.999977e-01  9.999954e-01  9.999983e-01  9.999965e-01 -3.999990e+00  2.140359e-04  8.545549e+04
 5.400000e-01  1.000000e+00  1.000000e+00  1.000000e+00  1.000000e+00 -4.000000e+00 -7.017706e-12  0.000000e+00
 5.500000e-01  1.000000e+00  1.000000e+00  9.999948e-01  1.000000e+00 -3.999990e+00  4.570708e-05  0.000000e+00
 5.600000e-01  1.000000e+00  1.000000e+00  9.999919e-01  1.000000e+00 -3.999984e+00  6.841110e-05  0.000000e+00
 5.700000e-01  1.000000e+00  1.000000e+00  1.000000e+00  9.999988e-01 -3.999998e+00  9.490100e-06  0.000000e+00
 5.800000e-01  9.999908e-01  9.999816e-01  9.999890e-01  9.999931e-01 -3.999964e+00  6.904970e-04  4.272759e+04
 5.900000e-01  1.000000e+00  1.000000e+00  9.999948e-01  9.999896e-01 -3.999969e+00  1.180815e-04  0.000000e+00
 6.000000e-01  9.999884e-01  9.999769e-01  9.999861e-01  9.999913e-01 -3.999955e+00  8.069252e-04  3.821668e+04
 6.100000e-01  1.000000e+00  1.000000e+00  9.999954e-01  9.999965e-01 -3.999984e+00  5.765575e-05  0.000000e+00
 6.200000e-01  1.000000e+00  1.000000e+00  9.999994e-01  1.000000e+00 -3.999999e+00  4.012580e-06  0.000000e+00
 6.300000e-01  1.000000e+00  1.000000e+00  9.999942e-01  1.000000e+00 -3.999988e+00  3.868718e-05  0.000000e+00
 6.400000e-01  9.999861e-01  9.999723e-01  9.999815e-01  9.999826e-01 -3.999928e+00  9.045184e-04  3.488685e+04
 6.500000e-01  9.999607e-01  9.999216e-01  9.999595e-01  9.999578e-01 -3.999834e+00  2.347781e-03  2.072562e+04
 6.600000e-01  1.000000e+00  1.000000e+00  9.999884e-01  9.999988e-01 -3.999975e+00  7.708257e-05  0.000000e+00
 6.700000e-01  9.999723e-01  9.999447e-01  9.999769e-01  9.999769e-01 -3.999907e+00  1.501613e-03  2.466856e+04
 6.800000e-01  9.999445e-01  9.998893e-01  9.999103e-01  9.999311e-01 -3.999683e+00  3.272186e-03  1.744306e+04
 6.900000e-01  9.998983e-01  9.997971e-01  9.998929e-01  9.999057e-01 -3.999597e+00  5.437207e-03  1.288226e+04
 7.000000e-01  9.999515e-01  9.999032e-01  9.999497e-01  9.999306e-01 -3.999760e+00  2.568580e-03  1.864748e+04
 7.100000e-01  9.999053e-01  9.998110e-01  9.998889e-01  9.999005e-01 -3.999579e+00  4.676933e-03  1.334529e+04
 7.200000e-01  9.999630e-01  9.999262e-01  9.999531e-01  9.999271e-01 -3.999760e+00  2.177806e-03  2.136350e+04
 7.300000e-01  9.996811e-01  9.993638e-01  9.996863e-01  9.997147e-01 -3.998802e+00  1.527105e-02  7.186696e+03
 7.400000e-01  9.998544e-01  9.997095e-01  9.998067e-01  9.998657e-01 -3.999345e+00  6.543204e-03  1.076561e+04
 7.500000e-01  9.998521e-01  9.997049e-01  9.997807e-01  9.998275e-01 -3.999216e+00  6.748520e-03  1.068116e+04
 7.600000e-01  9.997181e-01  9.994375e-01  9.997425e-01  9.997593e-01 -3.999003e+00  1.125437e-02  7.735693e+03
 7.700000e-01  9.995772e-01  9.991564e-01  9.996047e-01  9.996557e-01 -3.998521e+00  1.793694e-02  6.320351e+03
 7.800000e-01  9.995287e-01  9.990598e-01  9.995741e-01  9.995833e-01 -3.998315e+00  1.906953e-02  6.152672e+03
 7.900000e-01  9.996395e-01  9.992807e-01  9.996777e-01  9.996076e-01 -3.998571e+00  1.351672e-02  6.840688e+03
 8.000000e-01  9.998382e-01  9.996772e-01  9.996962e-01  9.997940e-01 -3.998980e+00  6.806808e-03  1.021307e+04
 8.100000e-01  9.996904e-01  9.993825e-01  9.996198e-01  9.996285e-01 -3.998487e+00  1.333844e-02  7.161842e+03
 8.200000e-01  9.993462e-01  9.986957e-01  9.993872e-01  9.993368e-01 -3.997448e+00  2.413959e-02  5.286952e+03
 8.300000e-01  9.994524e-01  9.989075e-01  9.993727e-01  9.994473e-01 -3.997642e+00  2.009447e-02  5.537922e+03
 8.400000e-01  9.993761e-01  9.987554e-01  9.993981e-01  9.994103e-01 -3.997617e+00  2.076260e-02  5.197937e+03
 8.500000e-01  9.992075e-01  9.984193e-01  9.992101e-01  9.991800e-01 -3.996780e+00  2.739595e-02  4.617463e+03
 8.600000e-01  9.993995e-01  9.988026e-01  9.993235e-01  9.993495e-01 -3.997402e+00  2.254511e-02  4.915759e+03
 8.700000e-01  9.988771e-01  9.977603e-01  9.989844e-01  9.989635e-01 -3.995896e+00  3.376129e-02  3.904158e+03
 8.800000e-01  9.991035e-01  9.982116e-01  9.991348e-01  9.990370e-01 -3.996344e+00  2.696106e-02  4.408601e+03
 8.900000e-01  9.986998e-01  9.974087e-01  9.987818e-01  9.987436e-01 -3.995051e+00  4.881911e-02  3.496676e+03
 9.000000e-01  9.985799e-01  9.971695e-01  9.986291e-01  9.986221e-01 -3.994564e+00  4.698616e-02  3.249329e+03
 9.100000e-01  9.987920e-01  9.975911e-01  9.986615e-01  9.988113e-01 -3.994946e+00  3.729655e-02  3.802728e+03
 9.200000e-01  9.991637e-01  9.983319e-01  9.989404e-01  9.990388e-01 -3.995958e+00  2.752574e-02  4.472846e+03
 9.300000e-01  9.980236e-01  9.960626e-01  9.980469e-01  9.981655e-01 -3.992479e+00  7.228767e-02  2.808696e+03
 9.400000e-01  9.984729e-01  9.969543e-01  9.984728e-01  9.984259e-01 -3.993800e+00  3.760967e-02  3.294505e+03
 9.500000e-01  9.979534e-01  9.959195e-01  9.979618e-01  9.979676e-01 -3.991868e+00  5.537031e-02  2.801697e+03
 9.600000e-01  9.975594e-01  9.951371e-01  9.975544e-01  9.976279e-01 -3.990404e+00  7.119037e-02  2.570677e+03
 9.700000e-01  9.981454e-01  9.963031e-01  9.979861e-01  9.980486e-01 -3.992072e+00  5.393895e-02  2.987556e+03
 9.800000e-01  9.976560e-01  9.953285e-01  9.975104e-01  9.976696e-01 -3.990367e+00  6.282882e-02  2.656976e+03
 9.900000e-01  9.975728e-01  9.951634e-01  9.973484e-01  9.976215e-01 -3.989949e+00  6.685522e-02  2.586242e+03
 1.000000e+00  9.975658e-01  9.951490e-01  9.973044e-01  9.974757e-01 -3.989553e+00  6.648096e-02  2.691385e+03
 1.010000e+00  9.967080e-01  9.934438e-01  9.965758e-01  9.965828e-01 -3.986332e+00  8.968613e-02  2.243017e+03
 1.020000e+00  9.967742e-01  9.935731e-01  9.967650e-01  9.967749e-01 -3.987101e+00  7.396770e-02  2.254173e+03
 1.030000e+00  9.967629e-01  9.935514e-01  9.966481e-01  9.965955e-01 -3.986535e+00  7.798675e-02  2.263532e+03
 1.040000e+00  9.961863e-01  9.924044e-01  9.960145e-01  9.959068e-01 -3.983887e+00  8.553708e-02  2.070175e+03
 1.050000e+00  9.956311e-01  9.913037e-01  9.956042e-01  9.958819e-01 -3.983056e+00  1.044556e-01  1.941282e+03
 1.060000e+00  9.957113e-01  9.914620e-01  9.954543e-01  9.958166e-01 -3.982602e+00  1.004425e-01  1.918574e+03
 1.070000e+00  9.953696e-01  9.907802e-01  9.952187e-01  9.951059e-01 -3.980678e+00  9.179353e-02  1.848252e+03
 1.080000e+00  9.944393e-01  9.889362e-01  9.944456e-01  9.946291e-01 -3.978336e+00  1.163637e-01  1.765276e+03
 1.090000e+00  9.946043e-01  9.892617e-01  9.945220e-01  9.945382e-01 -3.978155e+00  1.095899e-01  1.726718e+03
 1.100000e+00  9.946263e-01  9.893083e-01  9.943524e-01  9.944109e-01 -3.977638e+00  1.149736e-01  1.729560e+03
 1.110000e+00  9.938187e-01  9.877032e-01  9.936134e-01  9.939167e-01 -3.975186e+00  1.179704e-01  1.637390e+03
 1.120000e+00  9.920462e-01  9.841925e-01  9.920995e-01  9.924074e-01 -3.969394e+00  1.537568e-01  1.370486e+03
 1.130000e+00  9.933890e-01  9.868551e-01  9.933061e-01  9.933918e-01 -3.973561e+00  1.396100e-01  1.584068e+03
 1.140000e+00  9.933328e-01  9.867482e-01  9.927789e-01  9.930573e-01 -3.971862e+00  1.528897e-01  1.565568e+03
 1.150000e+00  9.920032e-01  9.841100e-01  9.917338e-01  9.919792e-01 -3.967617e+00  1.597083e-01  1.425885e+03
 1.160000e+00  9.917226e-01  9.835564e-01  9.912691e-01  9.916400e-01 -3.965935e+00  1.710246e-01  1.403079e+03
 1.170000e+00  9.908753e-01  9.818776e-01  9.907373e-01  9.908310e-01 -3.963235e+00  1.799627e-01  1.301196e+03
 1.180000e+00  9.901581e-01  9.804598e-01  9.896869e-01  9.901192e-01 -3.959788e+00  1.838031e-01  1.307071e+03
 1.190000e+00  9.897871e-01  9.797248e-01  9.891036e-01  9.897616e-01 -3.957980e+00  1.751817e-01  1.273993e+03
 1.200000e+00  9.886113e-01  9.774078e-01  9.883779e-01  9.887222e-01 -3.954469e+00  2.007057e-01  1.197937e+03
 1.210000e+00  9.883085e-01  9.768101e-01  9.881568e-01  9.882876e-01 -3.953220e+00  2.063804e-01  1.194858e+03
 1.220000e+00  9.871389e-01  9.745035e-01  9.870122e-01  9.875747e-01 -3.949413e+00  2.229132e-01  1.101522e+03
 1.230000e+00  9.858210e-01  9.719183e-01  9.855243e-01  9.863675e-01 -3.944237e+00  2.651181e-01  1.054093e+03
 1.240000e+00  9.850166e-01  9.703283e-01  9.845550e-01  9.855272e-01 -3.940711e+00  2.335976e-01  1.018662e+03
 1.250000e+00  9.862051e-01  9.726689e-01  9.859531e-01  9.863837e-01 -3.945328e+00  2.293234e-01  1.048062e+03
 1.260000e+00  9.841295e-01  9.685901e-01  9.841273e-01  9.843437e-01 -3.937161e+00  2.696808e-01  9.923511e+02
 1.270000e+00  9.838106e-01  9.679602e-01  9.833490e-01  9.839462e-01 -3.935272e+00  2.334115e-01  9.557313e+02
 1.280000e+00  9.830236e-01  9.664223e-01  9.823166e-01  9.833455e-01 -3.932005e+00  2.810200e-01  9.329056e+02
 1.290000e+00  9.806331e-01  9.617268e-01  9.804815e-01  9.811719e-01 -3.924167e+00  2.642354e-01  8.857728e+02
 1.300000e+00  9.820580e-01  9.645310e-01  9.810411e-01  9.822436e-01 -3.927279e+00  2.871445e-01  9.153876e+02
 1.310000e+00  9.803379e-01  9.611518e-01  9.797679e-01  9.805150e-01 -3.921553e+00  2.816188e-01  8.570995e+02
 1.320000e+00  9.799715e-01  9.604520e-01  9.790909e-01  9.798686e-01 -3.918740e+00  3.161093e-01  8.673560e+02
 1.330000e+00  9.751720e-01  9.510831e-01  9.752992e-01  9.760874e-01 -3.903858e+00  3.716561e-01  7.926539e+02
 1.340000e+00  9.768305e-01  9.542986e-01  9.756730e-01  9.768825e-01 -3.906112e+00  3.033503e-01  8.301519e+02
 1.350000e+00  9.739350e-01  9.486740e-01  9.740891e-01  9.743403e-01 -3.898019e+00  3.467677e-01  7.470228e+02
 1.360000e+00  9.753070e-01  9.513575e-01  9.746806e-01  9.754520e-01 -3.901601e+00  3.847661e-01  7.681181e+02
 1.370000e+00  9.733231e-01  9.474879e-01  9.722818e-01  9.735625e-01 -3.893086e+00  3.418413e-01  7.113743e+02
 1.380000e+00  9.713589e-01  9.436614e-01  9.706505e-01  9.716962e-01 -3.885586e+00  3.557416e-01  7.330256e+02
 1.390000e+00  9.681337e-01  9.374231e-01  9.683785e-01  9.694051e-01 -3.877664e+00  3.903371e-01  6.632243e+02
 1.400000e+00  9.691168e-01  9.393468e-01  9.686100e-01  9.691071e-01 -3.876905e+00  4.360996e-01  6.904852e+02
 1.410000e+00  9.701537e-01  9.413635e-01  9.699612e-01  9.694265e-01 -3.880296e+00  4.146664e-01  6.828578e+02
 1.420000e+00  9.633269e-01  9.281780e-01  9.631157e-01  9.641505e-01 -3.856900e+00  4.526375e-01  6.139018e+02
 1.430000e+00  9.659641e-01  9.332460e-01  9.649468e-01  9.656157e-01 -3.863238e+00  4.534187e-01  6.546498e+02
 1.440000e+00  9.631880e-01  9.279326e-01  9.629491e-01  9.637633e-01 -3.855479e+00  4.778094e-01  6.131567e+02
 1.450000e+00  9.610922e-01  9.239160e-01  9.601111e-01  9.609578e-01 -3.844637e+00  5.141987e-01  6.104588e+02
 1.460000e+00  9.613629e-01  9.244357e-01  9.599554e-01  9.617865e-01 -3.845880e+00  5.346106e-01  6.220558e+02
 1.470000e+00  9.549290e-01  9.121021e-01  9.537106e-01  9.564959e-01 -3.824197e+00  4.816397e-01  5.523841e+02
 1.480000e+00  9.566008e-01  9.152991e-01  9.552494e-01  9.573247e-01 -3.828181e+00  4.811553e-01  5.779373e+02
 1.490000e+00  9.517130e-01  9.060361e-01  9.513328e-01  9.525422e-01 -3.811368e+00  5.958758e-01  5.285658e+02
 1.500000e+00  9.512308e-01  9.050785e-01  9.500133e-01  9.522593e-01 -3.807248e+00  5.422533e-01  5.375160e+02
 1.510000e+00  9.483184e-01  8.996462e-01  9.480810e-01  9.493611e-01 -3.799133e+00  7.170409e-01  4.866822e+02
 1.520000e+00  9.460248e-01  8.952608e-01  9.455104e-01  9.479144e-01 -3.791376e+00  6.439505e-01  4.981112e+02
 1.530000e+00  9.470553e-01  8.971652e-01  9.455179e-01  9.476285e-01 -3.790200e+00  5.725865e-01  5.231157e+02
 1.540000e+00  9.393531e-01  8.826920e-01  9.389971e-01  9.418571e-01 -3.767505e+00  6.617533e-01  4.643350e+02
 1.550000e+00  9.412998e-01  8.863274e-01  9.405503e-01  9.421481e-01 -3.770260e+00  6.120312e-01  4.905889e+02
 1.560000e+00  9.381913e-01  8.805395e-01  9.379421e-01  9.401088e-01 -3.760873e+00  7.486828e-01  4.809337e+02
 1.570000e+00  9.362683e-01  8.769564e-01  9.346782e-01  9.380949e-01 -3.750640e+00  7.241799e-01  4.677872e+02
 1.580000e+00  9.342140e-01  8.731207e-01  9.337216e-01  9.348924e-01 -3.743609e+00  7.162250e-01  4.492167e+02
 1.590000e+00  9.306158e-01  8.663485e-01  9.299288e-01  9.322350e-01 -3.730374e+00  6.164495e-01  4.404580e+02
 1.600000e+00  9.265197e-01  8.588265e-01  9.261279e-01  9.287043e-01 -3.716605e+00  7.675788e-01  4.193206e+02
 1.610000e+00  9.268061e-01  8.593516e-01  9.253218e-01  9.284433e-01 -3.715612e+00  7.515340e-01  4.065152e+02
 1.620000e+00  9.187339e-01  8.444934e-01  9.188594e-01  9.209514e-01 -3.689429e+00  8.017221e-01  3.797952e+02
 1.630000e+00  9.161920e-01  8.399200e-01  9.163322e-01  9.188166e-01 -3.679845e+00  9.537440e-01  3.971379e+02
 1.640000e+00  9.157998e-01  8.391307e-01  9.155075e-01  9.184525e-01 -3.676076e+00  7.860843e-01  3.928517e+02
 1.650000e+00  9.105168e-01  8.294972e-01  9.109745e-01  9.135868e-01 -3.658994e+00  8.322922e-01  3.617954e+02
 1.660000e+00  9.088452e-01  8.264864e-01  9.081209e-01  9.111950e-01 -3.649343e+00  8.756050e-01  3.605833e+02
 1.670000e+00  9.028787e-01  8.157290e-01  9.023067e-01  9.073900e-01 -3.630574e+00  9.651074e-01  3.450368e+02
 1.680000e+00  9.011493e-01  8.125632e-01  9.022106e-01  9.051603e-01 -3.626288e+00  8.812162e-01  3.467076e+02
 1.690000e+00  8.973686e-01  8.059317e-01  8.974462e-01  9.018270e-01 -3.612002e+00  1.038766e+00  3.382907e+02
 1.700000e+00  8.932945e-01  7.985043e-01  8.935856e-01  8.979815e-01 -3.595431e+00  8.542184e-01  3.342604e+02
 1.710000e+00  8.893753e-01  7.917151e-01  8.897517e-01  8.936910e-01 -3.580896e+00  1.208855e+00  3.201659e+02
 1.720000e+00  8.898374e-01  7.924717e-01  8.891395e-01  8.943125e-01 -3.580162e+00  1.121415e+00  3.137375e+02
 1.730000e+00  8.888540e-01  7.906729e-01  8.873252e-01  8.926603e-01 -3.574703e+00  9.981976e-01  3.227453e+02
 1.740000e+00  8.736695e-01  7.640048e-01  8.761204e-01  8.803547e-01 -3.530861e+00  1.115240e+00  2.927056e+02
 1.750000e+00  8.689023e-01  7.557172e-01  8.695463e-01  8.756910e-01 -3.509025e+00  1.060680e+00  2.948566e+02
 1.760000e+00  8.644214e-01  7.481513e-01  8.662847e-01  8.712569e-01 -3.497376e+00  1.378297e+00  2.781693e+02
 1.770000e+00  8.611161e-01  7.421885e-01  8.633663e-01  8.678848e-01 -3.483914e+00  9.444602e-01  2.673519e+02
 1.780000e+00  8.644511e-01  7.479202e-01  8.636800e-01  8.697610e-01 -3.487115e+00  9.897853e-01  2.699026e+02
 1.790000e+00  8.547794e-01  7.314482e-01  8.566997e-01  8.623848e-01 -3.462688e+00  1.112902e+00  2.621961e+02
 1.800000e+00  8.471642e-01  7.186259e-01  8.488380e-01  8.554282e-01 -3.432286e+00  1.300469e+00  2.561102e+02
 1.810000e+00  8.425597e-01  7.108178e-01  8.456019e-01  8.504740e-01 -3.418740e+00  1.226823e+00  2.414694e+02
 1.820000e+00  8.412576e-01  7.086303e-01  8.441753e-01  8.486736e-01 -3.410502e+00  1.394892e+00  2.533299e+02
 1.830000e+00  8.300359e-01  6.899020e-01  8.325556e-01  8.411476e-01 -3.378446e+00  1.242084e+00  2.335379e+02
 1.840000e+00  8.236883e-01  6.795750e-01  8.284838e-01  8.334288e-01 -3.355260e+00  1.473459e+00  2.272734e+02
 1.850000e+00  8.252662e-01  6.820883e-01  8.262650e-01  8.344485e-01 -3.352808e+00  1.299707e+00  2.360463e+02
 1.860000e+00  8.011828e-01  6.429849e-01  8.098137e-01  8.150469e-01 -3.290182e+00  1.399490e+00  2.009404e+02
 1.870000e+00  8.095305e-01  6.568925e-01  8.148229e-01  8.187575e-01 -3.306260e+00  1.864670e+00  2.080817e+02
 1.880000e+00  7.860675e-01  6.191551e-01  7.947969e-01  8.030405e-01 -3.237470e+00  1.579391e+00  1.943298e+02
 1.890000e+00  7.765369e-01  6.048639e-01  7.868056e-01  7.916591e-01 -3.205421e+00  2.136889e+00  1.858173e+02
 1.900000e+00  7.667430e-01  5.892295e-01  7.768594e-01  7.861823e-01 -3.176966e+00  1.441294e+00  1.736936e+02
 1.910000e+00  7.699091e-01  5.943291e-01  7.802269e-01  7.873970e-01 -3.184802e+00  1.867360e+00  1.758690e+02
 1.920000e+00  7.658042e-01  5.878524e-01  7.765318e-01  7.855428e-01 -3.176964e+00  1.582325e+00  1.736823e+02
 1.930000e+00  7.534947e-01  5.698401e-01  7.646562e-01  7.729091e-01 -3.134456e+00  2.260242e+00  1.663867e+02
 1.940000e+00  7.398087e-01  5.490806e-01  7.539207e-01  7.635579e-01 -3.094993e+00  1.910659e+00  1.606827e+02
 1.950000e+00  7.404420e-01  5.498304e-01  7.528987e-01  7.600509e-01 -3.085594e+00  1.648418e+00  1.629548e+02
 1.960000e+00  7.170012e-01  5.169133e-01  7.335874e-01  7.413102e-01 -3.025716e+00  2.485595e+00  1.421835e+02
 1.970000e+00  7.045351e-01  4.989281e-01  7.235249e-01  7.341042e-01 -2.996328e+00  2.479818e+00  1.425929e+02
 1.980000e+00  6.974463e-01  4.887742e-01  7.132593e-01  7.260000e-01 -2.961667e+00  2.035527e+00  1.376731e+02
 1.990000e+00  6.859385e-01  4.733143e-01  7.053391e-01  7.140747e-01 -2.927772e+00  2.383646e+00  1.304038e+02
 2.000000e+00  6.438151e-01  4.183221e-01  6.700567e-01  6.825683e-01 -2.829906e+00  3.060221e+00  1.069546e+02
