# Temperature          M^2          M^4          G^2          G^4       Energy           Cv         Corr
 0.000000e+00  1.000000e+00  1.000000e+00  1.000000e+00  1.000000e+00 -4.000000e+00  0.000000e+00  0.000000e+00
 1.000000e-02  1.000000e+00  1.000000e+00  1.000000e+00  1.000000e+00 -4.000000e+00 -2.046363e-08  0.000000e+00
 2.000000e-02  1.000000e+00  1.000000e+00  1.000000e+00  1.000000e+00 -4.000000e+00 -5.115908e-09  0.000000e+00
 3.000000e-02  1.000000e+00  1.000000e+00  1.000000e+00  1.000000e+00 -4.000000e+00 -2.273737e-09  0.000000e+00
 4.000000e-02  1.000000e+00  1.000000e+00  1.000000e+00  1.000000e+00 -4.000000e+00 -1.278977e-09  0.000000e+00
 5.000000e-02  1.000000e+00  1.000000e+00  1.000000e+00  1.000000e+00 -4.000000e+00 -8.185452e-10  0.000000e+00
 6.000000e-02  1.000000e+00  1.000000e+00  1.000000e+00  1.000000e+00 -4.000000e+00 -5.684342e-10  0.000000e+00
 7.000000e-02  1.000000e+00  1.000000e+00  1.000000e+00  1.000000e+00 -4.000000e+00 -4.176251e-10  0.000000e+00
 8.000000e-02  1.000000e+00  1.000000e+00  1.000000e+00  1.000000e+00 -4.000000e+00 -3.197442e-10  0.000000e+00
 9.000000e-02  1.000000e+00  1.000000e+00  1.000000e+00  1.000000e+00 -4.000000e+00 -2.526374e-10  0.000000e+00
 1.000000e-01  1.000000e+00  1.000000e+00  1.000000e+00  1.000000e+00 -4.000000e+00 -2.046363e-10  0.000000e+00
 1.100000e-01  1.000000e+00  1.000000e+00  1.000000e+00  1.000000e+00 -4.000000e+00 -1.691209e-10  0.000000e+00
 1.200000e-01  1.000000e+00  1.000000e+00  1.000000e+00  1.000000e+00 -4.000000e+00 -1.421085e-10  0.000000e+00
 1.300000e-01  1.000000e+00  1.000000e+00  1.000000e+00  1.000000e+00 -4.000000e+00 -1.210866e-10  0.000000e+00
 1.400000e-01  1.000000e+00  1.000000e+00  1.000000e+00  1.000000e+00 -4.000000e+00 -1.044063e-10  0.000000e+00
 1.500000e-01  1.000000e+00  1.000000e+00  1.000000e+00  1.000000e+00 -4.000000e+00 -9.094947e-11  0.000000e+00
 1.600000e-01  1.000000e+00  1.000000e+00  1.000000e+00  1.000000e+00 -4.000000e+00 -7.993606e-11  0.000000e+00
 1.700000e-01  1.000000e+00  1.000000e+00  1.000000e+00  1.000000e+00 -4.000000e+00 -7.080841e-11  0.000000e+00
 1.800000e-01  1.000000e+00  1.000000e+00  1.000000e+00  1.000000e+00 -4.000000e+00 -6.315935e-11  0.000000e+00
 1.900000e-01  1.000000e+00  1.000000e+00  1.000000e+00  1.000000e+00 -4.000000e+00 -5.668596e-11  0.000000e+00
 2.000000e-01  1.000000e+00  1.000000e+00  1.000000e+00  1.000000e+00 -4.000000e+00 -5.115908e-11  0.000000e+00
 2.100000e-01  1.000000e+00  1.000000e+00  1.000000e+00  1.000000e+00 -4.000000e+00 -4.640279e-11  0.000000e+00
 2.200000e-01  1.000000e+00  1.000000e+00  1.000000e+00  1.000000e+00 -4.000000e+00 -4.228023e-11  0.000000e+00
 2.300000e-01  1.000000e+00  1.000000e+00  1.000000e+00  1.000000e+00 -4.000000e+00 -3.868361e-11  0.000000e+00
 2.400000e-01  1.000000e+00  1.000000e+00  1.000000e+00  1.000000e+00 -4.000000e+00 -3.552714e-11  0.000000e+00
 2.500000e-01  1.000000e+00  1.000000e+00  1.000000e+00  1.000000e+00 -4.000000e+00 -3.274181e-11  0.000000e+00
 2.600000e-01  1.000000e+00  1.000000e+00  1.000000e+00  1.000000e+00 -4.000000e+00 -3.027164e-11  0.000000e+00
 2.700000e-01  1.000000e+00  1.000000e+00  1.000000e+00  1.000000e+00 -4.000000e+00 -2.807082e-11  0.000000e+00
 2.800000e-01  1.000000e+00  1.000000e+00  1.000000e+00  1.000000e+00 -4.000000e+00 -2.610157e-11  0.000000e+00
 2.900000e-01  1.000000e+00  1.000000e+00  1.000000e+00  1.000000e+00 -4.000000e+00 -2.433250e-11  0.000000e+00
 3.000000e-01  1.000000e+00  1.000000e+00  1.000000e+00  1.000000e+00 -4.000000e+00 -2.273737e-11  0.000000e+00
 3.100000e-01  1.000000e+00  1.000000e+00  1.000000e+00  1.000000e+00 -4.000000e+00 -2.129410e-11  0.000000e+00
 3.200000e-01  1.000000e+00  1.000000e+00  1.000000e+00  1.000000e+00 -4.000000e+00 -1.998401e-11  0.000000e+00
 3.300000e-01  1.000000e+00  1.000000e+00  1.000000e+00  1.000000e+00 -4.000000e+00 -1.879121e-11  0.000000e+00
 3.400000e-01  1.000000e+00  1.000000e+00  1.000000e+00  1.000000e+00 -4.000000e+00 -1.770210e-11  0.000000e+00
 3.500000e-01  1.000000e+00  1.000000e+00  1.000000e+00  1.000000e+00 -4.000000e+00 -1.670500e-11  0.000000e+00
 3.600000e-01  1.000000e+00  1.000000e+00  1.000000e+00  1.000000e+00 -4.000000e+00 -1.578984e-11  0.000000e+00
 3.700000e-01  1.000000e+00  1.000000e+00  1.000000e+00  1.000000e+00 -4.000000e+00 -1.494787e-11  0.000000e+00
 3.800000e-01  1.000000e+00  1.000000e+00  1.000000e+00  1.000000e+00 -4.000000e+00 -1.417149e-11  0.000000e+00
 3.900000e-01  1.000000e+00  1.000000e+00  1.000000e+00  1.000000e+00 -4.000000e+00 -1.345406e-11  0.000000e+00
 4.000000e-01  1.000000e+00  1.000000e+00  1.000000e+00  1.000000e+00 -4.000000e+00 -1.278977e-11  0.000000e+00
 4.100000e-01  1.000000e+00  1.000000e+00  1.000000e+00  1.000000e+00 -4.000000e+00 -1.217349e-11  0.000000e+00
 4.200000e-01  1.000000e+00  1.000000e+00  1.000000e+00  1.000000e+00 -4.000000e+00 -1.160070e-11  0.000000e+00
 4.300000e-01  1.000000e+00  1.000000e+00  1.000000e+00  1.000000e+00 -4.000000e+00 -1.106740e-11  0.000000e+00
 4.400000e-01  1.000000e+00  1.000000e+00  1.000000e+00  1.000000e+00 -4.000000e+00 -1.057006e-11  0.000000e+00
 4.500000e-01  1.000000e+00  1.000000e+00  1.000000e+00  1.000000e+00 -4.000000e+00 -1.010550e-11  0.000000e+00
 4.600000e-01  1.000000e+00  1.000000e+00  1.000000e+00  1.000000e+00 -4.000000e+00 -9.670903e-12  0.000000e+00
 4.700000e-01  1.000000e+00  1.000000e+00  1.000000e+00  1.000000e+00 -4.000000e+00 -9.263753e-12  0.000000e+00
 4.800000e-01  1.000000e+00  1.000000e+00  1.000000e+00  1.000000e+00 -4.000000e+00 -8.881784e-12  0.000000e+00
 4.900000e-01  1.000000e+00  1.000000e+00  1.000000e+00  1.000000e+00 -4.000000e+00 -8.522962e-12  0.000000e+00
 5.000000e-01  1.000000e+00  1.000000e+00  9.999965e-01  9.999994e-01 -3.999992e+00  4.305865e-05  0.000000e+00
 5.100000e-01  1.000000e+00  1.000000e+00  1.000000e+00  1.000000e+00 -4.000000e+00 -7.867601e-12  0.000000e+00
 5.200000e-01  1.000000e+00  1.000000e+00  1.000000e+00  1.000000e+00 -4.000000e+00 -7.567911e-12  0.000000e+00
 5.300000e-01  9.999931e-01  9.999862e-01  9.999942e-01  9.999948e-01 -3.999978e+00  5.978331e-04  4.933763e+04
 5.400000e-01  1.000000e+00  1.000000e+00  1.000000e+00  1.000000e+00 -4.000000e+00 -7.017706e-12  0.000000e+00
 5.500000e-01  1.000000e+00  1.000000e+00  1.000000e+00  9.999948e-01 -3.999990e+00  4.570708e-05  0.000000e+00
 5.600000e-01  1.000000e+00  1.000000e+00  1.000000e+00  9.999919e-01 -3.999984e+00  6.841110e-05  0.000000e+00
 5.700000e-01  9.999954e-01  9.999908e-01  9.999965e-01  9.999965e-01 -3.999986e+00  3.416436e-04  6.042608e+04
 5.800000e-01  1.000000e+00  1.000000e+00  9.999977e-01  9.999959e-01 -3.999987e+00  5.018413e-05  0.000000e+00
 5.900000e-01  9.999584e-01  9.999170e-01  9.999687e-01  9.999635e-01 -3.999865e+00  2.882294e-03  2.014166e+04
 6.000000e-01  1.000000e+00  1.000000e+00  9.999971e-01  9.999948e-01 -3.999984e+00  5.959362e-05  0.000000e+00
 6.100000e-01  9.999861e-01  9.999723e-01  9.999896e-01  9.999850e-01 -3.999949e+00  9.249803e-04  3.488685e+04
 6.200000e-01  1.000000e+00  1.000000e+00  1.000000e+00  9.999994e-01 -3.999999e+00  4.012580e-06  0.000000e+00
 6.300000e-01  1.000000e+00  1.000000e+00  1.000000e+00  9.999942e-01 -3.999988e+00  3.868718e-05  0.000000e+00
 6.400000e-01  9.999723e-01  9.999447e-01  9.999757e-01  9.999711e-01 -3.999894e+00  1.687012e-03  2.466856e+04
 6.500000e-01  9.999492e-01  9.998986e-01  9.999520e-01  9.999508e-01 -3.999806e+00  2.972781e-03  1.821873e+04
 6.600000e-01  9.999954e-01  9.999908e-01  9.999965e-01  9.999850e-01 -3.999963e+00  3.241166e-04  6.042608e+04
 6.700000e-01  9.999908e-01  9.999816e-01  9.999861e-01  9.999907e-01 -3.999954e+00  5.472912e-04  4.272759e+04
 6.800000e-01  9.998914e-01  9.997833e-01  9.999045e-01  9.998704e-01 -3.999550e+00  5.764808e-03  1.246430e+04
 6.900000e-01  9.999284e-01  9.998571e-01  9.999207e-01  9.999155e-01 -3.999672e+00  4.028862e-03  1.534773e+04
 7.000000e-01  9.998683e-01  9.997372e-01  9.998889e-01  9.998872e-01 -3.999552e+00  6.368467e-03  1.131812e+04
 7.100000e-01  9.998868e-01  9.997741e-01  9.998912e-01  9.998750e-01 -3.999532e+00  5.487080e-03  1.220725e+04
 7.200000e-01  9.998198e-01  9.996404e-01  9.998553e-01  9.998455e-01 -3.999402e+00  8.779851e-03  9.583358e+03
 7.300000e-01  9.998174e-01  9.996357e-01  9.997830e-01  9.997888e-01 -3.999144e+00  8.572359e-03  9.613626e+03
 7.400000e-01  9.999006e-01  9.998017e-01  9.998889e-01  9.998414e-01 -3.999461e+00  4.885015e-03  1.303121e+04
 7.500000e-01  9.997553e-01  9.995122e-01  9.997789e-01  9.997078e-01 -3.998973e+00  1.570814e-02  1.000526e+04
 7.600000e-01  9.998845e-01  9.997695e-01  9.998426e-01  9.998675e-01 -3.999420e+00  5.310126e-03  1.208455e+04
 7.700000e-01  9.998937e-01  9.997880e-01  9.998142e-01  9.998426e-01 -3.999314e+00  5.458563e-03  1.279732e+04
 7.800000e-01  9.997504e-01  9.995020e-01  9.996944e-01  9.997407e-01 -3.998870e+00  9.922079e-03  8.221940e+03
 7.900000e-01  9.995147e-01  9.990317e-01  9.995451e-01  9.995839e-01 -3.998258e+00  1.769582e-02  5.895563e+03
 8.000000e-01  9.996626e-01  9.993268e-01  9.997060e-01  9.995631e-01 -3.998538e+00  1.362224e-02  7.093863e+03
 8.100000e-01  9.994270e-01  9.988571e-01  9.994919e-01  9.994219e-01 -3.997828e+00  2.202369e-02  5.468909e+03
 8.200000e-01  9.993138e-01  9.986310e-01  9.993206e-01  9.993628e-01 -3.997383e+00  2.351293e-02  4.848274e+03
 8.300000e-01  9.994362e-01  9.988752e-01  9.994392e-01  9.993605e-01 -3.997600e+00  2.019067e-02  5.470036e+03
 8.400000e-01  9.995171e-01  9.990368e-01  9.994809e-01  9.994844e-01 -3.997931e+00  1.858485e-02  5.785676e+03
 8.500000e-01  9.991037e-01  9.982131e-01  9.991279e-01  9.991319e-01 -3.996520e+00  3.695155e-02  4.344579e+03
 8.600000e-01  9.992055e-01  9.984166e-01  9.992523e-01  9.991777e-01 -3.996860e+00  3.442555e-02  4.587822e+03
 8.700000e-01  9.992305e-01  9.984648e-01  9.991406e-01  9.992373e-01 -3.996756e+00  2.315446e-02  4.694715e+03
 8.800000e-01  9.988447e-01  9.976954e-01  9.989074e-01  9.989404e-01 -3.995699e+00  3.207516e-02  3.751783e+03
 8.900000e-01  9.988867e-01  9.977804e-01  9.988374e-01  9.989248e-01 -3.995524e+00  4.082786e-02  4.032055e+03
 9.000000e-01  9.987017e-01  9.974110e-01  9.986834e-01  9.987153e-01 -3.994804e+00  3.802667e-02  3.678383e+03
 9.100000e-01  9.988798e-01  9.977664e-01  9.988553e-01  9.987251e-01 -3.995161e+00  3.806240e-02  4.081485e+03
 9.200000e-01  9.986721e-01  9.973538e-01  9.987922e-01  9.985706e-01 -3.994752e+00  5.041217e-02  3.501051e+03
 9.300000e-01  9.986095e-01  9.972274e-01  9.984606e-01  9.984878e-01 -3.993895e+00  4.382543e-02  3.452527e+03
 9.400000e-01  9.982973e-01  9.966045e-01  9.983380e-01  9.983409e-01 -3.993358e+00  4.193517e-02  3.187943e+03
 9.500000e-01  9.980277e-01  9.960685e-01  9.980046e-01  9.979867e-01 -3.991999e+00  5.881163e-02  2.958231e+03
 9.600000e-01  9.978475e-01  9.957097e-01  9.977726e-01  9.977731e-01 -3.991106e+00  6.121277e-02  2.839693e+03
 9.700000e-01  9.977764e-01  9.955696e-01  9.978634e-01  9.977025e-01 -3.991132e+00  7.060629e-02  2.877976e+03
 9.800000e-01  9.977023e-01  9.954215e-01  9.976927e-01  9.975428e-01 -3.990478e+00  6.694619e-02  2.728138e+03
 9.900000e-01  9.977180e-01  9.954505e-01  9.976933e-01  9.974589e-01 -3.990310e+00  5.238633e-02  2.726916e+03
 1.000000e+00  9.972154e-01  9.944525e-01  9.972963e-01  9.970446e-01 -3.988705e+00  7.875920e-02  2.408169e+03
 1.010000e+00  9.961339e-01  9.923036e-01  9.962946e-01  9.961389e-01 -3.984889e+00  1.113671e-01  2.147674e+03
 1.020000e+00  9.968024e-01  9.936307e-01  9.967888e-01  9.967743e-01 -3.987135e+00  8.227989e-02  2.164912e+03
 1.030000e+00  9.960316e-01  9.920969e-01  9.962222e-01  9.960856e-01 -3.984686e+00  9.195157e-02  1.982738e+03
 1.040000e+00  9.951047e-01  9.902550e-01  9.953628e-01  9.951997e-01 -3.981215e+00  1.080355e-01  1.822125e+03
 1.050000e+00  9.966207e-01  9.932701e-01  9.963738e-01  9.963310e-01 -3.985417e+00  8.893368e-02  2.231216e+03
 1.060000e+00  9.960864e-01  9.922035e-01  9.960012e-01  9.957292e-01 -3.983471e+00  7.738233e-02  2.082373e+03
 1.070000e+00  9.941609e-01  9.883858e-01  9.944884e-01  9.943160e-01 -3.977799e+00  1.324789e-01  1.693804e+03
 1.080000e+00  9.952227e-01  9.904914e-01  9.950226e-01  9.950307e-01 -3.980148e+00  1.123371e-01  1.803760e+03
 1.090000e+00  9.943011e-01  9.886640e-01  9.943866e-01  9.943148e-01 -3.977524e+00  1.318245e-01  1.679906e+03
 1.100000e+00  9.936212e-01  9.873129e-01  9.939306e-01  9.936267e-01 -3.975115e+00  1.269443e-01  1.578841e+03
 1.110000e+00  9.942030e-01  9.884634e-01  9.941192e-01  9.938657e-01 -3.975997e+00  1.031060e-01  1.760617e+03
 1.120000e+00  9.934284e-01  9.869315e-01  9.930966e-01  9.931123e-01 -3.972602e+00  1.361728e-01  1.553460e+03
 1.130000e+00  9.934114e-01  9.868959e-01  9.934045e-01  9.933050e-01 -3.973613e+00  1.254915e-01  1.578886e+03
 1.140000e+00  9.920792e-01  9.842616e-01  9.924161e-01  9.918756e-01 -3.968865e+00  1.660305e-01  1.399422e+03
 1.150000e+00  9.918236e-01  9.837537e-01  9.918935e-01  9.916794e-01 -3.967374e+00  1.554122e-01  1.386687e+03
 1.160000e+00  9.911712e-01  9.824638e-01  9.913646e-01  9.907859e-01 -3.964471e+00  1.779876e-01  1.364087e+03
 1.170000e+00  9.905299e-01  9.811993e-01  9.906476e-01  9.905006e-01 -3.962471e+00  1.979812e-01  1.320346e+03
 1.180000e+00  9.899358e-01  9.800217e-01  9.900666e-01  9.895891e-01 -3.959457e+00  1.810219e-01  1.298401e+03
 1.190000e+00  9.895861e-01  9.793240e-01  9.896875e-01  9.889566e-01 -3.957414e+00  1.687110e-01  1.229767e+03
 1.200000e+00  9.887715e-01  9.777299e-01  9.887836e-01  9.885573e-01 -3.954874e+00  2.201838e-01  1.182459e+03
 1.210000e+00  9.878342e-01  9.758807e-01  9.881065e-01  9.877980e-01 -3.952175e+00  2.260042e-01  1.100369e+03
 1.220000e+00  9.888023e-01  9.777838e-01  9.884282e-01  9.880613e-01 -3.953259e+00  1.948010e-01  1.171629e+03
 1.230000e+00  9.872853e-01  9.747893e-01  9.870735e-01  9.867378e-01 -3.948216e+00  1.994988e-01  1.106507e+03
 1.240000e+00  9.865821e-01  9.734179e-01  9.863160e-01  9.856354e-01 -3.944337e+00  2.501239e-01  1.100329e+03
 1.250000e+00  9.867892e-01  9.738105e-01  9.867917e-01  9.863860e-01 -3.946346e+00  2.048190e-01  1.096891e+03
 1.260000e+00  9.845569e-01  9.694279e-01  9.845318e-01  9.843634e-01 -3.938200e+00  2.584128e-01  9.828222e+02
 1.270000e+00  9.838871e-01  9.681137e-01  9.839647e-01  9.834630e-01 -3.935207e+00  2.501675e-01  9.836041e+02
 1.280000e+00  9.837665e-01  9.678721e-01  9.837425e-01  9.827882e-01 -3.933631e+00  2.493429e-01  9.704671e+02
 1.290000e+00  9.824366e-01  9.652660e-01  9.821059e-01  9.818860e-01 -3.928716e+00  2.524430e-01  9.514666e+02
 1.300000e+00  9.819346e-01  9.642924e-01  9.821811e-01  9.810237e-01 -3.926997e+00  3.132106e-01  9.290856e+02
 1.310000e+00  9.799445e-01  9.603915e-01  9.802720e-01  9.794583e-01 -3.920352e+00  3.289319e-01  8.788470e+02
 1.320000e+00  9.788059e-01  9.581589e-01  9.793108e-01  9.780451e-01 -3.915429e+00  3.085123e-01  8.522771e+02
 1.330000e+00  9.777644e-01  9.561218e-01  9.773356e-01  9.773426e-01 -3.910380e+00  2.901160e-01  8.282747e+02
 1.340000e+00  9.752033e-01  9.511391e-01  9.760556e-01  9.745440e-01 -3.902318e+00  3.475627e-01  7.790085e+02
 1.350000e+00  9.747496e-01  9.502656e-01  9.748223e-01  9.744294e-01 -3.899882e+00  3.707768e-01  7.775943e+02
 1.360000e+00  9.746212e-01  9.500111e-01  9.750920e-01  9.741065e-01 -3.899544e+00  3.492887e-01  8.098767e+02
 1.370000e+00  9.722430e-01  9.453971e-01  9.729612e-01  9.716227e-01 -3.890801e+00  3.856203e-01  7.467086e+02
 1.380000e+00  9.711420e-01  9.432694e-01  9.715347e-01  9.705660e-01 -3.885887e+00  4.107962e-01  7.162243e+02
 1.390000e+00  9.709478e-01  9.428954e-01  9.709757e-01  9.703426e-01 -3.883912e+00  4.141938e-01  7.053227e+02
 1.400000e+00  9.676921e-01  9.365919e-01  9.683380e-01  9.677407e-01 -3.874064e+00  4.287712e-01  6.685739e+02
 1.410000e+00  9.656420e-01  9.326477e-01  9.672153e-01  9.665075e-01 -3.869620e+00  4.603145e-01  6.430918e+02
 1.420000e+00  9.642605e-01  9.299454e-01  9.645561e-01  9.637587e-01 -3.858832e+00  4.008033e-01  6.541117e+02
 1.430000e+00  9.632452e-01  9.280317e-01  9.642182e-01  9.629462e-01 -3.856850e+00  4.999969e-01  6.281087e+02
 1.440000e+00  9.625924e-01  9.267386e-01  9.634045e-01  9.622957e-01 -3.853547e+00  3.980120e-01  6.104873e+02
 1.450000e+00  9.585487e-01  9.190281e-01  9.596597e-01  9.580810e-01 -3.838439e+00  4.967180e-01  5.796927e+02
 1.460000e+00  9.611238e-01  9.239641e-01  9.618270e-01  9.600353e-01 -3.845551e+00  5.004612e-01  6.138362e+02
 1.470000e+00  9.581021e-01  9.181888e-01  9.580550e-01  9.561163e-01 -3.831214e+00  5.371210e-01  5.645887e+02
 1.480000e+00  9.558608e-01  9.138966e-01  9.570191e-01  9.544861e-01 -3.826397e+00  5.102956e-01  5.389126e+02
 1.490000e+00  9.513223e-01  9.052315e-01  9.525307e-01  9.509433e-01 -3.810304e+00  4.760850e-01  5.332085e+02
 1.500000e+00  9.509660e-01  9.045859e-01  9.520116e-01  9.501123e-01 -3.807456e+00  5.602757e-01  5.395934e+02
 1.510000e+00  9.479858e-01  8.989540e-01  9.490428e-01  9.475185e-01 -3.796797e+00  6.195589e-01  5.049984e+02
 1.520000e+00  9.489236e-01  9.007028e-01  9.494022e-01  9.478328e-01 -3.798093e+00  5.454601e-01  5.238756e+02
 1.530000e+00  9.458460e-01  8.948872e-01  9.471678e-01  9.446007e-01 -3.787593e+00  5.428104e-01  4.995476e+02
 1.540000e+00  9.439973e-01  8.914181e-01  9.441968e-01  9.426308e-01 -3.778646e+00  6.234050e-01  4.858460e+02
 1.550000e+00  9.389891e-01  8.819981e-01  9.410856e-01  9.384682e-01 -3.763938e+00  6.486280e-01  4.844541e+02
 1.560000e+00  9.391989e-01  8.824356e-01  9.405116e-01  9.387899e-01 -3.764263e+00  7.244645e-01  4.607334e+02
 1.570000e+00  9.359608e-01  8.763280e-01  9.377865e-01  9.345637e-01 -3.750291e+00  6.278781e-01  4.482571e+02
 1.580000e+00  9.291730e-01  8.637538e-01  9.324340e-01  9.295978e-01 -3.730728e+00  7.639563e-01  4.300359e+02
 1.590000e+00  9.304765e-01  8.661803e-01  9.321030e-01  9.298339e-01 -3.730524e+00  7.684936e-01  4.440203e+02
 1.600000e+00  9.271425e-01  8.599985e-01  9.291331e-01  9.258900e-01 -3.716701e+00  8.159647e-01  4.071913e+02
 1.610000e+00  9.247357e-01  8.555149e-01  9.273704e-01  9.236927e-01 -3.710017e+00  7.572811e-01  4.135743e+02
 1.620000e+00  9.196653e-01  8.462278e-01  9.214253e-01  9.201366e-01 -3.691951e+00  7.953118e-01  3.974347e+02
 1.630000e+00  9.172592e-01  8.417684e-01  9.195972e-01  9.168171e-01 -3.681485e+00  7.666868e-01  3.975753e+02
 1.640000e+00  9.168005e-01  8.409912e-01  9.189057e-01  9.163669e-01 -3.678553e+00  8.322441e-01  3.903913e+02
 1.650000e+00  9.112361e-01  8.308982e-01  9.140712e-01  9.111782e-01 -3.660697e+00  9.641111e-01  3.619034e+02
 1.660000e+00  9.043891e-01  8.184720e-01  9.092066e-01  9.045041e-01 -3.638181e+00  9.014319e-01  3.480189e+02
 1.670000e+00  9.075637e-01  8.242027e-01  9.097020e-01  9.056782e-01 -3.640902e+00  9.291425e-01  3.620231e+02
 1.680000e+00  9.037080e-01  8.171949e-01  9.065168e-01  9.039786e-01 -3.632797e+00  8.813484e-01  3.598894e+02
 1.690000e+00  8.975087e-01  8.060525e-01  9.018906e-01  8.975654e-01 -3.611095e+00  8.141876e-01  3.449276e+02
 1.700000e+00  8.929794e-01  7.979145e-01  8.977951e-01  8.928235e-01 -3.596572e+00  7.655026e-01  3.129593e+02
 1.710000e+00  8.899437e-01  7.925064e-01  8.939826e-01  8.899676e-01 -3.582341e+00  8.029250e-01  3.156269e+02
 1.720000e+00  8.886082e-01  7.903044e-01  8.937089e-01  8.881366e-01 -3.577834e+00  1.115342e+00  3.316222e+02
 1.730000e+00  8.844178e-01  7.829656e-01  8.905961e-01  8.846221e-01 -3.564618e+00  1.132366e+00  3.164680e+02
 1.740000e+00  8.760715e-01  7.682511e-01  8.812095e-01  8.775307e-01 -3.535705e+00  1.224858e+00  2.891031e+02
 1.750000e+00  8.705774e-01  7.584898e-01  8.765162e-01  8.715127e-01 -3.514500e+00  8.859716e-01  2.865405e+02
 1.760000e+00  8.648212e-01  7.487304e-01  8.715654e-01  8.666464e-01 -3.495872e+00  1.225736e+00  2.756010e+02
 1.770000e+00  8.604027e-01  7.411838e-01  8.673166e-01  8.611047e-01 -3.479069e+00  1.202824e+00  2.715725e+02
 1.780000e+00  8.583017e-01  7.375815e-01  8.664873e-01  8.587679e-01 -3.470713e+00  1.367946e+00  2.749438e+02
 1.790000e+00  8.558366e-01  7.335496e-01  8.626059e-01  8.573767e-01 -3.462204e+00  1.478539e+00  2.691782e+02
 1.800000e+00  8.487828e-01  7.213199e-01  8.558027e-01  8.496470e-01 -3.434054e+00  1.270076e+00  2.654790e+02
 1.810000e+00  8.406937e-01  7.077975e-01  8.497899e-01  8.427124e-01 -3.411701e+00  1.399818e+00  2.418521e+02
 1.820000e+00  8.383992e-01  7.041760e-01  8.475162e-01  8.404450e-01 -3.402865e+00  1.828460e+00  2.397269e+02
 1.830000e+00  8.352856e-01  6.988312e-01  8.442558e-01  8.374687e-01 -3.393128e+00  1.380854e+00  2.284311e+02
 1.840000e+00  8.238811e-01  6.798600e-01  8.335185e-01  8.273767e-01 -3.355170e+00  1.471637e+00  2.200664e+02
 1.850000e+00  8.219145e-01  6.766740e-01  8.325521e-01  8.247240e-01 -3.346887e+00  1.379102e+00  2.305629e+02
 1.860000e+00  8.103974e-01  6.579223e-01  8.199832e-01  8.153003e-01 -3.307829e+00  1.473321e+00  2.054195e+02
 1.870000e+00  7.988683e-01  6.395562e-01  8.131852e-01  8.057674e-01 -3.277347e+00  1.664221e+00  2.098728e+02
 1.880000e+00  7.977069e-01  6.374067e-01  8.081574e-01  8.018050e-01 -3.260236e+00  1.317114e+00  1.978374e+02
 1.890000e+00  7.764838e-01  6.048040e-01  7.917604e-01  7.857998e-01 -3.202131e+00  2.198291e+00  1.910229e+02
 1.900000e+00  7.775649e-01  6.058607e-01  7.914763e-01  7.830064e-01 -3.197286e+00  1.457736e+00  1.817828e+02
 1.910000e+00  7.716768e-01  5.975974e-01  7.876238e-01  7.805810e-01 -3.188207e+00  2.415232e+00  1.803761e+02
 1.920000e+00  7.727212e-01  5.984873e-01  7.885000e-01  7.795301e-01 -3.186963e+00  1.592902e+00  1.810300e+02
 1.930000e+00  7.543482e-01  5.710350e-01  7.734502e-01  7.634803e-01 -3.131708e+00  2.169929e+00  1.709536e+02
 1.940000e+00  7.528478e-01  5.684450e-01  7.695712e-01  7.613565e-01 -3.124314e+00  1.706218e+00  1.712155e+02
 1.950000e+00  7.363214e-01  5.439450e-01  7.573247e-01  7.491082e-01 -3.077088e+00  1.930772e+00  1.588488e+02
 1.960000e+00  7.194931e-01  5.198973e-01  7.433808e-01  7.335828e-01 -3.025933e+00  2.132163e+00  1.387715e+02
 1.970000e+00  7.203498e-01  5.211558e-01  7.429560e-01  7.328623e-01 -3.026094e+00  2.255268e+00  1.433819e+02
 1.980000e+00  7.061129e-01  5.004976e-01  7.304323e-01  7.187980e-01 -2.974976e+00  1.846550e+00  1.443109e+02
 1.990000e+00  6.846725e-01  4.709753e-01  7.138941e-01  7.031400e-01 -2.919468e+00  2.042712e+00  1.352690e+02
 2.000000e+00  6.466135e-01  4.216113e-01  6.853293e-01  6.707072e-01 -2.828199e+00  2.884634e+00  1.071695e+02
