# Temperature Magnetization2 Magnetization4 Correlation2 Correlation4 Energy Energy2 HeatCapacity CorrelationLength
0.000000e+000 1.000000e+000 1.000000e+000 1.000000e+000 1.000000e+000 -2.000000e+000 -1.#IND00e+000 5.185436e+016
1.000000e-002 1.000000e+000 1.000000e+000 1.000000e+000 1.000000e+000 -2.000000e+000 0.000000e+000 5.185436e+016
2.000000e-002 1.000000e+000 1.000000e+000 1.000000e+000 1.000000e+000 -2.000000e+000 0.000000e+000 5.185436e+016
3.000000e-002 1.000000e+000 1.000000e+000 1.000000e+000 1.000000e+000 -2.000000e+000 0.000000e+000 5.185436e+016
4.000000e-002 1.000000e+000 1.000000e+000 1.000000e+000 1.000000e+000 -2.000000e+000 0.000000e+000 5.185436e+016
5.000000e-002 1.000000e+000 1.000000e+000 1.000000e+000 1.000000e+000 -2.000000e+000 0.000000e+000 5.185436e+016
6.000000e-002 1.000000e+000 1.000000e+000 1.000000e+000 1.000000e+000 -2.000000e+000 0.000000e+000 5.185436e+016
7.000000e-002 1.000000e+000 1.000000e+000 1.000000e+000 1.000000e+000 -2.000000e+000 0.000000e+000 5.185436e+016
8.000000e-002 1.000000e+000 1.000000e+000 1.000000e+000 1.000000e+000 -2.000000e+000 0.000000e+000 5.185436e+016
9.000000e-002 1.000000e+000 1.000000e+000 1.000000e+000 1.000000e+000 -2.000000e+000 0.000000e+000 5.185436e+016
1.000000e-001 1.000000e+000 1.000000e+000 1.000000e+000 1.000000e+000 -2.000000e+000 0.000000e+000 5.185436e+016
1.100000e-001 1.000000e+000 1.000000e+000 1.000000e+000 1.000000e+000 -2.000000e+000 0.000000e+000 5.185436e+016
1.200000e-001 1.000000e+000 1.000000e+000 1.000000e+000 1.000000e+000 -2.000000e+000 0.000000e+000 5.185436e+016
1.300000e-001 1.000000e+000 1.000000e+000 1.000000e+000 1.000000e+000 -2.000000e+000 0.000000e+000 5.185436e+016
1.400000e-001 1.000000e+000 1.000000e+000 1.000000e+000 1.000000e+000 -2.000000e+000 0.000000e+000 5.185436e+016
1.500000e-001 1.000000e+000 1.000000e+000 1.000000e+000 1.000000e+000 -2.000000e+000 0.000000e+000 5.185436e+016
1.600000e-001 1.000000e+000 1.000000e+000 1.000000e+000 1.000000e+000 -2.000000e+000 0.000000e+000 5.185436e+016
1.700000e-001 1.000000e+000 1.000000e+000 1.000000e+000 1.000000e+000 -2.000000e+000 0.000000e+000 5.185436e+016
1.800000e-001 1.000000e+000 1.000000e+000 1.000000e+000 1.000000e+000 -2.000000e+000 0.000000e+000 5.185436e+016
1.900000e-001 1.000000e+000 1.000000e+000 1.000000e+000 1.000000e+000 -2.000000e+000 0.000000e+000 5.185436e+016
2.000000e-001 1.000000e+000 1.000000e+000 1.000000e+000 1.000000e+000 -2.000000e+000 0.000000e+000 5.185436e+016
2.100000e-001 1.000000e+000 1.000000e+000 1.000000e+000 1.000000e+000 -2.000000e+000 0.000000e+000 5.185436e+016
2.200000e-001 1.000000e+000 1.000000e+000 1.000000e+000 1.000000e+000 -2.000000e+000 0.000000e+000 5.185436e+016
2.300000e-001 1.000000e+000 1.000000e+000 1.000000e+000 1.000000e+000 -2.000000e+000 0.000000e+000 5.185436e+016
2.400000e-001 1.000000e+000 1.000000e+000 1.000000e+000 1.000000e+000 -2.000000e+000 0.000000e+000 5.185436e+016
2.500000e-001 1.000000e+000 1.000000e+000 1.000000e+000 1.000000e+000 -2.000000e+000 0.000000e+000 5.185436e+016
2.600000e-001 1.000000e+000 1.000000e+000 1.000000e+000 1.000000e+000 -2.000000e+000 0.000000e+000 5.185436e+016
2.700000e-001 1.000000e+000 1.000000e+000 1.000000e+000 1.000000e+000 -2.000000e+000 0.000000e+000 5.185436e+016
2.800000e-001 1.000000e+000 1.000000e+000 1.000000e+000 1.000000e+000 -2.000000e+000 0.000000e+000 5.185436e+016
2.900000e-001 1.000000e+000 1.000000e+000 1.000000e+000 1.000000e+000 -2.000000e+000 0.000000e+000 5.185436e+016
3.000000e-001 1.000000e+000 1.000000e+000 1.000000e+000 1.000000e+000 -2.000000e+000 0.000000e+000 5.185436e+016
3.100000e-001 1.000000e+000 1.000000e+000 1.000000e+000 1.000000e+000 -2.000000e+000 0.000000e+000 5.185436e+016
3.200000e-001 9.999908e-001 9.999816e-001 9.999907e-001 9.999907e-001 -1.999981e+000 9.625772e-004 4.272759e+004
3.300000e-001 1.000000e+000 1.000000e+000 1.000000e+000 1.000000e+000 -2.000000e+000 0.000000e+000 5.185436e+016
3.400000e-001 9.999984e-001 9.999968e-001 9.999984e-001 9.999984e-001 -1.999997e+000 1.494628e-004 1.021389e+005
3.500000e-001 9.999972e-001 9.999945e-001 9.999972e-001 9.999972e-001 -1.999994e+000 2.417294e-004 7.800981e+004
3.600000e-001 9.999991e-001 9.999982e-001 9.999991e-001 9.999991e-001 -1.999998e+000 7.619265e-005 1.351171e+005
3.700000e-001 9.999915e-001 9.999829e-001 9.999914e-001 9.999914e-001 -1.999983e+000 6.660995e-004 4.442605e+004
3.800000e-001 9.999933e-001 9.999866e-001 9.999933e-001 9.999933e-001 -1.999987e+000 4.951600e-004 5.018108e+004
3.900000e-001 9.999963e-001 9.999926e-001 9.999963e-001 9.999963e-001 -1.999993e+000 2.595304e-004 6.755845e+004
4.000000e-001 9.999995e-001 9.999991e-001 9.999995e-001 9.999995e-001 -1.999999e+000 3.086111e-005 1.910845e+005
4.100000e-001 9.999723e-001 9.999447e-001 9.999722e-001 9.999722e-001 -1.999944e+000 1.752043e-003 2.466856e+004
4.200000e-001 9.999725e-001 9.999451e-001 9.999725e-001 9.999725e-001 -1.999945e+000 1.655776e-003 2.477200e+004
4.300000e-001 9.999605e-001 9.999212e-001 9.999604e-001 9.999604e-001 -1.999921e+000 2.263992e-003 2.066492e+004
4.400000e-001 9.999686e-001 9.999373e-001 9.999685e-001 9.999685e-001 -1.999937e+000 1.722722e-003 2.317203e+004
4.500000e-001 9.999522e-001 9.999046e-001 9.999521e-001 9.999521e-001 -1.999904e+000 2.546655e-003 1.878821e+004
4.600000e-001 9.999152e-001 9.998308e-001 9.999150e-001 9.999150e-001 -1.999830e+000 4.203897e-003 1.410552e+004
4.700000e-001 9.999020e-001 9.998045e-001 9.999019e-001 9.999019e-001 -1.999805e+000 4.653990e-003 1.297357e+004
4.800000e-001 9.998605e-001 9.997217e-001 9.998602e-001 9.998602e-001 -1.999731e+000 6.592721e-003 1.019987e+004
4.900000e-001 9.998526e-001 9.997059e-001 9.998523e-001 9.998523e-001 -1.999708e+000 6.844802e-003 1.041727e+004
5.000000e-001 9.998644e-001 9.997294e-001 9.998641e-001 9.998641e-001 -1.999728e+000 5.943423e-003 1.123077e+004
5.100000e-001 9.997447e-001 9.994908e-001 9.997447e-001 9.997442e-001 -1.999491e+000 1.122859e-002 8.081316e+003
5.200000e-001 9.996945e-001 9.993906e-001 9.996940e-001 9.996940e-001 -1.999391e+000 1.204758e-002 7.365110e+003
5.300000e-001 9.996650e-001 9.993317e-001 9.996644e-001 9.996644e-001 -1.999336e+000 1.303447e-002 6.924099e+003
5.400000e-001 9.996183e-001 9.992386e-001 9.996176e-001 9.996176e-001 -1.999245e+000 1.389798e-002 6.404746e+003
5.500000e-001 9.994472e-001 9.988976e-001 9.994491e-001 9.994471e-001 -1.998900e+000 2.119567e-002 5.406840e+003
5.600000e-001 9.994065e-001 9.988164e-001 9.994053e-001 9.994056e-001 -1.998820e+000 2.137175e-002 5.253293e+003
5.700000e-001 9.992861e-001 9.985762e-001 9.992847e-001 9.992847e-001 -1.998595e+000 2.318646e-002 4.701214e+003
5.800000e-001 9.992060e-001 9.984166e-001 9.992044e-001 9.992052e-001 -1.998426e+000 2.599953e-002 4.571175e+003
5.900000e-001 9.989436e-001 9.978936e-001 9.989414e-001 9.989419e-001 -1.997906e+000 3.304479e-002 3.889174e+003
6.000000e-001 9.988924e-001 9.977917e-001 9.988900e-001 9.988907e-001 -1.997810e+000 3.452375e-002 3.790520e+003
6.100000e-001 9.985296e-001 9.970686e-001 9.985264e-001 9.985267e-001 -1.997086e+000 4.276110e-002 3.274645e+003
6.200000e-001 9.984965e-001 9.970025e-001 9.984933e-001 9.984937e-001 -1.997030e+000 4.108321e-002 3.255143e+003
6.300000e-001 9.981557e-001 9.963240e-001 9.981514e-001 9.981519e-001 -1.996380e+000 5.003440e-002 2.899743e+003
6.400000e-001 9.979141e-001 9.958429e-001 9.979096e-001 9.979093e-001 -1.995916e+000 5.410553e-002 2.742887e+003
6.500000e-001 9.977355e-001 9.954872e-001 9.977301e-001 9.977333e-001 -1.995541e+000 5.688245e-002 2.647740e+003
6.600000e-001 9.972032e-001 9.944294e-001 9.971966e-001 9.971986e-001 -1.994559e+000 7.181449e-002 2.311974e+003
6.700000e-001 9.969625e-001 9.939512e-001 9.969611e-001 9.969578e-001 -1.994113e+000 7.663538e-002 2.186082e+003
6.800000e-001 9.964312e-001 9.928928e-001 9.964286e-001 9.964263e-001 -1.993018e+000 8.126475e-002 2.082121e+003
6.900000e-001 9.960622e-001 9.921604e-001 9.960527e-001 9.960559e-001 -1.992285e+000 9.092725e-002 1.980756e+003
7.000000e-001 9.955648e-001 9.911722e-001 9.955563e-001 9.955553e-001 -1.991350e+000 9.896319e-002 1.838265e+003
7.100000e-001 9.952927e-001 9.906318e-001 9.952909e-001 9.952818e-001 -1.990829e+000 1.011896e-001 1.791152e+003
7.200000e-001 9.944627e-001 9.889840e-001 9.944552e-001 9.944494e-001 -1.989214e+000 1.128005e-001 1.646789e+003
7.300000e-001 9.936683e-001 9.874129e-001 9.936579e-001 9.936560e-001 -1.987743e+000 1.392615e-001 1.514934e+003
7.400000e-001 9.931976e-001 9.864781e-001 9.931832e-001 9.931813e-001 -1.986876e+000 1.346084e-001 1.464424e+003
7.500000e-001 9.925219e-001 9.851423e-001 9.925019e-001 9.925067e-001 -1.985527e+000 1.544676e-001 1.394190e+003
7.600000e-001 9.917316e-001 9.835776e-001 9.917089e-001 9.917253e-001 -1.984017e+000 1.629540e-001 1.310414e+003
7.700000e-001 9.905127e-001 9.811713e-001 9.904978e-001 9.904946e-001 -1.981812e+000 1.833714e-001 1.206436e+003
7.800000e-001 9.895476e-001 9.792616e-001 9.895219e-001 9.895219e-001 -1.979974e+000 1.846881e-001 1.149253e+003
7.900000e-001 9.886711e-001 9.775332e-001 9.886539e-001 9.886457e-001 -1.978351e+000 1.962495e-001 1.105999e+003
8.000000e-001 9.875586e-001 9.753432e-001 9.875418e-001 9.875214e-001 -1.976195e+000 2.185870e-001 1.043683e+003
8.100000e-001 9.865028e-001 9.732638e-001 9.864778e-001 9.864714e-001 -1.974272e+000 2.248140e-001 1.007120e+003
8.200000e-001 9.846363e-001 9.696012e-001 9.846050e-001 9.845872e-001 -1.970891e+000 2.572073e-001 9.179949e+002
8.300000e-001 9.835094e-001 9.673915e-001 9.834767e-001 9.834693e-001 -1.968751e+000 2.748733e-001 8.993829e+002
8.400000e-001 9.817398e-001 9.639230e-001 9.816815e-001 9.816802e-001 -1.965554e+000 2.880728e-001 8.290830e+002
8.500000e-001 9.802369e-001 9.609821e-001 9.802003e-001 9.801804e-001 -1.962699e+000 3.015672e-001 8.012183e+002
8.600000e-001 9.783959e-001 9.574049e-001 9.783475e-001 9.783497e-001 -1.959562e+000 3.565063e-001 7.547702e+002
8.700000e-001 9.767706e-001 9.542250e-001 9.767223e-001 9.767236e-001 -1.956740e+000 3.370225e-001 7.142405e+002
8.800000e-001 9.745671e-001 9.499457e-001 9.744977e-001 9.744994e-001 -1.952649e+000 3.717679e-001 6.827209e+002
8.900000e-001 9.728822e-001 9.466751e-001 9.728100e-001 9.728256e-001 -1.949670e+000 3.862351e-001 6.632018e+002
9.000000e-001 9.699052e-001 9.409191e-001 9.698215e-001 9.698301e-001 -1.944532e+000 4.192693e-001 6.118284e+002
9.100000e-001 9.673780e-001 9.360482e-001 9.673088e-001 9.673143e-001 -1.940130e+000 4.471826e-001 5.787232e+002
9.200000e-001 9.654643e-001 9.323509e-001 9.653440e-001 9.653738e-001 -1.936544e+000 4.582891e-001 5.705691e+002
9.300000e-001 9.620116e-001 9.257227e-001 9.619102e-001 9.619188e-001 -1.930681e+000 4.835222e-001 5.322958e+002
9.400000e-001 9.596695e-001 9.212582e-001 9.595719e-001 9.595700e-001 -1.926572e+000 5.351995e-001 5.159710e+002
9.500000e-001 9.564082e-001 9.150389e-001 9.562932e-001 9.562907e-001 -1.920901e+000 5.723957e-001 4.881298e+002
9.600000e-001 9.524974e-001 9.076038e-001 9.523609e-001 9.523711e-001 -1.914602e+000 5.777988e-001 4.525595e+002
9.700000e-001 9.489463e-001 9.009174e-001 9.487456e-001 9.488131e-001 -1.908466e+000 6.379461e-001 4.277798e+002
9.800000e-001 9.458403e-001 8.950405e-001 9.457204e-001 9.457091e-001 -1.903151e+000 6.738084e-001 4.198837e+002
9.900000e-001 9.400585e-001 8.842071e-001 9.398024e-001 9.398837e-001 -1.893471e+000 7.361792e-001 3.908006e+002
1.000000e+000 9.365004e-001 8.775615e-001 9.363002e-001 9.363025e-001 -1.887836e+000 7.481462e-001 3.705712e+002
1.010000e+000 9.326148e-001 8.703896e-001 9.323861e-001 9.323892e-001 -1.881327e+000 8.523569e-001 3.576714e+002
1.020000e+000 9.250307e-001 8.563980e-001 9.246520e-001 9.247484e-001 -1.869657e+000 9.176782e-001 3.247525e+002
1.030000e+000 9.204612e-001 8.480224e-001 9.202380e-001 9.201667e-001 -1.862891e+000 9.301843e-001 3.094066e+002
1.040000e+000 9.138517e-001 8.360699e-001 9.135024e-001 9.135946e-001 -1.852703e+000 1.091587e+000 2.896867e+002
1.050000e+000 9.074569e-001 8.244659e-001 9.069213e-001 9.071692e-001 -1.842232e+000 1.079353e+000 2.772268e+002
1.060000e+000 8.983466e-001 8.082100e-001 8.978280e-001 8.979024e-001 -1.828829e+000 1.200186e+000 2.522082e+002
1.070000e+000 8.932667e-001 7.991584e-001 8.927745e-001 8.928663e-001 -1.820464e+000 1.246810e+000 2.477089e+002
1.080000e+000 8.811096e-001 7.778610e-001 8.804017e-001 8.805933e-001 -1.803486e+000 1.358928e+000 2.214103e+002
1.090000e+000 8.725028e-001 7.629003e-001 8.720441e-001 8.718641e-001 -1.791113e+000 1.446129e+000 2.072880e+002
1.100000e+000 8.648752e-001 7.498634e-001 8.641885e-001 8.641572e-001 -1.780424e+000 1.525096e+000 1.955673e+002
1.110000e+000 8.541390e-001 7.315882e-001 8.534084e-001 8.534829e-001 -1.764658e+000 1.598193e+000 1.835431e+002
1.120000e+000 8.412743e-001 7.101206e-001 8.401845e-001 8.406075e-001 -1.747910e+000 1.691195e+000 1.665762e+002
1.130000e+000 8.258909e-001 6.851775e-001 8.249293e-001 8.249910e-001 -1.727748e+000 2.026323e+000 1.506693e+002
1.140000e+000 8.122996e-001 6.633253e-001 8.108478e-001 8.113829e-001 -1.709951e+000 2.044240e+000 1.361981e+002
1.150000e+000 7.918740e-001 6.312387e-001 7.902464e-001 7.908200e-001 -1.684690e+000 2.290479e+000 1.259505e+002
1.160000e+000 7.717079e-001 6.009053e-001 7.691610e-001 7.708039e-001 -1.661631e+000 2.636550e+000 1.092954e+002
1.170000e+000 7.459832e-001 5.636611e-001 7.432774e-001 7.455282e-001 -1.632914e+000 3.118788e+000 9.341748e+001
1.180000e+000 7.065721e-001 5.124549e-001 7.021141e-001 7.066036e-001 -1.592992e+000 4.865107e+000 7.411601e+001
1.190000e+000 6.749342e-001 4.692504e-001 6.702876e-001 6.752875e-001 -1.558390e+000 4.480560e+000 6.593517e+001
1.200000e+000 6.234606e-001 4.086266e-001 6.162545e-001 6.256156e-001 -1.512130e+000 5.430468e+000 5.282413e+001
1.210000e+000 5.574339e-001 3.366914e-001 5.460591e-001 5.627012e-001 -1.454287e+000 6.228526e+000 4.152353e+001
1.220000e+000 4.427753e-001 2.427036e-001 4.275128e-001 4.554874e-001 -1.361069e+000 1.154648e+001 2.853687e+001
1.230000e+000 2.798568e-001 1.179860e-001 2.528841e-001 2.993319e-001 -1.232165e+000 8.738677e+000 1.842894e+001
1.240000e+000 1.932984e-001 6.260477e-002 1.615247e-001 2.184784e-001 -1.159566e+000 6.295466e+000 1.386085e+001
1.250000e+000 1.059714e-001 2.388124e-002 7.110891e-002 1.274961e-001 -1.064239e+000 4.120649e+000 9.813323e+000
1.260000e+000 9.996681e-002 2.223729e-002 7.294595e-002 1.193479e-001 -1.046458e+000 4.862750e+000 9.575336e+000
1.270000e+000 7.100647e-002 1.077593e-002 3.978646e-002 8.974398e-002 -9.996142e-001 3.820560e+000 7.965532e+000
1.280000e+000 5.550125e-002 5.878741e-003 2.420012e-002 7.177292e-002 -9.783971e-001 2.584889e+000 6.947339e+000
1.290000e+000 4.431844e-002 3.702830e-003 1.725243e-002 5.427043e-002 -9.461319e-001 2.198545e+000 6.363542e+000
1.300000e+000 3.643746e-002 2.512591e-003 8.177315e-003 4.449502e-002 -9.148286e-001 1.990558e+000 5.764870e+000
1.310000e+000 3.290464e-002 2.042653e-003 8.879514e-003 3.817598e-002 -8.899985e-001 2.091786e+000 5.611887e+000
1.320000e+000 3.431329e-002 2.151861e-003 1.189595e-002 4.063061e-002 -8.972628e-001 1.928683e+000 5.830127e+000
1.330000e+000 2.642797e-002 1.269316e-003 2.535185e-003 2.779294e-002 -8.425206e-001 1.536388e+000 5.302332e+000
1.340000e+000 2.478861e-002 1.040649e-003 4.723264e-003 2.492274e-002 -8.214775e-001 1.520773e+000 5.422022e+000
1.350000e+000 2.450466e-002 1.062388e-003 1.222454e-003 2.501337e-002 -8.453625e-001 1.485374e+000 5.240130e+000
1.360000e+000 2.291451e-002 8.904051e-004 3.358681e-003 2.508160e-002 -8.295831e-001 1.466034e+000 4.903560e+000
1.370000e+000 1.936640e-002 6.374426e-004 3.046991e-003 1.582517e-002 -7.984201e-001 1.113870e+000 4.797229e+000
1.380000e+000 2.040818e-002 7.064839e-004 -1.238773e-003 1.662419e-002 -7.886012e-001 1.234146e+000 5.104223e+000
1.390000e+000 1.867850e-002 6.020970e-004 2.681829e-003 1.461192e-002 -7.816601e-001 1.372442e+000 4.937779e+000
1.400000e+000 1.777245e-002 5.650502e-004 5.637616e-003 1.515862e-002 -7.699962e-001 1.097570e+000 4.744655e+000
1.410000e+000 1.665076e-002 4.684929e-004 -4.589120e-004 1.287894e-002 -7.480345e-001 8.692525e-001 4.798549e+000
1.420000e+000 1.624320e-002 4.432174e-004 1.187847e-003 1.438084e-002 -7.428828e-001 1.355669e+000 4.764606e+000
1.430000e+000 1.609944e-002 4.544477e-004 -3.430556e-004 1.375052e-002 -7.427683e-001 1.251930e+000 4.622414e+000
1.440000e+000 1.379328e-002 3.294529e-004 -4.479167e-003 9.496933e-003 -7.226075e-001 1.156491e+000 4.454499e+000
1.450000e+000 1.389914e-002 3.161928e-004 2.530093e-004 6.802488e-003 -7.078471e-001 8.867317e-001 4.444836e+000
1.460000e+000 1.423907e-002 3.291439e-004 -1.532639e-003 7.289005e-003 -7.087189e-001 1.109140e+000 4.732743e+000
1.470000e+000 1.236403e-002 2.520844e-004 3.688657e-004 6.664873e-003 -6.947605e-001 8.487996e-001 4.256954e+000
1.480000e+000 1.242986e-002 2.452210e-004 2.064699e-003 6.185706e-003 -6.856677e-001 1.046931e+000 4.344258e+000
1.490000e+000 1.110448e-002 2.005263e-004 -1.083912e-003 6.814294e-003 -6.788174e-001 9.954496e-001 4.071759e+000
1.500000e+000 1.226341e-002 2.473887e-004 4.112963e-003 4.096586e-003 -6.896171e-001 8.394960e-001 4.336280e+000
1.510000e+000 9.562778e-003 1.584396e-004 3.430903e-003 3.152836e-003 -6.424428e-001 8.051451e-001 3.895400e+000
1.520000e+000 1.063096e-002 1.827367e-004 -1.208449e-003 1.789178e-003 -6.595737e-001 6.615615e-001 4.259532e+000
1.530000e+000 1.069452e-002 1.824923e-004 -1.954282e-003 8.094618e-003 -6.660903e-001 6.314734e-001 4.084833e+000
1.540000e+000 1.021334e-002 1.778960e-004 -1.141319e-003 5.563715e-003 -6.445410e-001 6.504675e-001 4.312674e+000
1.550000e+000 9.952195e-003 1.816030e-004 -5.276042e-003 3.640683e-003 -6.340249e-001 7.244085e-001 4.191655e+000
1.560000e+000 9.528499e-003 1.475604e-004 2.563542e-003 -2.977431e-004 -6.238067e-001 6.474494e-001 4.177412e+000
1.570000e+000 8.164468e-003 1.070436e-004 1.983565e-003 3.213368e-003 -5.991542e-001 7.921181e-001 3.882611e+000
1.580000e+000 8.666930e-003 1.179579e-004 -3.650463e-004 4.350521e-003 -6.026366e-001 5.999994e-001 4.021621e+000
1.590000e+000 8.835081e-003 1.406746e-004 1.899074e-003 4.419618e-003 -6.063858e-001 9.118632e-001 4.075286e+000
1.600000e+000 8.675310e-003 1.148204e-004 -1.701389e-004 2.252315e-003 -5.891262e-001 5.664353e-001 4.376830e+000
1.610000e+000 8.166459e-003 1.169246e-004 -2.499884e-003 1.632350e-003 -5.771454e-001 6.071256e-001 4.146300e+000
1.620000e+000 9.129987e-003 1.451957e-004 -6.645833e-004 1.551273e-003 -5.922347e-001 6.059116e-001 4.451514e+000
1.630000e+000 8.918613e-003 1.345426e-004 3.611458e-003 5.770486e-003 -5.749679e-001 4.364202e-001 4.451624e+000
1.640000e+000 7.415618e-003 9.077303e-005 7.894676e-004 -7.657407e-004 -5.537936e-001 5.039165e-001 4.044985e+000
1.650000e+000 8.397019e-003 1.276721e-004 3.422917e-003 4.270255e-003 -5.644823e-001 7.368091e-001 4.261203e+000
1.660000e+000 8.539043e-003 1.172884e-004 -4.315509e-003 3.651620e-004 -5.550991e-001 5.429955e-001 4.595593e+000
1.670000e+000 8.329525e-003 1.162836e-004 4.153472e-003 -1.491319e-003 -5.575508e-001 5.336334e-001 4.440304e+000
1.680000e+000 7.660313e-003 9.423559e-005 -3.201736e-003 4.520255e-004 -5.582863e-001 5.831131e-001 4.331636e+000
1.690000e+000 6.993348e-003 7.789234e-005 1.858565e-003 2.690162e-003 -5.467253e-001 3.934839e-001 4.104759e+000
1.700000e+000 7.668751e-003 9.823282e-005 -3.695833e-003 4.678819e-004 -5.471351e-001 4.496867e-001 4.308550e+000
1.710000e+000 6.657958e-003 7.105410e-005 -3.757407e-003 4.936343e-004 -5.280639e-001 6.398231e-001 4.026936e+000
1.720000e+000 7.399969e-003 9.030008e-005 3.907407e-004 5.179398e-004 -5.276272e-001 4.175202e-001 4.337121e+000
1.730000e+000 6.859759e-003 7.773732e-005 4.922222e-003 -3.015162e-003 -5.358803e-001 4.724686e-001 4.136106e+000
1.740000e+000 6.338349e-003 6.749287e-005 -3.854861e-003 -4.278241e-003 -5.115990e-001 4.489954e-001 4.113319e+000
1.750000e+000 6.389695e-003 6.871048e-005 4.910417e-003 7.271991e-004 -5.312237e-001 4.393890e-001 3.878075e+000
1.760000e+000 6.488454e-003 7.266829e-005 1.482060e-003 -8.179398e-004 -5.214166e-001 4.064767e-001 4.047132e+000
1.770000e+000 6.290910e-003 6.358727e-005 1.107870e-003 1.388079e-003 -5.051058e-001 5.258873e-001 3.899392e+000
1.780000e+000 6.431771e-003 6.820098e-005 7.211806e-004 1.106424e-003 -5.026737e-001 4.127483e-001 3.991504e+000
1.790000e+000 6.614411e-003 6.960206e-005 5.983796e-004 -4.600694e-005 -4.950397e-001 3.719156e-001 4.326837e+000
1.800000e+000 6.741966e-003 7.555101e-005 -2.682870e-004 2.331192e-003 -4.997205e-001 3.370396e-001 4.293963e+000
1.810000e+000 5.018695e-003 4.024439e-005 -5.804514e-003 -8.922454e-004 -4.997807e-001 2.811762e-001 3.317873e+000
1.820000e+000 5.729304e-003 5.068201e-005 -1.594444e-003 2.639699e-003 -4.889956e-001 3.584953e-001 3.829361e+000
1.830000e+000 5.689814e-003 5.003732e-005 2.442130e-003 1.287616e-003 -4.849444e-001 4.198469e-001 4.161806e+000
1.840000e+000 6.392325e-003 6.995964e-005 -1.148727e-003 1.283102e-003 -4.947242e-001 3.920228e-001 4.243228e+000
1.850000e+000 5.424382e-003 4.808042e-005 3.891898e-003 2.530671e-004 -4.695318e-001 3.795332e-001 3.910068e+000
1.860000e+000 5.580998e-003 4.886266e-005 -1.190856e-003 -2.629861e-003 -4.795493e-001 3.916825e-001 4.022575e+000
1.870000e+000 6.449253e-003 7.056368e-005 -3.042245e-003 -5.884144e-003 -4.584906e-001 3.128320e-001 4.541203e+000
1.880000e+000 5.347561e-003 4.594383e-005 -2.346296e-003 1.899306e-004 -4.427721e-001 4.623797e-001 3.992403e+000
1.890000e+000 5.206832e-003 5.015492e-005 -2.217245e-003 -2.036921e-003 -4.603558e-001 3.257034e-001 3.796009e+000
1.900000e+000 5.753094e-003 5.192083e-005 5.849537e-004 1.144213e-003 -4.557123e-001 3.330565e-001 4.187479e+000
1.910000e+000 5.964543e-003 5.604259e-005 -3.895370e-003 5.471238e-003 -4.373572e-001 3.484316e-001 4.428475e+000
1.920000e+000 4.845576e-003 4.267347e-005 -3.451852e-003 -1.348322e-003 -4.454109e-001 2.034807e-001 3.754306e+000
1.930000e+000 5.387472e-003 4.988365e-005 -8.663194e-004 1.658912e-003 -4.567508e-001 3.577226e-001 3.815137e+000
1.940000e+000 4.934963e-003 3.851486e-005 6.119213e-004 -1.762847e-003 -4.384544e-001 3.170708e-001 3.877191e+000
1.950000e+000 4.896110e-003 3.990767e-005 6.087616e-003 -1.591377e-003 -4.309804e-001 2.904440e-001 4.048356e+000
1.960000e+000 4.919721e-003 3.908906e-005 1.073032e-003 -2.346701e-003 -4.407610e-001 2.843997e-001 3.905445e+000
1.970000e+000 5.157958e-003 4.502161e-005 1.228588e-003 -3.956019e-003 -4.508649e-001 5.716918e-001 3.682236e+000
1.980000e+000 4.897441e-003 3.593380e-005 -7.824074e-004 2.601042e-003 -4.200110e-001 3.594387e-001 3.916622e+000
1.990000e+000 5.461394e-003 5.677951e-005 4.355324e-004 3.348958e-004 -4.193345e-001 2.420217e-001 4.371864e+000
2.000000e+000 4.691360e-003 3.811856e-005 4.942593e-003 7.539988e-003 -4.340045e-001 2.714634e-001 3.666052e+000
