# Temperature Magnetization2 Magnetization4 Correlation2 Correlation4 Energy Energy2 HeatCapacity CorrelationLength
0.000000e+000 1.000000e+000 1.000000e+000 1.000000e+000 1.000000e+000 -2.000000e+000 -1.#IND00e+000 5.185436e+016
1.000000e-002 1.000000e+000 1.000000e+000 1.000000e+000 1.000000e+000 -2.000000e+000 0.000000e+000 5.185436e+016
2.000000e-002 1.000000e+000 1.000000e+000 1.000000e+000 1.000000e+000 -2.000000e+000 0.000000e+000 5.185436e+016
3.000000e-002 1.000000e+000 1.000000e+000 1.000000e+000 1.000000e+000 -2.000000e+000 0.000000e+000 5.185436e+016
4.000000e-002 1.000000e+000 1.000000e+000 1.000000e+000 1.000000e+000 -2.000000e+000 0.000000e+000 5.185436e+016
5.000000e-002 1.000000e+000 1.000000e+000 1.000000e+000 1.000000e+000 -2.000000e+000 0.000000e+000 5.185436e+016
6.000000e-002 1.000000e+000 1.000000e+000 1.000000e+000 1.000000e+000 -2.000000e+000 0.000000e+000 5.185436e+016
7.000000e-002 1.000000e+000 1.000000e+000 1.000000e+000 1.000000e+000 -2.000000e+000 0.000000e+000 5.185436e+016
8.000000e-002 1.000000e+000 1.000000e+000 1.000000e+000 1.000000e+000 -2.000000e+000 0.000000e+000 5.185436e+016
9.000000e-002 1.000000e+000 1.000000e+000 1.000000e+000 1.000000e+000 -2.000000e+000 0.000000e+000 5.185436e+016
1.000000e-001 1.000000e+000 1.000000e+000 1.000000e+000 1.000000e+000 -2.000000e+000 0.000000e+000 5.185436e+016
1.100000e-001 1.000000e+000 1.000000e+000 1.000000e+000 1.000000e+000 -2.000000e+000 0.000000e+000 5.185436e+016
1.200000e-001 1.000000e+000 1.000000e+000 1.000000e+000 1.000000e+000 -2.000000e+000 0.000000e+000 5.185436e+016
1.300000e-001 1.000000e+000 1.000000e+000 1.000000e+000 1.000000e+000 -2.000000e+000 0.000000e+000 5.185436e+016
1.400000e-001 1.000000e+000 1.000000e+000 1.000000e+000 1.000000e+000 -2.000000e+000 0.000000e+000 5.185436e+016
1.500000e-001 1.000000e+000 1.000000e+000 1.000000e+000 1.000000e+000 -2.000000e+000 0.000000e+000 5.185436e+016
1.600000e-001 1.000000e+000 1.000000e+000 1.000000e+000 1.000000e+000 -2.000000e+000 0.000000e+000 5.185436e+016
1.700000e-001 1.000000e+000 1.000000e+000 1.000000e+000 1.000000e+000 -2.000000e+000 0.000000e+000 5.185436e+016
1.800000e-001 1.000000e+000 1.000000e+000 1.000000e+000 1.000000e+000 -2.000000e+000 0.000000e+000 5.185436e+016
1.900000e-001 1.000000e+000 1.000000e+000 1.000000e+000 1.000000e+000 -2.000000e+000 0.000000e+000 5.185436e+016
2.000000e-001 1.000000e+000 1.000000e+000 1.000000e+000 1.000000e+000 -2.000000e+000 0.000000e+000 5.185436e+016
2.100000e-001 1.000000e+000 1.000000e+000 1.000000e+000 1.000000e+000 -2.000000e+000 0.000000e+000 5.185436e+016
2.200000e-001 1.000000e+000 1.000000e+000 1.000000e+000 1.000000e+000 -2.000000e+000 0.000000e+000 5.185436e+016
2.300000e-001 1.000000e+000 1.000000e+000 1.000000e+000 1.000000e+000 -2.000000e+000 0.000000e+000 5.185436e+016
2.400000e-001 1.000000e+000 1.000000e+000 1.000000e+000 1.000000e+000 -2.000000e+000 0.000000e+000 5.185436e+016
2.500000e-001 1.000000e+000 1.000000e+000 1.000000e+000 1.000000e+000 -2.000000e+000 0.000000e+000 5.185436e+016
2.600000e-001 1.000000e+000 1.000000e+000 1.000000e+000 1.000000e+000 -2.000000e+000 0.000000e+000 5.185436e+016
2.700000e-001 1.000000e+000 1.000000e+000 1.000000e+000 1.000000e+000 -2.000000e+000 0.000000e+000 5.185436e+016
2.800000e-001 1.000000e+000 1.000000e+000 1.000000e+000 1.000000e+000 -2.000000e+000 0.000000e+000 5.185436e+016
2.900000e-001 1.000000e+000 1.000000e+000 1.000000e+000 1.000000e+000 -2.000000e+000 0.000000e+000 5.185436e+016
3.000000e-001 1.000000e+000 1.000000e+000 1.000000e+000 1.000000e+000 -2.000000e+000 0.000000e+000 5.185436e+016
3.100000e-001 1.000000e+000 1.000000e+000 1.000000e+000 1.000000e+000 -2.000000e+000 0.000000e+000 5.185436e+016
3.200000e-001 1.000000e+000 1.000000e+000 1.000000e+000 1.000000e+000 -2.000000e+000 0.000000e+000 5.185436e+016
3.300000e-001 9.999986e-001 9.999972e-001 9.999986e-001 9.999986e-001 -1.999997e+000 1.359997e-004 1.103226e+005
3.400000e-001 1.000000e+000 1.000000e+000 1.000000e+000 1.000000e+000 -2.000000e+000 0.000000e+000 5.185436e+016
3.500000e-001 1.000000e+000 1.000000e+000 1.000000e+000 1.000000e+000 -2.000000e+000 0.000000e+000 5.185436e+016
3.600000e-001 9.999891e-001 9.999783e-001 9.999891e-001 9.999891e-001 -1.999978e+000 8.933385e-004 3.941751e+004
3.700000e-001 9.999956e-001 9.999912e-001 9.999956e-001 9.999956e-001 -1.999991e+000 3.423595e-004 6.199586e+004
3.800000e-001 9.999975e-001 9.999949e-001 9.999975e-001 9.999975e-001 -1.999995e+000 1.879886e-004 8.147860e+004
3.900000e-001 9.999931e-001 9.999862e-001 9.999931e-001 9.999931e-001 -1.999986e+000 4.862785e-004 4.933763e+004
4.000000e-001 9.999753e-001 9.999507e-001 9.999752e-001 9.999752e-001 -1.999950e+000 1.642400e-003 2.612421e+004
4.100000e-001 9.999700e-001 9.999401e-001 9.999699e-001 9.999699e-001 -1.999942e+000 1.938514e-003 2.194564e+004
4.200000e-001 9.999947e-001 9.999894e-001 9.999947e-001 9.999947e-001 -1.999989e+000 3.215692e-004 5.634759e+004
4.300000e-001 9.999704e-001 9.999410e-001 9.999704e-001 9.999704e-001 -1.999941e+000 1.698359e-003 2.388521e+004
4.400000e-001 9.999415e-001 9.998834e-001 9.999414e-001 9.999414e-001 -1.999886e+000 3.236104e-003 1.607782e+004
4.500000e-001 9.999226e-001 9.998455e-001 9.999225e-001 9.999225e-001 -1.999845e+000 4.016324e-003 1.476390e+004
4.600000e-001 9.999203e-001 9.998409e-001 9.999201e-001 9.999201e-001 -1.999840e+000 4.026334e-003 1.456418e+004
4.700000e-001 9.999087e-001 9.998179e-001 9.999086e-001 9.999086e-001 -1.999817e+000 4.327960e-003 1.359634e+004
4.800000e-001 9.998586e-001 9.997178e-001 9.998583e-001 9.998583e-001 -1.999717e+000 6.382388e-003 1.090574e+004
4.900000e-001 9.998588e-001 9.997183e-001 9.998586e-001 9.998586e-001 -1.999717e+000 6.173703e-003 1.093419e+004
5.000000e-001 9.997498e-001 9.995008e-001 9.997493e-001 9.997493e-001 -1.999499e+000 1.082820e-002 8.183419e+003
5.100000e-001 9.997888e-001 9.995786e-001 9.997884e-001 9.997884e-001 -1.999578e+000 8.576120e-003 8.909637e+003
5.200000e-001 9.997144e-001 9.994303e-001 9.997139e-001 9.997139e-001 -1.999432e+000 1.134156e-002 7.623698e+003
5.300000e-001 9.996615e-001 9.993246e-001 9.996609e-001 9.996609e-001 -1.999322e+000 1.263741e-002 6.963856e+003
5.400000e-001 9.995652e-001 9.991327e-001 9.995644e-001 9.995644e-001 -1.999137e+000 1.636599e-002 6.160997e+003
5.500000e-001 9.994897e-001 9.989821e-001 9.994887e-001 9.994887e-001 -1.998982e+000 1.873541e-002 5.688857e+003
5.600000e-001 9.993892e-001 9.987818e-001 9.993880e-001 9.993880e-001 -1.998783e+000 2.210431e-002 5.169928e+003
5.700000e-001 9.992878e-001 9.985795e-001 9.992863e-001 9.992863e-001 -1.998582e+000 2.440679e-002 4.795009e+003
5.800000e-001 9.991602e-001 9.983250e-001 9.991588e-001 9.991586e-001 -1.998327e+000 2.599311e-002 4.439230e+003
5.900000e-001 9.989971e-001 9.980004e-001 9.989949e-001 9.989951e-001 -1.998011e+000 3.263550e-002 4.156294e+003
6.000000e-001 9.988741e-001 9.977549e-001 9.988718e-001 9.988718e-001 -1.997771e+000 3.312725e-002 3.795465e+003
6.100000e-001 9.986973e-001 9.974026e-001 9.986944e-001 9.986948e-001 -1.997437e+000 3.692696e-002 3.477000e+003
6.200000e-001 9.984646e-001 9.969393e-001 9.984611e-001 9.984611e-001 -1.996970e+000 4.405309e-002 3.203292e+003
6.300000e-001 9.982397e-001 9.964914e-001 9.982361e-001 9.982356e-001 -1.996515e+000 4.941981e-002 3.042196e+003
6.400000e-001 9.980996e-001 9.962116e-001 9.980957e-001 9.980955e-001 -1.996238e+000 4.759433e-002 2.920076e+003
6.500000e-001 9.979264e-001 9.958669e-001 9.979219e-001 9.979219e-001 -1.995912e+000 5.064463e-002 2.737575e+003
6.600000e-001 9.972583e-001 9.945386e-001 9.972517e-001 9.972529e-001 -1.994595e+000 7.234694e-002 2.379206e+003
6.700000e-001 9.968770e-001 9.937803e-001 9.968696e-001 9.968723e-001 -1.993897e+000 7.755933e-002 2.218086e+003
6.800000e-001 9.964549e-001 9.929403e-001 9.964469e-001 9.964457e-001 -1.993032e+000 8.385093e-002 2.079824e+003
6.900000e-001 9.961598e-001 9.923528e-001 9.961516e-001 9.961519e-001 -1.992474e+000 8.267727e-002 1.978195e+003
7.000000e-001 9.953488e-001 9.907447e-001 9.953476e-001 9.953391e-001 -1.990955e+000 1.074234e-001 1.773999e+003
7.100000e-001 9.951468e-001 9.903430e-001 9.951359e-001 9.951345e-001 -1.990538e+000 1.069940e-001 1.725051e+003
7.200000e-001 9.943466e-001 9.887562e-001 9.943456e-001 9.943395e-001 -1.989045e+000 1.236787e-001 1.596538e+003
7.300000e-001 9.939397e-001 9.879499e-001 9.939233e-001 9.939223e-001 -1.988257e+000 1.299890e-001 1.565304e+003
7.400000e-001 9.930785e-001 9.862435e-001 9.930612e-001 9.930626e-001 -1.986543e+000 1.465252e-001 1.469334e+003
7.500000e-001 9.923003e-001 9.847012e-001 9.922917e-001 9.922877e-001 -1.985117e+000 1.488807e-001 1.378707e+003
7.600000e-001 9.915976e-001 9.833116e-001 9.915771e-001 9.915804e-001 -1.983722e+000 1.631851e-001 1.317775e+003
7.700000e-001 9.906384e-001 9.814184e-001 9.906388e-001 9.906123e-001 -1.981954e+000 1.851537e-001 1.239676e+003
7.800000e-001 9.897338e-001 9.796307e-001 9.897105e-001 9.897069e-001 -1.980266e+000 1.903428e-001 1.171054e+003
7.900000e-001 9.890244e-001 9.782327e-001 9.890087e-001 9.889995e-001 -1.978980e+000 1.994440e-001 1.115963e+003
8.000000e-001 9.876665e-001 9.755543e-001 9.876471e-001 9.876476e-001 -1.976416e+000 2.129101e-001 1.046442e+003
8.100000e-001 9.861480e-001 9.725688e-001 9.861187e-001 9.861198e-001 -1.973648e+000 2.389676e-001 9.841569e+002
8.200000e-001 9.851607e-001 9.706297e-001 9.851277e-001 9.851214e-001 -1.971750e+000 2.471477e-001 9.498407e+002
8.300000e-001 9.840512e-001 9.684557e-001 9.839980e-001 9.840185e-001 -1.969666e+000 2.700651e-001 9.108725e+002
8.400000e-001 9.819170e-001 9.642694e-001 9.818779e-001 9.818821e-001 -1.965750e+000 2.932988e-001 8.496817e+002
8.500000e-001 9.802106e-001 9.609336e-001 9.801758e-001 9.801499e-001 -1.962570e+000 3.140089e-001 8.117743e+002
8.600000e-001 9.783417e-001 9.572938e-001 9.783196e-001 9.782909e-001 -1.959376e+000 3.368155e-001 7.573359e+002
8.700000e-001 9.767871e-001 9.542679e-001 9.767373e-001 9.767153e-001 -1.956605e+000 3.721634e-001 7.266301e+002
8.800000e-001 9.747137e-001 9.502284e-001 9.746076e-001 9.746614e-001 -1.952809e+000 3.636382e-001 6.860680e+002
8.900000e-001 9.721138e-001 9.451908e-001 9.720769e-001 9.720380e-001 -1.948216e+000 4.066699e-001 6.442411e+002
9.000000e-001 9.697812e-001 9.406735e-001 9.697206e-001 9.696907e-001 -1.944202e+000 4.158709e-001 6.130979e+002
9.100000e-001 9.676631e-001 9.365797e-001 9.675950e-001 9.675774e-001 -1.940524e+000 4.220433e-001 5.856408e+002
9.200000e-001 9.646163e-001 9.307170e-001 9.645459e-001 9.644932e-001 -1.935101e+000 4.578026e-001 5.620608e+002
9.300000e-001 9.622035e-001 9.261060e-001 9.621010e-001 9.620887e-001 -1.931006e+000 5.205984e-001 5.295689e+002
9.400000e-001 9.593551e-001 9.206755e-001 9.592206e-001 9.592598e-001 -1.926063e+000 5.693362e-001 5.059274e+002
9.500000e-001 9.558804e-001 9.140125e-001 9.557544e-001 9.557778e-001 -1.920025e+000 5.382275e-001 4.733369e+002
9.600000e-001 9.526885e-001 9.079682e-001 9.525626e-001 9.525333e-001 -1.914473e+000 5.972584e-001 4.630413e+002
9.700000e-001 9.487296e-001 9.005044e-001 9.486528e-001 9.485926e-001 -1.907726e+000 6.836837e-001 4.415146e+002
9.800000e-001 9.452147e-001 8.938848e-001 9.450148e-001 9.449965e-001 -1.902229e+000 6.982877e-001 4.144030e+002
9.900000e-001 9.413809e-001 8.866918e-001 9.412079e-001 9.411856e-001 -1.895573e+000 7.307711e-001 3.997300e+002
1.000000e+000 9.361897e-001 8.770037e-001 9.359302e-001 9.359583e-001 -1.887356e+000 7.792844e-001 3.694366e+002
1.010000e+000 9.297847e-001 8.650935e-001 9.296771e-001 9.295349e-001 -1.877121e+000 7.981665e-001 3.486867e+002
1.020000e+000 9.250966e-001 8.565187e-001 9.247912e-001 9.248794e-001 -1.869737e+000 8.858987e-001 3.255998e+002
1.030000e+000 9.199728e-001 8.471515e-001 9.196888e-001 9.197105e-001 -1.861584e+000 9.813830e-001 3.126443e+002
1.040000e+000 9.143868e-001 8.369642e-001 9.140891e-001 9.140678e-001 -1.852970e+000 9.942812e-001 2.955092e+002
1.050000e+000 9.044239e-001 8.189956e-001 9.040814e-001 9.041230e-001 -1.837572e+000 1.103865e+000 2.686064e+002
1.060000e+000 9.003182e-001 8.115802e-001 9.000531e-001 8.999159e-001 -1.831023e+000 1.085803e+000 2.637494e+002
1.070000e+000 8.933086e-001 7.991483e-001 8.928236e-001 8.929282e-001 -1.819866e+000 1.207198e+000 2.487001e+002
1.080000e+000 8.823377e-001 7.798770e-001 8.818066e-001 8.817884e-001 -1.804599e+000 1.259499e+000 2.260529e+002
1.090000e+000 8.740637e-001 7.655329e-001 8.734088e-001 8.735520e-001 -1.792295e+000 1.395163e+000 2.123759e+002
1.100000e+000 8.652142e-001 7.502604e-001 8.644863e-001 8.646022e-001 -1.780585e+000 1.402874e+000 1.966567e+002
1.110000e+000 8.510939e-001 7.265827e-001 8.499926e-001 8.504695e-001 -1.761893e+000 1.631935e+000 1.763305e+002
1.120000e+000 8.375005e-001 7.039156e-001 8.362920e-001 8.369093e-001 -1.742826e+000 1.746564e+000 1.622228e+002
1.130000e+000 8.283322e-001 6.891120e-001 8.272674e-001 8.273304e-001 -1.730262e+000 1.967242e+000 1.541778e+002
1.140000e+000 8.127364e-001 6.639257e-001 8.113891e-001 8.120787e-001 -1.711732e+000 1.985522e+000 1.374617e+002
1.150000e+000 7.971396e-001 6.394102e-001 7.957817e-001 7.961662e-001 -1.690750e+000 2.213436e+000 1.292878e+002
1.160000e+000 7.737489e-001 6.037872e-001 7.715954e-001 7.727958e-001 -1.663140e+000 2.602260e+000 1.102744e+002
1.170000e+000 7.481640e-001 5.660345e-001 7.454755e-001 7.473100e-001 -1.634103e+000 2.784105e+000 9.678514e+001
1.180000e+000 7.171111e-001 5.230324e-001 7.134144e-001 7.164390e-001 -1.602526e+000 3.406340e+000 8.044255e+001
1.190000e+000 6.695637e-001 4.619134e-001 6.648711e-001 6.708512e-001 -1.555462e+000 4.201013e+000 6.265610e+001
1.200000e+000 6.306135e-001 4.176457e-001 6.237613e-001 6.326736e-001 -1.520713e+000 5.500766e+000 5.356621e+001
1.210000e+000 5.287524e-001 3.124011e-001 5.162705e-001 5.358725e-001 -1.431114e+000 8.055848e+000 3.714069e+001
1.220000e+000 4.185026e-001 2.224664e-001 3.979560e-001 4.333079e-001 -1.346245e+000 1.008397e+001 2.657087e+001
1.230000e+000 3.231418e-001 1.502986e-001 2.991351e-001 3.414431e-001 -1.259123e+000 1.113992e+001 2.108059e+001
1.240000e+000 1.803756e-001 6.190505e-002 1.512190e-001 2.034697e-001 -1.139666e+000 7.461023e+000 1.355549e+001
1.250000e+000 1.344162e-001 3.564217e-002 1.037376e-001 1.587467e-001 -1.095272e+000 5.408241e+000 1.115788e+001
1.260000e+000 9.587677e-002 1.964594e-002 6.622951e-002 1.155396e-001 -1.039143e+000 4.665276e+000 9.475362e+000
1.270000e+000 5.832850e-002 6.481201e-003 2.938924e-002 7.463414e-002 -9.769503e-001 2.918843e+000 7.265551e+000
1.280000e+000 5.890351e-002 6.587264e-003 2.928495e-002 7.391898e-002 -9.758752e-001 2.579394e+000 7.315511e+000
1.290000e+000 4.537281e-002 4.071061e-003 1.196435e-002 5.732240e-002 -9.445659e-001 2.140430e+000 6.436386e+000
1.300000e+000 3.864571e-002 2.978749e-003 6.529861e-003 4.767292e-002 -9.268808e-001 1.773200e+000 6.004630e+000
1.310000e+000 3.635724e-002 2.512245e-003 9.798958e-003 4.511875e-002 -9.186810e-001 1.534140e+000 5.802848e+000
1.320000e+000 3.098892e-002 1.726039e-003 7.355787e-003 3.759624e-002 -8.831006e-001 1.757327e+000 5.526987e+000
1.330000e+000 2.806947e-002 1.339052e-003 4.371528e-004 3.118623e-002 -8.691780e-001 1.177720e+000 5.269006e+000
1.340000e+000 2.684084e-002 1.276608e-003 8.266204e-003 2.709363e-002 -8.586198e-001 1.265143e+000 5.368659e+000
1.350000e+000 2.373747e-002 9.788170e-004 1.626157e-004 2.100330e-002 -8.309520e-001 1.612428e+000 5.234081e+000
1.360000e+000 2.016722e-002 7.122410e-004 1.239699e-003 1.466609e-002 -8.018308e-001 1.272271e+000 4.818286e+000
1.370000e+000 2.143845e-002 7.523711e-004 -5.210648e-004 2.438495e-002 -7.891890e-001 1.168543e+000 5.185293e+000
1.380000e+000 1.813598e-002 5.646797e-004 1.137731e-004 1.680747e-002 -7.873998e-001 1.294033e+000 4.636038e+000
1.390000e+000 1.815752e-002 5.456032e-004 7.663194e-004 1.221985e-002 -7.646575e-001 1.036258e+000 5.057537e+000
1.400000e+000 1.837678e-002 5.745140e-004 3.812731e-003 1.565544e-002 -7.756355e-001 1.304002e+000 4.905201e+000
1.410000e+000 1.553961e-002 4.113292e-004 2.968403e-003 1.292535e-002 -7.561979e-001 1.144882e+000 4.377217e+000
1.420000e+000 1.475058e-002 3.766426e-004 4.594907e-005 1.054057e-002 -7.600883e-001 7.870398e-001 4.178860e+000
1.430000e+000 1.494326e-002 3.693187e-004 6.900463e-004 9.003646e-003 -7.258696e-001 9.315172e-001 4.576168e+000
1.440000e+000 1.554728e-002 4.067668e-004 3.170139e-004 1.319988e-002 -7.383389e-001 8.302926e-001 4.692656e+000
1.450000e+000 1.320319e-002 3.041238e-004 8.796296e-004 9.975058e-003 -7.078391e-001 8.234733e-001 4.298972e+000
1.460000e+000 1.360677e-002 3.303639e-004 -1.074306e-003 1.090544e-002 -7.045458e-001 1.187817e+000 4.477135e+000
1.470000e+000 1.327818e-002 2.912189e-004 -5.462384e-003 6.504340e-003 -6.864843e-001 8.200620e-001 4.805772e+000
1.480000e+000 1.202332e-002 2.577346e-004 6.331134e-003 6.042188e-003 -6.883481e-001 8.341044e-001 4.435947e+000
1.490000e+000 1.109828e-002 2.031469e-004 1.099537e-004 4.334954e-003 -6.489292e-001 6.373184e-001 4.474268e+000
1.500000e+000 1.140774e-002 2.187577e-004 6.018519e-006 3.197222e-003 -6.693316e-001 8.139009e-001 4.491768e+000
1.510000e+000 1.206894e-002 2.389672e-004 1.686343e-003 5.100810e-003 -6.664356e-001 8.406456e-001 4.562443e+000
1.520000e+000 1.093348e-002 2.062600e-004 -7.690972e-004 4.925174e-003 -6.600477e-001 9.053113e-001 4.223765e+000
1.530000e+000 8.997608e-003 1.363943e-004 -3.815046e-003 7.852662e-003 -6.375108e-001 6.359287e-001 3.856037e+000
1.540000e+000 1.001875e-002 1.642350e-004 -1.923264e-003 6.900405e-003 -6.361584e-001 6.492184e-001 4.334392e+000
1.550000e+000 9.414869e-003 1.627003e-004 4.525000e-003 3.975752e-003 -6.221075e-001 9.587496e-001 4.212413e+000
1.560000e+000 9.571277e-003 1.547529e-004 -3.745718e-003 7.222222e-005 -6.187440e-001 7.603418e-001 4.403391e+000
1.570000e+000 9.289919e-003 1.430535e-004 -4.549537e-003 2.042419e-003 -6.239685e-001 6.200394e-001 4.013635e+000
1.580000e+000 8.061364e-003 1.086049e-004 1.316898e-003 2.219850e-003 -5.891457e-001 6.445126e-001 3.893870e+000
1.590000e+000 7.530378e-003 9.585912e-005 -6.797454e-004 -2.465162e-003 -6.062051e-001 6.432271e-001 3.374963e+000
1.600000e+000 8.359147e-003 1.142350e-004 -1.271875e-003 -1.338194e-003 -6.005826e-001 5.179963e-001 3.777477e+000
1.610000e+000 8.324449e-003 1.097014e-004 2.336111e-003 2.656597e-003 -5.730731e-001 6.128679e-001 4.173919e+000
1.620000e+000 8.163002e-003 1.274322e-004 -2.411921e-003 1.061111e-003 -5.789745e-001 7.351545e-001 4.111830e+000
1.630000e+000 9.182279e-003 1.387309e-004 -1.246875e-003 1.673900e-003 -5.807451e-001 4.689240e-001 4.594381e+000
1.640000e+000 7.971832e-003 1.056836e-004 -1.196296e-003 1.723206e-003 -5.536831e-001 4.774888e-001 4.448994e+000
1.650000e+000 7.880345e-003 1.126814e-004 1.998380e-003 1.411227e-003 -5.731314e-001 6.871116e-001 3.862260e+000
1.660000e+000 7.409561e-003 8.479305e-005 2.251389e-003 3.223958e-003 -5.587097e-001 4.196618e-001 3.905728e+000
1.670000e+000 8.360755e-003 1.149613e-004 4.273958e-003 3.583275e-003 -5.634337e-001 4.376393e-001 4.391539e+000
1.680000e+000 7.037767e-003 7.801444e-005 8.959259e-003 1.135706e-003 -5.601264e-001 4.101624e-001 3.841222e+000
1.690000e+000 7.828864e-003 1.059370e-004 3.252778e-003 1.134664e-003 -5.532412e-001 4.274107e-001 4.485825e+000
1.700000e+000 7.483652e-003 9.920798e-005 2.504861e-003 6.605903e-004 -5.451186e-001 5.653142e-001 4.228230e+000
1.710000e+000 6.523790e-003 7.183526e-005 4.279398e-003 3.798032e-004 -5.214442e-001 3.832145e-001 3.989665e+000
1.720000e+000 7.422663e-003 8.962000e-005 9.824884e-003 2.075868e-003 -5.257523e-001 3.456049e-001 4.381960e+000
1.730000e+000 7.733208e-003 1.088387e-004 1.122222e-003 1.810590e-003 -5.209910e-001 4.317970e-001 4.753123e+000
1.740000e+000 6.738153e-003 7.371701e-005 1.040972e-003 2.539352e-004 -5.079449e-001 3.695984e-001 4.321560e+000
1.750000e+000 6.698638e-003 7.733572e-005 -7.865741e-004 -7.790509e-004 -5.061799e-001 4.330741e-001 4.177451e+000
1.760000e+000 6.885866e-003 7.518745e-005 -2.333333e-004 1.577488e-003 -5.116579e-001 3.654169e-001 4.351200e+000
1.770000e+000 6.510876e-003 7.500462e-005 -2.748958e-003 -1.843229e-003 -5.083236e-001 3.846377e-001 4.026013e+000
1.780000e+000 5.795728e-003 5.251630e-005 -2.656019e-003 3.267072e-003 -5.039434e-001 4.139631e-001 3.797843e+000
1.790000e+000 6.463726e-003 8.123109e-005 -2.954167e-003 -1.875463e-003 -5.024149e-001 3.365901e-001 4.067977e+000
1.800000e+000 5.938628e-003 5.925910e-005 9.578704e-004 -1.774306e-003 -4.973281e-001 3.601390e-001 3.977021e+000
1.810000e+000 5.410768e-003 4.501731e-005 3.577662e-003 -8.908565e-004 -4.832211e-001 4.050033e-001 3.551525e+000
1.820000e+000 6.093418e-003 5.825721e-005 6.490394e-003 -3.916840e-003 -4.915921e-001 4.331461e-001 3.895387e+000
1.830000e+000 6.709541e-003 7.584823e-005 -1.949653e-003 1.190914e-003 -4.865580e-001 3.883496e-001 4.680822e+000
1.840000e+000 5.473545e-003 4.784103e-005 1.775116e-003 5.427025e-003 -4.687313e-001 4.446954e-001 3.779044e+000
1.850000e+000 5.313665e-003 4.438077e-005 -1.519329e-003 -1.954456e-003 -4.751726e-001 2.701734e-001 3.810375e+000
1.860000e+000 5.693875e-003 5.582910e-005 -1.639699e-003 -1.873264e-004 -4.767574e-001 3.153959e-001 4.269433e+000
1.870000e+000 5.506762e-003 5.225264e-005 -3.727546e-003 6.134259e-006 -4.811788e-001 3.359436e-001 3.812888e+000
1.880000e+000 5.048941e-003 4.634105e-005 1.388657e-003 -3.637384e-003 -4.511624e-001 5.398379e-001 3.678250e+000
1.890000e+000 5.988795e-003 6.238095e-005 -2.235995e-003 8.707002e-003 -4.667675e-001 3.768982e-001 4.331459e+000
1.900000e+000 5.669228e-003 5.571804e-005 1.272222e-003 -6.527778e-004 -4.630773e-001 3.544766e-001 4.187295e+000
1.910000e+000 5.098419e-003 4.678598e-005 -1.282986e-003 -1.640914e-003 -4.456363e-001 2.893237e-001 3.751919e+000
1.920000e+000 5.578143e-003 5.090424e-005 -3.720602e-003 4.154572e-003 -4.619024e-001 3.373470e-001 3.977805e+000
1.930000e+000 5.023685e-003 4.267934e-005 2.133102e-003 2.254225e-003 -4.599010e-001 2.596037e-001 3.707883e+000
1.940000e+000 5.305288e-003 4.534604e-005 -3.317130e-004 1.327257e-003 -4.353959e-001 3.772066e-001 3.924523e+000
1.950000e+000 4.922954e-003 3.860989e-005 5.774074e-003 1.167245e-003 -4.430898e-001 2.385771e-001 3.859720e+000
1.960000e+000 5.787587e-003 5.407768e-005 7.667245e-003 -5.770081e-003 -4.353765e-001 3.593366e-001 4.438767e+000
1.970000e+000 4.427778e-003 3.112703e-005 -1.182870e-003 -3.522627e-003 -4.457727e-001 3.359475e-001 3.526126e+000
1.980000e+000 4.995477e-003 4.003643e-005 -2.782176e-003 -1.161227e-003 -4.369481e-001 3.462539e-001 3.801638e+000
1.990000e+000 5.097293e-003 3.995052e-005 4.295833e-003 1.041667e-004 -4.343999e-001 2.997159e-001 3.963193e+000
2.000000e+000 4.604685e-003 3.283443e-005 6.631713e-003 2.035880e-003 -4.182713e-001 2.325062e-001 3.972437e+000
