# Temperature Magnetization2 Magnetization4 Correlation2 Correlation4 Energy Energy2 HeatCapacity CorrelationLength
0.000000e+000 1.000000e+000 1.000000e+000 1.000000e+000 1.000000e+000 -2.000000e+000 -1.#IND00e+000 5.185436e+016
1.000000e-002 1.000000e+000 1.000000e+000 1.000000e+000 1.000000e+000 -2.000000e+000 0.000000e+000 5.185436e+016
2.000000e-002 1.000000e+000 1.000000e+000 1.000000e+000 1.000000e+000 -2.000000e+000 0.000000e+000 5.185436e+016
3.000000e-002 1.000000e+000 1.000000e+000 1.000000e+000 1.000000e+000 -2.000000e+000 0.000000e+000 5.185436e+016
4.000000e-002 1.000000e+000 1.000000e+000 1.000000e+000 1.000000e+000 -2.000000e+000 0.000000e+000 5.185436e+016
5.000000e-002 1.000000e+000 1.000000e+000 1.000000e+000 1.000000e+000 -2.000000e+000 0.000000e+000 5.185436e+016
6.000000e-002 1.000000e+000 1.000000e+000 1.000000e+000 1.000000e+000 -2.000000e+000 0.000000e+000 5.185436e+016
7.000000e-002 1.000000e+000 1.000000e+000 1.000000e+000 1.000000e+000 -2.000000e+000 0.000000e+000 5.185436e+016
8.000000e-002 1.000000e+000 1.000000e+000 1.000000e+000 1.000000e+000 -2.000000e+000 0.000000e+000 5.185436e+016
9.000000e-002 1.000000e+000 1.000000e+000 1.000000e+000 1.000000e+000 -2.000000e+000 0.000000e+000 5.185436e+016
1.000000e-001 1.000000e+000 1.000000e+000 1.000000e+000 1.000000e+000 -2.000000e+000 0.000000e+000 5.185436e+016
1.100000e-001 1.000000e+000 1.000000e+000 1.000000e+000 1.000000e+000 -2.000000e+000 0.000000e+000 5.185436e+016
1.200000e-001 1.000000e+000 1.000000e+000 1.000000e+000 1.000000e+000 -2.000000e+000 0.000000e+000 5.185436e+016
1.300000e-001 1.000000e+000 1.000000e+000 1.000000e+000 1.000000e+000 -2.000000e+000 0.000000e+000 5.185436e+016
1.400000e-001 1.000000e+000 1.000000e+000 1.000000e+000 1.000000e+000 -2.000000e+000 0.000000e+000 5.185436e+016
1.500000e-001 1.000000e+000 1.000000e+000 1.000000e+000 1.000000e+000 -2.000000e+000 0.000000e+000 5.185436e+016
1.600000e-001 1.000000e+000 1.000000e+000 1.000000e+000 1.000000e+000 -2.000000e+000 0.000000e+000 5.185436e+016
1.700000e-001 1.000000e+000 1.000000e+000 1.000000e+000 1.000000e+000 -2.000000e+000 0.000000e+000 5.185436e+016
1.800000e-001 1.000000e+000 1.000000e+000 1.000000e+000 1.000000e+000 -2.000000e+000 0.000000e+000 5.185436e+016
1.900000e-001 1.000000e+000 1.000000e+000 1.000000e+000 1.000000e+000 -2.000000e+000 0.000000e+000 5.185436e+016
2.000000e-001 1.000000e+000 1.000000e+000 1.000000e+000 1.000000e+000 -2.000000e+000 0.000000e+000 5.185436e+016
2.100000e-001 1.000000e+000 1.000000e+000 1.000000e+000 1.000000e+000 -2.000000e+000 0.000000e+000 5.185436e+016
2.200000e-001 1.000000e+000 1.000000e+000 1.000000e+000 1.000000e+000 -2.000000e+000 0.000000e+000 5.185436e+016
2.300000e-001 1.000000e+000 1.000000e+000 1.000000e+000 1.000000e+000 -2.000000e+000 0.000000e+000 5.185436e+016
2.400000e-001 1.000000e+000 1.000000e+000 1.000000e+000 1.000000e+000 -2.000000e+000 0.000000e+000 5.185436e+016
2.500000e-001 1.000000e+000 1.000000e+000 1.000000e+000 1.000000e+000 -2.000000e+000 0.000000e+000 5.185436e+016
2.600000e-001 1.000000e+000 1.000000e+000 1.000000e+000 1.000000e+000 -2.000000e+000 0.000000e+000 5.185436e+016
2.700000e-001 1.000000e+000 1.000000e+000 1.000000e+000 1.000000e+000 -2.000000e+000 0.000000e+000 5.185436e+016
2.800000e-001 1.000000e+000 1.000000e+000 1.000000e+000 1.000000e+000 -2.000000e+000 0.000000e+000 5.185436e+016
2.900000e-001 1.000000e+000 1.000000e+000 1.000000e+000 1.000000e+000 -2.000000e+000 0.000000e+000 5.185436e+016
3.000000e-001 1.000000e+000 1.000000e+000 1.000000e+000 1.000000e+000 -2.000000e+000 0.000000e+000 5.185436e+016
3.100000e-001 1.000000e+000 1.000000e+000 1.000000e+000 1.000000e+000 -2.000000e+000 0.000000e+000 5.185436e+016
3.200000e-001 1.000000e+000 1.000000e+000 1.000000e+000 1.000000e+000 -2.000000e+000 0.000000e+000 5.185436e+016
3.300000e-001 1.000000e+000 1.000000e+000 1.000000e+000 1.000000e+000 -2.000000e+000 0.000000e+000 5.185436e+016
3.400000e-001 9.999995e-001 9.999991e-001 9.999995e-001 9.999995e-001 -1.999999e+000 4.271433e-005 1.910845e+005
3.500000e-001 9.999958e-001 9.999917e-001 9.999958e-001 9.999958e-001 -1.999992e+000 3.624852e-004 6.369470e+004
3.600000e-001 9.999975e-001 9.999949e-001 9.999975e-001 9.999975e-001 -1.999995e+000 2.094564e-004 8.147860e+004
3.700000e-001 9.999984e-001 9.999968e-001 9.999984e-001 9.999984e-001 -1.999997e+000 1.262082e-004 1.021389e+005
3.800000e-001 9.999843e-001 9.999686e-001 9.999843e-001 9.999843e-001 -1.999969e+000 1.158798e-003 3.277046e+004
3.900000e-001 9.999852e-001 9.999705e-001 9.999852e-001 9.999852e-001 -1.999970e+000 1.035628e-003 3.377904e+004
4.000000e-001 9.999794e-001 9.999590e-001 9.999794e-001 9.999794e-001 -1.999959e+000 1.367345e-003 2.864448e+004
4.100000e-001 9.999841e-001 9.999682e-001 9.999840e-001 9.999840e-001 -1.999968e+000 1.010009e-003 3.253213e+004
4.200000e-001 9.999790e-001 9.999580e-001 9.999789e-001 9.999789e-001 -1.999958e+000 1.267965e-003 2.832795e+004
4.300000e-001 9.999448e-001 9.998898e-001 9.999447e-001 9.999447e-001 -1.999889e+000 3.153442e-003 1.747952e+004
4.400000e-001 9.999496e-001 9.998995e-001 9.999495e-001 9.999495e-001 -1.999899e+000 2.750023e-003 1.830211e+004
4.500000e-001 9.999753e-001 9.999507e-001 9.999752e-001 9.999752e-001 -1.999950e+000 1.297699e-003 2.612421e+004
4.600000e-001 9.999378e-001 9.998760e-001 9.999377e-001 9.999377e-001 -1.999876e+000 3.365721e-003 1.642650e+004
4.700000e-001 9.998914e-001 9.997833e-001 9.998912e-001 9.998912e-001 -1.999783e+000 5.337334e-003 1.247793e+004
4.800000e-001 9.998471e-001 9.996949e-001 9.998468e-001 9.998468e-001 -1.999702e+000 6.987108e-003 1.000091e+004
4.900000e-001 9.998387e-001 9.996782e-001 9.998384e-001 9.998384e-001 -1.999681e+000 7.044887e-003 9.952124e+003
5.000000e-001 9.998272e-001 9.996552e-001 9.998269e-001 9.998269e-001 -1.999654e+000 7.585430e-003 9.907032e+003
5.100000e-001 9.997618e-001 9.995247e-001 9.997613e-001 9.997613e-001 -1.999523e+000 9.871340e-003 8.480821e+003
5.200000e-001 9.997333e-001 9.994680e-001 9.997329e-001 9.997329e-001 -1.999469e+000 1.021902e-002 7.849894e+003
5.300000e-001 9.996008e-001 9.992040e-001 9.996000e-001 9.996000e-001 -1.999209e+000 1.700418e-002 6.181120e+003
5.400000e-001 9.995901e-001 9.991823e-001 9.995894e-001 9.995894e-001 -1.999182e+000 1.481586e-002 6.395465e+003
5.500000e-001 9.994917e-001 9.989860e-001 9.994907e-001 9.994909e-001 -1.998987e+000 1.748603e-002 5.674275e+003
5.600000e-001 9.994383e-001 9.988797e-001 9.994373e-001 9.994373e-001 -1.998887e+000 1.906609e-002 5.383954e+003
5.700000e-001 9.993254e-001 9.986544e-001 9.993241e-001 9.993241e-001 -1.998656e+000 2.208748e-002 4.920033e+003
5.800000e-001 9.991788e-001 9.983625e-001 9.991771e-001 9.991779e-001 -1.998383e+000 2.679238e-002 4.387506e+003
5.900000e-001 9.990157e-001 9.980374e-001 9.990137e-001 9.990140e-001 -1.998057e+000 3.061157e-002 4.013731e+003
6.000000e-001 9.988920e-001 9.977908e-001 9.988896e-001 9.988896e-001 -1.997812e+000 3.457235e-002 3.788702e+003
6.100000e-001 9.985691e-001 9.971474e-001 9.985660e-001 9.985660e-001 -1.997180e+000 4.199011e-002 3.344561e+003
6.200000e-001 9.984645e-001 9.969388e-001 9.984622e-001 9.984611e-001 -1.996983e+000 4.139905e-002 3.173940e+003
6.300000e-001 9.982209e-001 9.964536e-001 9.982169e-001 9.982169e-001 -1.996482e+000 4.795040e-002 3.021965e+003
6.400000e-001 9.979710e-001 9.959559e-001 9.979671e-001 9.979668e-001 -1.995996e+000 5.236926e-002 2.794798e+003
6.500000e-001 9.976124e-001 9.952422e-001 9.976065e-001 9.976069e-001 -1.995328e+000 5.970686e-002 2.522548e+003
6.600000e-001 9.972603e-001 9.945429e-001 9.972561e-001 9.972554e-001 -1.994654e+000 7.102700e-002 2.368672e+003
6.700000e-001 9.969546e-001 9.939345e-001 9.969468e-001 9.969476e-001 -1.994013e+000 7.722542e-002 2.249711e+003
6.800000e-001 9.966729e-001 9.933744e-001 9.966657e-001 9.966658e-001 -1.993477e+000 8.128978e-002 2.153581e+003
6.900000e-001 9.958867e-001 9.918122e-001 9.958843e-001 9.958760e-001 -1.991960e+000 9.776181e-002 1.915260e+003
7.000000e-001 9.956624e-001 9.913673e-001 9.956503e-001 9.956515e-001 -1.991560e+000 1.019263e-001 1.849626e+003
7.100000e-001 9.951340e-001 9.903173e-001 9.951219e-001 9.951202e-001 -1.990497e+000 1.070877e-001 1.762663e+003
7.200000e-001 9.944990e-001 9.890575e-001 9.944885e-001 9.944863e-001 -1.989334e+000 1.169129e-001 1.631300e+003
7.300000e-001 9.942074e-001 9.884787e-001 9.941903e-001 9.941929e-001 -1.988760e+000 1.178111e-001 1.573698e+003
7.400000e-001 9.931059e-001 9.862953e-001 9.930888e-001 9.930945e-001 -1.986646e+000 1.346928e-001 1.457056e+003
7.500000e-001 9.923967e-001 9.848951e-001 9.923785e-001 9.923845e-001 -1.985361e+000 1.542931e-001 1.344242e+003
7.600000e-001 9.913833e-001 9.828861e-001 9.913763e-001 9.913600e-001 -1.983442e+000 1.547890e-001 1.279172e+003
7.700000e-001 9.906661e-001 9.814711e-001 9.906402e-001 9.906487e-001 -1.982158e+000 1.699505e-001 1.215353e+003
7.800000e-001 9.896406e-001 9.794478e-001 9.896102e-001 9.896176e-001 -1.980122e+000 1.938760e-001 1.160771e+003
7.900000e-001 9.886752e-001 9.775439e-001 9.886501e-001 9.886456e-001 -1.978363e+000 2.023937e-001 1.090756e+003
8.000000e-001 9.873033e-001 9.748434e-001 9.872829e-001 9.872733e-001 -1.975811e+000 2.242571e-001 1.038273e+003
8.100000e-001 9.864728e-001 9.732123e-001 9.864258e-001 9.864419e-001 -1.974339e+000 2.427805e-001 9.862193e+002
8.200000e-001 9.844705e-001 9.692701e-001 9.844287e-001 9.844435e-001 -1.970513e+000 2.475932e-001 9.172110e+002
8.300000e-001 9.833991e-001 9.671713e-001 9.833573e-001 9.833598e-001 -1.968491e+000 2.626216e-001 8.823021e+002
8.400000e-001 9.824880e-001 9.653858e-001 9.824465e-001 9.824472e-001 -1.966877e+000 2.754608e-001 8.466538e+002
8.500000e-001 9.801803e-001 9.608695e-001 9.801307e-001 9.801398e-001 -1.962602e+000 2.980472e-001 8.050933e+002
8.600000e-001 9.781872e-001 9.569906e-001 9.781559e-001 9.781259e-001 -1.959227e+000 3.396349e-001 7.612970e+002
8.700000e-001 9.775071e-001 9.556675e-001 9.774519e-001 9.774446e-001 -1.957932e+000 3.493330e-001 7.422281e+002
8.800000e-001 9.741468e-001 9.491281e-001 9.740904e-001 9.740999e-001 -1.951941e+000 3.769781e-001 6.761285e+002
8.900000e-001 9.723819e-001 9.457131e-001 9.723216e-001 9.723086e-001 -1.948689e+000 4.106147e-001 6.501731e+002
9.000000e-001 9.703974e-001 9.418826e-001 9.703543e-001 9.703185e-001 -1.945252e+000 4.439518e-001 6.204834e+002
9.100000e-001 9.679495e-001 9.371486e-001 9.679065e-001 9.678642e-001 -1.940967e+000 4.469979e-001 5.923256e+002
9.200000e-001 9.656256e-001 9.326740e-001 9.655584e-001 9.655537e-001 -1.937088e+000 4.678766e-001 5.603478e+002
9.300000e-001 9.623609e-001 9.263937e-001 9.622564e-001 9.622454e-001 -1.931064e+000 4.826152e-001 5.345652e+002
9.400000e-001 9.595791e-001 9.210832e-001 9.595184e-001 9.594538e-001 -1.926259e+000 5.279904e-001 5.108467e+002
9.500000e-001 9.560591e-001 9.143750e-001 9.560069e-001 9.559338e-001 -1.920332e+000 5.761351e-001 4.853577e+002
9.600000e-001 9.533816e-001 9.093084e-001 9.532421e-001 9.532518e-001 -1.916245e+000 6.017827e-001 4.573237e+002
9.700000e-001 9.495006e-001 9.019465e-001 9.493426e-001 9.493143e-001 -1.908908e+000 6.505274e-001 4.475759e+002
9.800000e-001 9.449494e-001 8.933415e-001 9.447542e-001 9.447827e-001 -1.901734e+000 6.414533e-001 4.143904e+002
9.900000e-001 9.398250e-001 8.837557e-001 9.396341e-001 9.396595e-001 -1.893221e+000 7.209687e-001 3.881454e+002
1.000000e+000 9.374620e-001 8.793824e-001 9.372708e-001 9.372869e-001 -1.889343e+000 7.818209e-001 3.787846e+002
1.010000e+000 9.318112e-001 8.688558e-001 9.315782e-001 9.316129e-001 -1.880328e+000 8.118086e-001 3.559228e+002
1.020000e+000 9.260914e-001 8.583145e-001 9.257918e-001 9.258259e-001 -1.871482e+000 8.316629e-001 3.319484e+002
1.030000e+000 9.205432e-001 8.481293e-001 9.202931e-001 9.202610e-001 -1.861863e+000 8.989911e-001 3.215660e+002
1.040000e+000 9.144561e-001 8.370105e-001 9.141244e-001 9.142054e-001 -1.852353e+000 9.618388e-001 3.013774e+002
1.050000e+000 9.068183e-001 8.232154e-001 9.064000e-001 9.064594e-001 -1.841284e+000 1.015560e+000 2.778266e+002
1.060000e+000 8.996314e-001 8.104201e-001 8.993000e-001 8.991732e-001 -1.830741e+000 1.144052e+000 2.591296e+002
1.070000e+000 8.896621e-001 7.928429e-001 8.891993e-001 8.892036e-001 -1.816539e+000 1.259390e+000 2.330784e+002
1.080000e+000 8.851192e-001 7.847148e-001 8.846241e-001 8.847227e-001 -1.808491e+000 1.200824e+000 2.320702e+002
1.090000e+000 8.773414e-001 7.712041e-001 8.768152e-001 8.768060e-001 -1.798176e+000 1.331735e+000 2.158696e+002
1.100000e+000 8.610728e-001 7.435158e-001 8.603444e-001 8.604475e-001 -1.775467e+000 1.649195e+000 1.885564e+002
1.110000e+000 8.516170e-001 7.273439e-001 8.508797e-001 8.508777e-001 -1.762103e+000 1.591557e+000 1.774635e+002
1.120000e+000 8.422592e-001 7.119237e-001 8.410894e-001 8.416200e-001 -1.749895e+000 1.753313e+000 1.670521e+002
1.130000e+000 8.263363e-001 6.858996e-001 8.250117e-001 8.253898e-001 -1.728851e+000 2.043223e+000 1.517057e+002
1.140000e+000 8.128058e-001 6.641264e-001 8.116201e-001 8.117674e-001 -1.712100e+000 2.121260e+000 1.382870e+002
1.150000e+000 7.941025e-001 6.347552e-001 7.918786e-001 7.931612e-001 -1.689199e+000 2.259231e+000 1.238212e+002
1.160000e+000 7.665883e-001 5.930839e-001 7.641183e-001 7.653477e-001 -1.656046e+000 2.671117e+000 1.066584e+002
1.170000e+000 7.471542e-001 5.651512e-001 7.440715e-001 7.465564e-001 -1.632784e+000 2.984251e+000 9.560721e+001
1.180000e+000 7.074441e-001 5.108483e-001 7.031044e-001 7.067538e-001 -1.593953e+000 3.593781e+000 7.659911e+001
1.190000e+000 6.659067e-001 4.596686e-001 6.600854e-001 6.667117e-001 -1.551701e+000 4.967139e+000 6.249581e+001
1.200000e+000 6.110103e-001 3.974368e-001 6.019142e-001 6.146482e-001 -1.502989e+000 6.400793e+000 4.907328e+001
1.210000e+000 5.586105e-001 3.379983e-001 5.479809e-001 5.631941e-001 -1.456268e+000 5.976107e+000 4.142380e+001
1.220000e+000 4.271129e-001 2.295493e-001 4.107054e-001 4.407357e-001 -1.349131e+000 1.044981e+001 2.775681e+001
1.230000e+000 2.790092e-001 1.236354e-001 2.533208e-001 3.008895e-001 -1.227897e+000 1.111337e+001 1.845269e+001
1.240000e+000 1.680498e-001 5.552941e-002 1.365794e-001 1.923121e-001 -1.124631e+000 8.325534e+000 1.292522e+001
1.250000e+000 1.174308e-001 2.738122e-002 8.254711e-002 1.423511e-001 -1.084109e+000 4.088373e+000 1.026766e+001
1.260000e+000 9.538578e-002 1.801601e-002 6.000394e-002 1.175760e-001 -1.042574e+000 3.773110e+000 9.245948e+000
1.270000e+000 6.045931e-002 7.090178e-003 2.956713e-002 7.652564e-002 -9.853929e-001 2.641516e+000 7.342185e+000
1.280000e+000 6.008976e-002 7.272469e-003 3.063090e-002 7.538519e-002 -9.861897e-001 2.790074e+000 7.333377e+000
1.290000e+000 5.224412e-002 5.405480e-003 2.539931e-002 6.402396e-002 -9.648544e-001 2.267150e+000 7.010267e+000
1.300000e+000 4.035733e-002 3.002868e-003 8.771296e-003 4.948941e-002 -9.253396e-001 1.915312e+000 6.152281e+000
1.310000e+000 3.618023e-002 2.432323e-003 6.367940e-003 4.137159e-002 -9.073829e-001 1.989707e+000 5.941457e+000
1.320000e+000 3.145271e-002 1.870496e-003 7.040278e-003 3.652361e-002 -8.915045e-001 1.757968e+000 5.490967e+000
1.330000e+000 3.070508e-002 1.725218e-003 3.787384e-003 3.483304e-002 -8.780465e-001 1.693999e+000 5.571550e+000
1.340000e+000 2.614692e-002 1.148676e-003 4.680903e-003 2.803067e-002 -8.407370e-001 1.450607e+000 5.422442e+000
1.350000e+000 2.171010e-002 8.274883e-004 2.890394e-003 1.896233e-002 -8.141082e-001 1.166437e+000 5.027701e+000
1.360000e+000 2.131386e-002 8.337676e-004 8.539352e-004 2.241753e-002 -8.053532e-001 1.761851e+000 4.869915e+000
1.370000e+000 2.218816e-002 8.049718e-004 2.708449e-003 2.279878e-002 -8.102865e-001 1.524021e+000 5.118845e+000
1.380000e+000 2.014396e-002 7.549823e-004 1.520833e-003 1.698443e-002 -7.985402e-001 1.431833e+000 4.934660e+000
1.390000e+000 1.871322e-002 5.929211e-004 -1.009028e-003 1.398744e-002 -7.863378e-001 1.263251e+000 4.812702e+000
1.400000e+000 1.743377e-002 5.296838e-004 -4.471296e-003 1.492674e-002 -7.646980e-001 1.018211e+000 4.676956e+000
1.410000e+000 1.515650e-002 3.629913e-004 -2.230093e-003 8.857350e-003 -7.462325e-001 9.899214e-001 4.592386e+000
1.420000e+000 1.379819e-002 3.130419e-004 7.009259e-004 8.132755e-003 -7.428135e-001 9.059645e-001 4.127045e+000
1.430000e+000 1.513405e-002 3.950497e-004 2.253356e-003 1.075862e-002 -7.326654e-001 1.185124e+000 4.651355e+000
1.440000e+000 1.375132e-002 3.270817e-004 -1.336690e-003 1.211042e-002 -7.148389e-001 7.898769e-001 4.264515e+000
1.450000e+000 1.419260e-002 3.568307e-004 1.022106e-003 9.414699e-003 -7.026737e-001 9.120830e-001 4.709907e+000
1.460000e+000 1.250700e-002 2.769124e-004 -1.089468e-003 8.470428e-003 -6.949699e-001 1.055427e+000 4.235627e+000
1.470000e+000 1.208452e-002 2.412478e-004 1.369213e-004 6.028530e-003 -6.804331e-001 9.861009e-001 4.455861e+000
1.480000e+000 1.305251e-002 2.882050e-004 1.244676e-003 8.444213e-003 -6.889037e-001 9.304400e-001 4.719353e+000
1.490000e+000 1.298792e-002 2.929510e-004 2.064815e-004 4.257002e-003 -7.035615e-001 9.100150e-001 4.605579e+000
1.500000e+000 1.101872e-002 2.022670e-004 1.418056e-003 7.280093e-003 -6.706141e-001 6.406555e-001 4.203784e+000
1.510000e+000 1.165661e-002 2.357206e-004 -5.047454e-004 4.768924e-003 -6.510075e-001 6.945971e-001 4.705623e+000
1.520000e+000 1.067696e-002 1.952971e-004 -1.387963e-003 2.110706e-003 -6.610317e-001 9.519669e-001 4.309401e+000
1.530000e+000 1.010062e-002 1.631997e-004 1.142014e-003 4.381771e-003 -6.460145e-001 9.097256e-001 4.229470e+000
1.540000e+000 1.055067e-002 1.835458e-004 -1.967130e-003 3.726562e-003 -6.441052e-001 7.346465e-001 4.483801e+000
1.550000e+000 1.010437e-002 1.662008e-004 8.120370e-004 -2.465856e-004 -6.234057e-001 4.796865e-001 4.646900e+000
1.560000e+000 1.022704e-002 1.830802e-004 -3.839468e-003 4.960127e-003 -6.420860e-001 5.787652e-001 4.373648e+000
1.570000e+000 9.177231e-003 1.429997e-004 1.741782e-003 -2.166493e-003 -6.083454e-001 6.081385e-001 4.468790e+000
1.580000e+000 8.884973e-003 1.223715e-004 4.317130e-003 3.893576e-003 -6.067919e-001 5.380129e-001 4.151863e+000
1.590000e+000 8.103598e-003 1.173494e-004 -2.081713e-003 5.247338e-003 -5.758115e-001 6.096021e-001 4.019822e+000
1.600000e+000 9.908740e-003 1.578485e-004 2.712847e-003 2.142766e-003 -5.894300e-001 6.600042e-001 4.645198e+000
1.610000e+000 8.950561e-003 1.291946e-004 -2.296296e-004 2.122801e-003 -6.038417e-001 5.140546e-001 4.199884e+000
1.620000e+000 8.110128e-003 1.113226e-004 -3.069444e-004 -2.035590e-003 -5.943946e-001 6.976159e-001 3.972727e+000
1.630000e+000 8.718795e-003 1.260241e-004 3.411574e-003 2.953414e-003 -5.694968e-001 9.030835e-001 4.408811e+000
1.640000e+000 7.235356e-003 9.044438e-005 1.255324e-003 2.790972e-003 -5.772580e-001 5.301073e-001 3.901580e+000
1.650000e+000 8.421351e-003 1.199373e-004 6.263889e-003 4.868866e-003 -5.582875e-001 7.735859e-001 4.564292e+000
1.660000e+000 6.626403e-003 6.873701e-005 -5.504630e-004 -2.156829e-004 -5.513204e-001 5.767041e-001 3.561045e+000
1.670000e+000 7.873609e-003 1.032025e-004 2.436458e-003 4.259549e-003 -5.683487e-001 4.742802e-001 4.100418e+000
1.680000e+000 6.939835e-003 7.555344e-005 2.884722e-003 9.685764e-004 -5.569654e-001 4.608204e-001 3.744968e+000
1.690000e+000 6.566716e-003 7.323566e-005 2.250579e-003 1.578125e-004 -5.451434e-001 4.412149e-001 3.746918e+000
1.700000e+000 7.511300e-003 8.970582e-005 3.416667e-003 7.592014e-004 -5.290206e-001 3.546476e-001 4.120023e+000
1.710000e+000 6.497993e-003 6.637499e-005 7.739583e-004 1.635706e-003 -5.396791e-001 4.507775e-001 3.666889e+000
1.720000e+000 7.382630e-003 8.839934e-005 -3.222569e-003 -2.075347e-003 -5.588330e-001 4.996421e-001 4.269718e+000
1.730000e+000 6.551886e-003 7.182816e-005 -6.339120e-004 4.353993e-003 -5.157340e-001 4.583661e-001 4.105828e+000
1.740000e+000 6.776754e-003 6.772283e-005 4.703009e-003 4.149826e-003 -5.318980e-001 3.845259e-001 4.159392e+000
1.750000e+000 6.786228e-003 7.311182e-005 4.709606e-003 5.564757e-003 -5.188297e-001 6.124584e-001 3.811277e+000
1.760000e+000 5.764210e-003 5.783985e-005 8.216435e-004 -1.778704e-003 -5.208240e-001 3.056502e-001 3.710359e+000
1.770000e+000 6.605247e-003 6.949402e-005 2.828588e-003 4.249016e-003 -5.091578e-001 3.548540e-001 4.336327e+000
1.780000e+000 5.966514e-003 5.820598e-005 9.450231e-004 5.109954e-005 -5.071683e-001 5.215056e-001 3.879203e+000
1.790000e+000 6.394073e-003 7.426784e-005 -1.541551e-003 4.830498e-003 -5.137617e-001 4.775206e-001 3.929581e+000
1.800000e+000 6.852148e-003 8.183420e-005 3.420139e-004 -4.186111e-003 -5.050495e-001 5.063338e-001 4.245760e+000
1.810000e+000 5.739591e-003 5.888955e-005 4.329398e-003 -6.982060e-004 -5.012612e-001 3.196465e-001 3.842137e+000
1.820000e+000 5.746098e-003 4.950620e-005 6.444213e-003 1.410417e-003 -4.833688e-001 2.720373e-001 3.999578e+000
1.830000e+000 5.281642e-003 4.423256e-005 -6.474769e-003 -4.091956e-003 -4.700042e-001 4.387749e-001 3.653567e+000
1.840000e+000 6.245237e-003 6.287471e-005 1.703935e-003 -9.257523e-004 -4.882630e-001 3.110257e-001 4.309713e+000
1.850000e+000 6.425438e-003 6.855977e-005 -1.892477e-003 6.438368e-003 -4.808964e-001 6.330028e-001 4.209296e+000
1.860000e+000 6.079604e-003 6.584952e-005 -3.507755e-003 1.260706e-003 -4.757287e-001 2.697927e-001 4.127836e+000
1.870000e+000 6.303013e-003 6.410657e-005 -4.473958e-003 9.893519e-004 -4.856537e-001 4.909853e-001 4.487631e+000
1.880000e+000 5.708720e-003 5.031023e-005 -1.817245e-003 8.115741e-004 -4.601522e-001 3.141755e-001 4.448533e+000
1.890000e+000 5.619184e-003 4.856707e-005 6.765856e-003 -2.838484e-003 -4.613097e-001 3.143818e-001 4.250925e+000
1.900000e+000 5.553350e-003 5.223713e-005 -1.392361e-004 1.924769e-004 -4.303981e-001 2.823832e-001 4.138492e+000
1.910000e+000 5.244745e-003 4.826183e-005 -5.245370e-004 -2.796875e-004 -4.404227e-001 3.127113e-001 4.076793e+000
1.920000e+000 5.392638e-003 4.854680e-005 -2.896759e-003 2.194329e-003 -4.659789e-001 3.122901e-001 3.691797e+000
1.930000e+000 5.095464e-003 4.019818e-005 2.045255e-003 -1.699248e-003 -4.462750e-001 2.371655e-001 3.744381e+000
1.940000e+000 4.671492e-003 3.630990e-005 2.508796e-003 3.190104e-003 -4.530022e-001 2.780454e-001 3.561934e+000
1.950000e+000 5.810522e-003 6.045725e-005 1.823148e-003 2.043113e-003 -4.511662e-001 3.264224e-001 4.097431e+000
1.960000e+000 5.679094e-003 5.238323e-005 -9.420139e-004 2.471007e-003 -4.468453e-001 2.777643e-001 4.196043e+000
1.970000e+000 4.870456e-003 3.791753e-005 -4.380556e-003 -1.289525e-003 -4.319674e-001 2.669132e-001 4.072621e+000
1.980000e+000 4.821434e-003 3.814027e-005 -3.177894e-003 2.429572e-003 -4.163786e-001 2.216778e-001 4.013052e+000
1.990000e+000 5.089169e-003 4.724222e-005 1.769676e-004 -3.333333e-004 -4.185213e-001 2.899014e-001 4.076820e+000
2.000000e+000 4.391325e-003 2.948453e-005 3.294329e-003 -2.309491e-003 -4.132858e-001 2.614784e-001 3.641453e+000
