# Temperature Magnetization2 Magnetization4 Correlation2 Correlation4 Energy Energy2 HeatCapacity CorrelationLength
0.000000e+000 1.000000e+000 1.000000e+000 1.000000e+000 1.000000e+000 -2.000000e+000 -1.#IND00e+000 5.185436e+016
1.000000e-002 1.000000e+000 1.000000e+000 1.000000e+000 1.000000e+000 -2.000000e+000 0.000000e+000 5.185436e+016
2.000000e-002 1.000000e+000 1.000000e+000 1.000000e+000 1.000000e+000 -2.000000e+000 0.000000e+000 5.185436e+016
3.000000e-002 1.000000e+000 1.000000e+000 1.000000e+000 1.000000e+000 -2.000000e+000 0.000000e+000 5.185436e+016
4.000000e-002 1.000000e+000 1.000000e+000 1.000000e+000 1.000000e+000 -2.000000e+000 0.000000e+000 5.185436e+016
5.000000e-002 1.000000e+000 1.000000e+000 1.000000e+000 1.000000e+000 -2.000000e+000 0.000000e+000 5.185436e+016
6.000000e-002 1.000000e+000 1.000000e+000 1.000000e+000 1.000000e+000 -2.000000e+000 0.000000e+000 5.185436e+016
7.000000e-002 1.000000e+000 1.000000e+000 1.000000e+000 1.000000e+000 -2.000000e+000 0.000000e+000 5.185436e+016
8.000000e-002 1.000000e+000 1.000000e+000 1.000000e+000 1.000000e+000 -2.000000e+000 0.000000e+000 5.185436e+016
9.000000e-002 1.000000e+000 1.000000e+000 1.000000e+000 1.000000e+000 -2.000000e+000 0.000000e+000 5.185436e+016
1.000000e-001 1.000000e+000 1.000000e+000 1.000000e+000 1.000000e+000 -2.000000e+000 0.000000e+000 5.185436e+016
1.100000e-001 1.000000e+000 1.000000e+000 1.000000e+000 1.000000e+000 -2.000000e+000 0.000000e+000 5.185436e+016
1.200000e-001 1.000000e+000 1.000000e+000 1.000000e+000 1.000000e+000 -2.000000e+000 0.000000e+000 5.185436e+016
1.300000e-001 1.000000e+000 1.000000e+000 1.000000e+000 1.000000e+000 -2.000000e+000 0.000000e+000 5.185436e+016
1.400000e-001 1.000000e+000 1.000000e+000 1.000000e+000 1.000000e+000 -2.000000e+000 0.000000e+000 5.185436e+016
1.500000e-001 1.000000e+000 1.000000e+000 1.000000e+000 1.000000e+000 -2.000000e+000 0.000000e+000 5.185436e+016
1.600000e-001 1.000000e+000 1.000000e+000 1.000000e+000 1.000000e+000 -2.000000e+000 0.000000e+000 5.185436e+016
1.700000e-001 1.000000e+000 1.000000e+000 1.000000e+000 1.000000e+000 -2.000000e+000 0.000000e+000 5.185436e+016
1.800000e-001 1.000000e+000 1.000000e+000 1.000000e+000 1.000000e+000 -2.000000e+000 0.000000e+000 5.185436e+016
1.900000e-001 1.000000e+000 1.000000e+000 1.000000e+000 1.000000e+000 -2.000000e+000 0.000000e+000 5.185436e+016
2.000000e-001 1.000000e+000 1.000000e+000 1.000000e+000 1.000000e+000 -2.000000e+000 0.000000e+000 5.185436e+016
2.100000e-001 1.000000e+000 1.000000e+000 1.000000e+000 1.000000e+000 -2.000000e+000 0.000000e+000 5.185436e+016
2.200000e-001 1.000000e+000 1.000000e+000 1.000000e+000 1.000000e+000 -2.000000e+000 0.000000e+000 5.185436e+016
2.300000e-001 1.000000e+000 1.000000e+000 1.000000e+000 1.000000e+000 -2.000000e+000 0.000000e+000 5.185436e+016
2.400000e-001 1.000000e+000 1.000000e+000 1.000000e+000 1.000000e+000 -2.000000e+000 0.000000e+000 5.185436e+016
2.500000e-001 1.000000e+000 1.000000e+000 1.000000e+000 1.000000e+000 -2.000000e+000 0.000000e+000 5.185436e+016
2.600000e-001 9.999972e-001 9.999945e-001 9.999972e-001 9.999972e-001 -1.999994e+000 4.380452e-004 7.800981e+004
2.700000e-001 1.000000e+000 1.000000e+000 1.000000e+000 1.000000e+000 -2.000000e+000 0.000000e+000 5.185436e+016
2.800000e-001 1.000000e+000 1.000000e+000 1.000000e+000 1.000000e+000 -2.000000e+000 0.000000e+000 5.185436e+016
2.900000e-001 1.000000e+000 1.000000e+000 1.000000e+000 1.000000e+000 -2.000000e+000 0.000000e+000 5.185436e+016
3.000000e-001 1.000000e+000 1.000000e+000 1.000000e+000 1.000000e+000 -2.000000e+000 0.000000e+000 5.185436e+016
3.100000e-001 1.000000e+000 1.000000e+000 1.000000e+000 1.000000e+000 -2.000000e+000 0.000000e+000 5.185436e+016
3.200000e-001 9.999995e-001 9.999991e-001 9.999995e-001 9.999995e-001 -1.999999e+000 4.822049e-005 1.910845e+005
3.300000e-001 1.000000e+000 1.000000e+000 1.000000e+000 1.000000e+000 -2.000000e+000 0.000000e+000 5.185436e+016
3.400000e-001 9.999954e-001 9.999908e-001 9.999954e-001 9.999954e-001 -1.999991e+000 4.267589e-004 6.042608e+004
3.500000e-001 1.000000e+000 1.000000e+000 1.000000e+000 1.000000e+000 -2.000000e+000 0.000000e+000 5.185436e+016
3.600000e-001 9.999917e-001 9.999834e-001 9.999917e-001 9.999917e-001 -1.999983e+000 6.846364e-004 4.503886e+004
3.700000e-001 9.999891e-001 9.999783e-001 9.999891e-001 9.999891e-001 -1.999978e+000 8.457024e-004 3.941751e+004
3.800000e-001 9.999958e-001 9.999917e-001 9.999958e-001 9.999958e-001 -1.999992e+000 3.075100e-004 6.369470e+004
3.900000e-001 9.999917e-001 9.999834e-001 9.999917e-001 9.999917e-001 -1.999983e+000 5.833589e-004 4.503886e+004
4.000000e-001 9.999845e-001 9.999691e-001 9.999845e-001 9.999845e-001 -1.999969e+000 1.030487e-003 3.301412e+004
4.100000e-001 9.999792e-001 9.999585e-001 9.999792e-001 9.999792e-001 -1.999958e+000 1.316016e-003 2.848490e+004
4.200000e-001 9.999630e-001 9.999262e-001 9.999630e-001 9.999630e-001 -1.999926e+000 2.221662e-003 2.136350e+004
4.300000e-001 9.999732e-001 9.999465e-001 9.999731e-001 9.999731e-001 -1.999946e+000 1.540068e-003 2.509029e+004
4.400000e-001 9.999626e-001 9.999253e-001 9.999625e-001 9.999625e-001 -1.999925e+000 2.049380e-003 2.123121e+004
4.500000e-001 9.999420e-001 9.998843e-001 9.999419e-001 9.999419e-001 -1.999884e+000 3.022100e-003 1.705654e+004
4.600000e-001 9.999323e-001 9.998649e-001 9.999322e-001 9.999322e-001 -1.999864e+000 3.392233e-003 1.580515e+004
4.700000e-001 9.999157e-001 9.998318e-001 9.999155e-001 9.999155e-001 -1.999834e+000 4.485444e-003 1.369026e+004
4.800000e-001 9.998768e-001 9.997543e-001 9.998766e-001 9.998766e-001 -1.999753e+000 5.709829e-003 1.168724e+004
4.900000e-001 9.998713e-001 9.997433e-001 9.998711e-001 9.998711e-001 -1.999746e+000 5.966726e-003 1.092965e+004
5.000000e-001 9.998413e-001 9.996833e-001 9.998410e-001 9.998410e-001 -1.999682e+000 6.710139e-003 1.021939e+004
5.100000e-001 9.998175e-001 9.996358e-001 9.998171e-001 9.998171e-001 -1.999636e+000 7.303215e-003 9.537702e+003
5.200000e-001 9.997474e-001 9.994961e-001 9.997470e-001 9.997470e-001 -1.999495e+000 1.006726e-002 8.148408e+003
5.300000e-001 9.996874e-001 9.993764e-001 9.996868e-001 9.996868e-001 -1.999375e+000 1.230122e-002 7.335703e+003
5.400000e-001 9.996047e-001 9.992117e-001 9.996039e-001 9.996039e-001 -1.999229e+000 1.486948e-002 6.198332e+003
5.500000e-001 9.994633e-001 9.989294e-001 9.994623e-001 9.994623e-001 -1.998931e+000 1.878523e-002 5.527940e+003
5.600000e-001 9.994504e-001 9.989040e-001 9.994502e-001 9.994493e-001 -1.998907e+000 2.045567e-002 5.439279e+003
5.700000e-001 9.992658e-001 9.985355e-001 9.992644e-001 9.992647e-001 -1.998543e+000 2.333344e-002 4.734207e+003
5.800000e-001 9.990997e-001 9.982045e-001 9.990979e-001 9.990980e-001 -1.998222e+000 2.754819e-002 4.163812e+003
5.900000e-001 9.989826e-001 9.979712e-001 9.989806e-001 9.989806e-001 -1.997990e+000 3.086557e-002 3.983550e+003
6.000000e-001 9.988199e-001 9.976469e-001 9.988174e-001 9.988178e-001 -1.997678e+000 3.500634e-002 3.611284e+003
6.100000e-001 9.985993e-001 9.972075e-001 9.985976e-001 9.985970e-001 -1.997232e+000 4.073745e-002 3.381255e+003
6.200000e-001 9.983142e-001 9.966395e-001 9.983105e-001 9.983109e-001 -1.996678e+000 4.651042e-002 3.032056e+003
6.300000e-001 9.983348e-001 9.966806e-001 9.983318e-001 9.983325e-001 -1.996701e+000 4.643631e-002 3.098002e+003
6.400000e-001 9.979698e-001 9.959543e-001 9.979674e-001 9.979677e-001 -1.996024e+000 5.567283e-002 2.767048e+003
6.500000e-001 9.975620e-001 9.951423e-001 9.975572e-001 9.975582e-001 -1.995215e+000 6.178297e-002 2.506002e+003
6.600000e-001 9.973077e-001 9.946364e-001 9.973015e-001 9.973038e-001 -1.994712e+000 6.860185e-002 2.420205e+003
6.700000e-001 9.968212e-001 9.936685e-001 9.968132e-001 9.968138e-001 -1.993767e+000 7.587084e-002 2.216894e+003
6.800000e-001 9.965687e-001 9.931667e-001 9.965627e-001 9.965620e-001 -1.993263e+000 8.083945e-002 2.139151e+003
6.900000e-001 9.960029e-001 9.920426e-001 9.960001e-001 9.959935e-001 -1.992125e+000 9.458010e-002 1.997410e+003
7.000000e-001 9.954124e-001 9.908705e-001 9.954015e-001 9.954029e-001 -1.991042e+000 1.067904e-001 1.795030e+003
7.100000e-001 9.947863e-001 9.896267e-001 9.947747e-001 9.947760e-001 -1.989886e+000 1.091779e-001 1.673382e+003
7.200000e-001 9.942251e-001 9.885125e-001 9.942124e-001 9.942209e-001 -1.988763e+000 1.173510e-001 1.608580e+003
7.300000e-001 9.939279e-001 9.879253e-001 9.939205e-001 9.939160e-001 -1.988245e+000 1.246981e-001 1.558644e+003
7.400000e-001 9.933057e-001 9.866915e-001 9.932904e-001 9.932882e-001 -1.987063e+000 1.306679e-001 1.457119e+003
7.500000e-001 9.920638e-001 9.842364e-001 9.920581e-001 9.920413e-001 -1.984767e+000 1.624626e-001 1.328368e+003
7.600000e-001 9.916148e-001 9.833446e-001 9.915973e-001 9.916061e-001 -1.983889e+000 1.523027e-001 1.291956e+003
7.700000e-001 9.909807e-001 9.820910e-001 9.909594e-001 9.909663e-001 -1.982572e+000 1.653786e-001 1.251722e+003
7.800000e-001 9.897765e-001 9.797145e-001 9.897494e-001 9.897640e-001 -1.980411e+000 1.820739e-001 1.156837e+003
7.900000e-001 9.880774e-001 9.763646e-001 9.880608e-001 9.880504e-001 -1.977228e+000 2.115012e-001 1.055979e+003
8.000000e-001 9.873735e-001 9.749819e-001 9.873541e-001 9.873352e-001 -1.975974e+000 2.204869e-001 1.028930e+003
8.100000e-001 9.865584e-001 9.733685e-001 9.865123e-001 9.865236e-001 -1.974367e+000 2.080629e-001 1.005695e+003
8.200000e-001 9.849496e-001 9.702162e-001 9.849222e-001 9.849201e-001 -1.971423e+000 2.526295e-001 9.492273e+002
8.300000e-001 9.833236e-001 9.670232e-001 9.832902e-001 9.832790e-001 -1.968415e+000 2.624495e-001 8.710454e+002
8.400000e-001 9.822436e-001 9.649052e-001 9.822051e-001 9.822021e-001 -1.966374e+000 2.728468e-001 8.514265e+002
8.500000e-001 9.804145e-001 9.613380e-001 9.803584e-001 9.803565e-001 -1.963189e+000 3.232598e-001 8.005554e+002
8.600000e-001 9.787765e-001 9.581382e-001 9.787223e-001 9.787295e-001 -1.960185e+000 3.321355e-001 7.651112e+002
8.700000e-001 9.768869e-001 9.544529e-001 9.768382e-001 9.768454e-001 -1.956792e+000 3.393098e-001 7.252249e+002
8.800000e-001 9.747722e-001 9.503422e-001 9.747059e-001 9.747225e-001 -1.953082e+000 3.623710e-001 6.935464e+002
8.900000e-001 9.732393e-001 9.473749e-001 9.731839e-001 9.731758e-001 -1.950275e+000 3.953737e-001 6.591708e+002
9.000000e-001 9.709611e-001 9.429656e-001 9.708513e-001 9.709059e-001 -1.946240e+000 4.232907e-001 6.274931e+002
9.100000e-001 9.681387e-001 9.375040e-001 9.680560e-001 9.680929e-001 -1.941090e+000 4.347943e-001 6.087626e+002
9.200000e-001 9.643214e-001 9.301622e-001 9.642381e-001 9.642007e-001 -1.934845e+000 4.774519e-001 5.512958e+002
9.300000e-001 9.616488e-001 9.250661e-001 9.615877e-001 9.615418e-001 -1.930110e+000 5.519492e-001 5.199158e+002
9.400000e-001 9.593430e-001 9.206381e-001 9.592285e-001 9.592355e-001 -1.926079e+000 5.457832e-001 5.055440e+002
9.500000e-001 9.559786e-001 9.142221e-001 9.558563e-001 9.558368e-001 -1.920091e+000 5.736195e-001 4.839667e+002
9.600000e-001 9.525025e-001 9.076384e-001 9.523719e-001 9.523200e-001 -1.914635e+000 6.247939e-001 4.534721e+002
9.700000e-001 9.479758e-001 8.990726e-001 9.478432e-001 9.477932e-001 -1.907243e+000 6.505876e-001 4.265292e+002
9.800000e-001 9.447151e-001 8.929492e-001 9.445569e-001 9.445783e-001 -1.901285e+000 7.285116e-001 4.101815e+002
9.900000e-001 9.402146e-001 8.845215e-001 9.400345e-001 9.400090e-001 -1.894438e+000 7.263944e-001 3.781385e+002
1.000000e+000 9.357279e-001 8.761438e-001 9.355486e-001 9.354933e-001 -1.887196e+000 7.648133e-001 3.619041e+002
1.010000e+000 9.305630e-001 8.665704e-001 9.304019e-001 9.303322e-001 -1.878706e+000 8.399329e-001 3.456817e+002
1.020000e+000 9.256584e-001 8.575136e-001 9.253278e-001 9.254453e-001 -1.870449e+000 8.828834e-001 3.320236e+002
1.030000e+000 9.194200e-001 8.461786e-001 9.191332e-001 9.191613e-001 -1.860704e+000 1.019487e+000 3.105450e+002
1.040000e+000 9.144620e-001 8.370834e-001 9.141279e-001 9.141089e-001 -1.853041e+000 9.906149e-001 2.924853e+002
1.050000e+000 9.043207e-001 8.187773e-001 9.039240e-001 9.039744e-001 -1.837579e+000 1.065079e+000 2.694808e+002
1.060000e+000 8.993972e-001 8.099280e-001 8.989597e-001 8.989571e-001 -1.829841e+000 1.099126e+000 2.583188e+002
1.070000e+000 8.941070e-001 8.006221e-001 8.937687e-001 8.936264e-001 -1.821916e+000 1.210015e+000 2.468961e+002
1.080000e+000 8.817820e-001 7.789535e-001 8.811588e-001 8.813543e-001 -1.804304e+000 1.310015e+000 2.213407e+002
1.090000e+000 8.740645e-001 7.656374e-001 8.735457e-001 8.735852e-001 -1.792438e+000 1.428657e+000 2.126265e+002
1.100000e+000 8.641931e-001 7.486590e-001 8.633575e-001 8.637374e-001 -1.779991e+000 1.460170e+000 1.905753e+002
1.110000e+000 8.525320e-001 7.289886e-001 8.517725e-001 8.517578e-001 -1.762978e+000 1.670285e+000 1.777651e+002
1.120000e+000 8.409154e-001 7.094857e-001 8.398900e-001 8.401071e-001 -1.747730e+000 1.711382e+000 1.671297e+002
1.130000e+000 8.280183e-001 6.885232e-001 8.269505e-001 8.272688e-001 -1.730610e+000 1.895768e+000 1.520942e+002
1.140000e+000 8.075451e-001 6.561540e-001 8.059980e-001 8.065564e-001 -1.705448e+000 2.363308e+000 1.316270e+002
1.150000e+000 7.935540e-001 6.338477e-001 7.916943e-001 7.925969e-001 -1.686862e+000 2.298929e+000 1.249145e+002
1.160000e+000 7.679332e-001 5.952184e-001 7.654678e-001 7.670425e-001 -1.657620e+000 2.632733e+000 1.042058e+002
1.170000e+000 7.445710e-001 5.615832e-001 7.417709e-001 7.439682e-001 -1.631672e+000 3.135430e+000 9.267236e+001
1.180000e+000 7.227403e-001 5.302874e-001 7.199045e-001 7.222391e-001 -1.606009e+000 3.324954e+000 8.475206e+001
1.190000e+000 6.749814e-001 4.698078e-001 6.695029e-001 6.759008e-001 -1.562378e+000 4.345614e+000 6.372646e+001
1.200000e+000 6.121002e-001 3.978454e-001 6.035328e-001 6.154729e-001 -1.504282e+000 6.182241e+000 5.015629e+001
1.210000e+000 5.359603e-001 3.226312e-001 5.236965e-001 5.438846e-001 -1.441674e+000 8.612124e+000 3.721060e+001
1.220000e+000 4.266841e-001 2.258305e-001 4.080653e-001 4.411083e-001 -1.350212e+000 9.989208e+000 2.686958e+001
1.230000e+000 3.103342e-001 1.461765e-001 2.856534e-001 3.300954e-001 -1.254039e+000 1.142446e+001 2.014972e+001
1.240000e+000 1.884795e-001 6.408898e-002 1.585441e-001 2.132334e-001 -1.152357e+000 7.710527e+000 1.365408e+001
1.250000e+000 1.225812e-001 3.371270e-002 9.204213e-002 1.441432e-001 -1.066314e+000 6.759325e+000 1.080595e+001
1.260000e+000 8.365069e-002 1.528012e-002 5.085185e-002 1.029033e-001 -1.015852e+000 4.212917e+000 8.844327e+000
1.270000e+000 7.303978e-002 1.179989e-002 4.081296e-002 9.127587e-002 -1.003867e+000 3.443417e+000 8.119277e+000
1.280000e+000 4.901574e-002 4.308187e-003 1.842477e-002 6.359178e-002 -9.563566e-001 2.063051e+000 6.596982e+000
1.290000e+000 4.474985e-002 3.847921e-003 1.579745e-002 5.469068e-002 -9.386353e-001 2.048555e+000 6.496408e+000
1.300000e+000 3.852554e-002 2.846963e-003 1.036088e-002 4.696481e-002 -9.231918e-001 1.874563e+000 5.996061e+000
1.310000e+000 4.012529e-002 3.177372e-003 1.186944e-002 4.626134e-002 -9.339587e-001 1.895978e+000 6.157645e+000
1.320000e+000 3.242111e-002 1.906186e-003 5.103009e-003 3.927535e-002 -9.036468e-001 1.817517e+000 5.446328e+000
1.330000e+000 2.919795e-002 1.556007e-003 5.780556e-003 3.265897e-002 -8.603918e-001 1.426306e+000 5.510853e+000
1.340000e+000 2.737962e-002 1.399849e-003 5.233796e-003 3.090127e-002 -8.493860e-001 1.555816e+000 5.588932e+000
1.350000e+000 2.766787e-002 1.340539e-003 7.410185e-003 3.075723e-002 -8.588669e-001 1.553853e+000 5.283895e+000
1.360000e+000 2.028181e-002 7.112382e-004 2.370718e-003 1.905035e-002 -7.902378e-001 1.247352e+000 4.968235e+000
1.370000e+000 2.072573e-002 7.552631e-004 4.970486e-003 1.754201e-002 -7.937090e-001 1.110929e+000 5.036633e+000
1.380000e+000 2.061148e-002 7.334742e-004 -2.546296e-005 1.837859e-002 -8.038670e-001 1.368409e+000 5.052290e+000
1.390000e+000 1.735412e-002 5.380151e-004 -3.812963e-003 9.774479e-003 -7.670880e-001 1.237561e+000 4.862112e+000
1.400000e+000 1.707444e-002 4.902634e-004 1.694097e-003 1.099201e-002 -7.721571e-001 9.730699e-001 4.690625e+000
1.410000e+000 1.655140e-002 5.081329e-004 -5.156250e-004 8.587558e-003 -7.536382e-001 1.052122e+000 4.827215e+000
1.420000e+000 1.516382e-002 3.831471e-004 1.833681e-003 1.337153e-002 -7.412512e-001 7.453549e-001 4.403014e+000
1.430000e+000 1.430128e-002 3.379068e-004 -2.453935e-003 8.951968e-003 -7.387788e-001 1.029095e+000 4.447576e+000
1.440000e+000 1.287525e-002 2.867872e-004 4.575000e-003 7.177373e-003 -7.028405e-001 8.004251e-001 4.459022e+000
1.450000e+000 1.410235e-002 3.371222e-004 -4.046759e-003 1.185943e-002 -7.059906e-001 1.181723e+000 4.632555e+000
1.460000e+000 1.368150e-002 3.027543e-004 8.956019e-004 8.290509e-003 -7.006102e-001 9.980452e-001 4.673793e+000
1.470000e+000 1.313511e-002 2.941631e-004 6.822917e-004 7.660127e-003 -6.891810e-001 7.739347e-001 4.614367e+000
1.480000e+000 1.359073e-002 3.219237e-004 2.725579e-003 1.137367e-002 -6.928528e-001 1.180284e+000 4.679906e+000
1.490000e+000 1.135243e-002 2.319630e-004 -3.655903e-003 5.315162e-003 -6.737729e-001 1.146251e+000 3.981467e+000
1.500000e+000 1.106833e-002 2.012418e-004 1.802431e-003 4.395891e-003 -6.681957e-001 1.060133e+000 4.268331e+000
1.510000e+000 1.075798e-002 1.933217e-004 -4.885069e-003 4.405671e-004 -6.598985e-001 7.359290e-001 4.541934e+000
1.520000e+000 1.110586e-002 2.154264e-004 7.728009e-004 4.032465e-003 -6.572323e-001 1.004816e+000 4.480516e+000
1.530000e+000 1.102877e-002 1.891031e-004 8.366204e-003 9.248264e-004 -6.389375e-001 9.390177e-001 4.715285e+000
1.540000e+000 1.006446e-002 1.701230e-004 4.628472e-004 4.539410e-003 -6.342510e-001 8.112493e-001 4.136263e+000
1.550000e+000 8.587956e-003 1.205990e-004 2.212731e-003 3.867940e-003 -6.185309e-001 5.528828e-001 3.933581e+000
1.560000e+000 9.916228e-003 1.620438e-004 1.636806e-003 5.458391e-003 -6.142219e-001 7.496033e-001 4.481608e+000
1.570000e+000 9.221742e-003 1.433504e-004 2.038194e-003 3.321528e-003 -6.199685e-001 8.005854e-001 4.065760e+000
1.580000e+000 8.442318e-003 1.144604e-004 -6.362269e-004 4.592072e-003 -6.127708e-001 6.898316e-001 3.896777e+000
1.590000e+000 8.522011e-003 1.161824e-004 -1.908565e-004 5.829861e-004 -5.848362e-001 4.516262e-001 4.223997e+000
1.600000e+000 8.526406e-003 1.149810e-004 -1.406366e-003 3.192766e-003 -6.063932e-001 5.660960e-001 3.952159e+000
1.610000e+000 9.041682e-003 1.334701e-004 -2.173958e-003 -4.962963e-004 -5.922456e-001 5.783748e-001 4.324129e+000
1.620000e+000 8.416272e-003 1.173839e-004 2.445602e-003 2.991840e-003 -5.798424e-001 4.869618e-001 4.332069e+000
1.630000e+000 7.795306e-003 1.037447e-004 4.711806e-004 1.599653e-003 -5.845058e-001 5.521128e-001 3.981682e+000
1.640000e+000 7.983567e-003 1.033008e-004 9.143519e-005 4.500000e-004 -5.702280e-001 5.032543e-001 4.469562e+000
1.650000e+000 8.675757e-003 1.281588e-004 -9.746528e-004 4.132118e-003 -5.737388e-001 6.813701e-001 4.267052e+000
1.660000e+000 8.476964e-003 1.143179e-004 3.680208e-003 4.153530e-003 -5.472164e-001 5.580511e-001 4.378224e+000
1.670000e+000 7.342644e-003 9.018212e-005 -2.373264e-003 2.552778e-003 -5.578799e-001 3.982970e-001 4.146298e+000
1.680000e+000 6.912138e-003 7.932287e-005 1.534954e-003 -8.969907e-005 -5.460294e-001 4.918783e-001 4.174070e+000
1.690000e+000 7.556192e-003 9.222091e-005 1.666088e-003 -6.104167e-004 -5.467448e-001 4.930676e-001 4.163886e+000
1.700000e+000 7.417185e-003 8.547098e-005 4.689931e-003 7.025463e-004 -5.417051e-001 3.634539e-001 4.153359e+000
1.710000e+000 6.874720e-003 7.827951e-005 -8.275000e-003 1.203530e-003 -5.322634e-001 4.348773e-001 3.947538e+000
1.720000e+000 6.860437e-003 7.462670e-005 -3.443056e-003 -2.254572e-003 -5.239472e-001 4.483058e-001 4.090199e+000
1.730000e+000 6.486641e-003 6.724082e-005 4.525810e-003 3.994271e-003 -5.227135e-001 5.220161e-001 3.810793e+000
1.740000e+000 6.389560e-003 6.510288e-005 9.469907e-004 2.079861e-003 -5.285785e-001 4.028800e-001 3.778639e+000
1.750000e+000 6.431527e-003 7.066437e-005 -3.989468e-003 8.507523e-004 -5.053211e-001 5.230549e-001 4.121040e+000
1.760000e+000 7.109643e-003 8.864820e-005 -6.215625e-003 4.734375e-004 -5.260332e-001 4.399405e-001 4.495842e+000
1.770000e+000 7.372338e-003 9.485196e-005 -4.048611e-004 6.282581e-003 -5.247574e-001 4.860467e-001 4.488100e+000
1.780000e+000 6.329258e-003 6.250952e-005 4.973958e-003 2.890046e-004 -5.080080e-001 3.798120e-001 4.189973e+000
1.790000e+000 7.267160e-003 8.922524e-005 -4.690625e-003 4.261806e-003 -5.067573e-001 4.673069e-001 4.556784e+000
1.800000e+000 6.027246e-003 5.819544e-005 -9.478009e-004 8.605324e-004 -4.983444e-001 4.042483e-001 3.930065e+000
1.810000e+000 6.531561e-003 6.952348e-005 -6.019329e-003 2.479398e-003 -4.945215e-001 4.029169e-001 4.358684e+000
1.820000e+000 6.196144e-003 6.000125e-005 9.179977e-003 4.198495e-003 -4.870272e-001 3.889381e-001 4.183510e+000
1.830000e+000 4.851084e-003 4.142652e-005 -2.520949e-003 1.932870e-005 -4.754265e-001 4.706129e-001 3.438414e+000
1.840000e+000 6.016823e-003 6.072551e-005 -2.408449e-003 4.301389e-003 -4.686323e-001 2.973211e-001 4.237508e+000
1.850000e+000 5.528051e-003 4.748376e-005 1.976042e-003 2.593056e-003 -4.574479e-001 4.554795e-001 4.035867e+000
1.860000e+000 5.857296e-003 5.744426e-005 1.744097e-003 -4.425868e-003 -4.633941e-001 3.076609e-001 4.297301e+000
1.870000e+000 5.200568e-003 4.746946e-005 3.193171e-003 8.542245e-004 -4.755360e-001 3.808777e-001 3.448186e+000
1.880000e+000 6.113436e-003 5.977715e-005 -1.204977e-003 -3.429225e-003 -4.664728e-001 3.287663e-001 4.346415e+000
1.890000e+000 6.237395e-003 6.310859e-005 -2.333218e-003 2.910185e-003 -4.500846e-001 2.695713e-001 4.664643e+000
1.900000e+000 4.988008e-003 4.148994e-005 1.081134e-003 -1.395428e-003 -4.590411e-001 2.728221e-001 3.673981e+000
1.910000e+000 4.395857e-003 3.092525e-005 7.701157e-003 -2.887731e-004 -4.427590e-001 3.530108e-001 3.253410e+000
1.920000e+000 5.888697e-003 5.797153e-005 3.365394e-003 7.089120e-005 -4.476047e-001 3.000991e-001 4.382086e+000
1.930000e+000 5.385593e-003 4.752953e-005 4.363426e-004 -3.851389e-003 -4.484942e-001 2.403080e-001 4.069500e+000
1.940000e+000 5.603612e-003 5.207440e-005 -1.392361e-003 2.818287e-003 -4.456624e-001 2.424455e-001 4.166685e+000
1.950000e+000 4.964402e-003 3.849270e-005 -1.036111e-003 3.050174e-003 -4.272286e-001 2.718182e-001 4.060966e+000
1.960000e+000 5.431238e-003 4.679714e-005 5.944444e-004 2.618634e-004 -4.313141e-001 2.731989e-001 4.553254e+000
1.970000e+000 5.223042e-003 4.855884e-005 4.325231e-004 3.897569e-004 -4.367909e-001 3.630900e-001 4.127507e+000
1.980000e+000 5.718729e-003 5.227086e-005 -4.919676e-003 7.496528e-004 -4.397557e-001 2.835933e-001 4.318898e+000
1.990000e+000 5.298187e-003 4.623317e-005 4.520718e-003 3.138715e-003 -4.399007e-001 2.830776e-001 3.739678e+000
2.000000e+000 5.463884e-003 4.755709e-005 5.412847e-003 1.889063e-003 -4.318928e-001 3.291969e-001 4.115652e+000
