# Temperature Magnetization2 Magnetization4 Correlation2 Correlation4 Energy Energy2 HeatCapacity CorrelationLength
0.000000e+000 1.000000e+000 1.000000e+000 1.000000e+000 1.000000e+000 -2.000000e+000 -1.#IND00e+000 5.185436e+016
1.000000e-002 1.000000e+000 1.000000e+000 1.000000e+000 1.000000e+000 -2.000000e+000 0.000000e+000 5.185436e+016
2.000000e-002 1.000000e+000 1.000000e+000 1.000000e+000 1.000000e+000 -2.000000e+000 0.000000e+000 5.185436e+016
3.000000e-002 1.000000e+000 1.000000e+000 1.000000e+000 1.000000e+000 -2.000000e+000 0.000000e+000 5.185436e+016
4.000000e-002 1.000000e+000 1.000000e+000 1.000000e+000 1.000000e+000 -2.000000e+000 0.000000e+000 5.185436e+016
5.000000e-002 1.000000e+000 1.000000e+000 1.000000e+000 1.000000e+000 -2.000000e+000 0.000000e+000 5.185436e+016
6.000000e-002 1.000000e+000 1.000000e+000 1.000000e+000 1.000000e+000 -2.000000e+000 0.000000e+000 5.185436e+016
7.000000e-002 1.000000e+000 1.000000e+000 1.000000e+000 1.000000e+000 -2.000000e+000 0.000000e+000 5.185436e+016
8.000000e-002 1.000000e+000 1.000000e+000 1.000000e+000 1.000000e+000 -2.000000e+000 0.000000e+000 5.185436e+016
9.000000e-002 1.000000e+000 1.000000e+000 1.000000e+000 1.000000e+000 -2.000000e+000 0.000000e+000 5.185436e+016
1.000000e-001 1.000000e+000 1.000000e+000 1.000000e+000 1.000000e+000 -2.000000e+000 0.000000e+000 5.185436e+016
1.100000e-001 1.000000e+000 1.000000e+000 1.000000e+000 1.000000e+000 -2.000000e+000 0.000000e+000 5.185436e+016
1.200000e-001 1.000000e+000 1.000000e+000 1.000000e+000 1.000000e+000 -2.000000e+000 0.000000e+000 5.185436e+016
1.300000e-001 1.000000e+000 1.000000e+000 1.000000e+000 1.000000e+000 -2.000000e+000 0.000000e+000 5.185436e+016
1.400000e-001 1.000000e+000 1.000000e+000 1.000000e+000 1.000000e+000 -2.000000e+000 0.000000e+000 5.185436e+016
1.500000e-001 1.000000e+000 1.000000e+000 1.000000e+000 1.000000e+000 -2.000000e+000 0.000000e+000 5.185436e+016
1.600000e-001 1.000000e+000 1.000000e+000 1.000000e+000 1.000000e+000 -2.000000e+000 0.000000e+000 5.185436e+016
1.700000e-001 1.000000e+000 1.000000e+000 1.000000e+000 1.000000e+000 -2.000000e+000 0.000000e+000 5.185436e+016
1.800000e-001 1.000000e+000 1.000000e+000 1.000000e+000 1.000000e+000 -2.000000e+000 0.000000e+000 5.185436e+016
1.900000e-001 1.000000e+000 1.000000e+000 1.000000e+000 1.000000e+000 -2.000000e+000 0.000000e+000 5.185436e+016
2.000000e-001 1.000000e+000 1.000000e+000 1.000000e+000 1.000000e+000 -2.000000e+000 0.000000e+000 5.185436e+016
2.100000e-001 1.000000e+000 1.000000e+000 1.000000e+000 1.000000e+000 -2.000000e+000 0.000000e+000 5.185436e+016
2.200000e-001 1.000000e+000 1.000000e+000 1.000000e+000 1.000000e+000 -2.000000e+000 0.000000e+000 5.185436e+016
2.300000e-001 1.000000e+000 1.000000e+000 1.000000e+000 1.000000e+000 -2.000000e+000 0.000000e+000 5.185436e+016
2.400000e-001 1.000000e+000 1.000000e+000 1.000000e+000 1.000000e+000 -2.000000e+000 0.000000e+000 5.185436e+016
2.500000e-001 1.000000e+000 1.000000e+000 1.000000e+000 1.000000e+000 -2.000000e+000 0.000000e+000 5.185436e+016
2.600000e-001 1.000000e+000 1.000000e+000 1.000000e+000 1.000000e+000 -2.000000e+000 0.000000e+000 5.185436e+016
2.700000e-001 1.000000e+000 1.000000e+000 1.000000e+000 1.000000e+000 -2.000000e+000 0.000000e+000 5.185436e+016
2.800000e-001 1.000000e+000 1.000000e+000 1.000000e+000 1.000000e+000 -2.000000e+000 0.000000e+000 5.185436e+016
2.900000e-001 1.000000e+000 1.000000e+000 1.000000e+000 1.000000e+000 -2.000000e+000 0.000000e+000 5.185436e+016
3.000000e-001 1.000000e+000 1.000000e+000 1.000000e+000 1.000000e+000 -2.000000e+000 0.000000e+000 5.185436e+016
3.100000e-001 1.000000e+000 1.000000e+000 1.000000e+000 1.000000e+000 -2.000000e+000 0.000000e+000 5.185436e+016
3.200000e-001 1.000000e+000 1.000000e+000 1.000000e+000 1.000000e+000 -2.000000e+000 0.000000e+000 5.185436e+016
3.300000e-001 1.000000e+000 1.000000e+000 1.000000e+000 1.000000e+000 -2.000000e+000 0.000000e+000 5.185436e+016
3.400000e-001 1.000000e+000 1.000000e+000 1.000000e+000 1.000000e+000 -2.000000e+000 0.000000e+000 5.185436e+016
3.500000e-001 9.999984e-001 9.999968e-001 9.999984e-001 9.999984e-001 -1.999997e+000 1.410441e-004 1.021389e+005
3.600000e-001 9.999991e-001 9.999982e-001 9.999991e-001 9.999991e-001 -1.999998e+000 7.619265e-005 1.351171e+005
3.700000e-001 9.999982e-001 9.999963e-001 9.999981e-001 9.999981e-001 -1.999996e+000 1.442307e-004 9.554216e+004
3.800000e-001 9.999910e-001 9.999820e-001 9.999910e-001 9.999910e-001 -1.999982e+000 6.655714e-004 4.327192e+004
3.900000e-001 9.999875e-001 9.999751e-001 9.999875e-001 9.999875e-001 -1.999975e+000 8.742494e-004 3.677400e+004
4.000000e-001 9.999871e-001 9.999742e-001 9.999870e-001 9.999870e-001 -1.999974e+000 8.617777e-004 3.611134e+004
4.100000e-001 9.999931e-001 9.999862e-001 9.999931e-001 9.999931e-001 -1.999986e+000 4.399938e-004 4.933763e+004
4.200000e-001 9.999836e-001 9.999673e-001 9.999836e-001 9.999836e-001 -1.999967e+000 9.902852e-004 3.207065e+004
4.300000e-001 9.999778e-001 9.999557e-001 9.999778e-001 9.999778e-001 -1.999956e+000 1.275821e-003 2.758037e+004
4.400000e-001 9.999561e-001 9.999124e-001 9.999560e-001 9.999560e-001 -1.999912e+000 2.451217e-003 1.979985e+004
4.500000e-001 9.999542e-001 9.999087e-001 9.999542e-001 9.999542e-001 -1.999908e+000 2.390365e-003 1.920427e+004
4.600000e-001 9.999309e-001 9.998621e-001 9.999308e-001 9.999308e-001 -1.999862e+000 3.483511e-003 1.559560e+004
4.700000e-001 9.999127e-001 9.998257e-001 9.999125e-001 9.999125e-001 -1.999825e+000 4.167640e-003 1.391717e+004
4.800000e-001 9.999094e-001 9.998193e-001 9.999093e-001 9.999093e-001 -1.999819e+000 4.332956e-003 1.366317e+004
4.900000e-001 9.998935e-001 9.997875e-001 9.998933e-001 9.998933e-001 -1.999787e+000 5.038991e-003 1.282347e+004
5.000000e-001 9.998242e-001 9.996491e-001 9.998238e-001 9.998238e-001 -1.999648e+000 7.467101e-003 9.792264e+003
5.100000e-001 9.997990e-001 9.995989e-001 9.997986e-001 9.997986e-001 -1.999599e+000 8.160074e-003 9.092474e+003
5.200000e-001 9.997396e-001 9.994805e-001 9.997391e-001 9.997392e-001 -1.999482e+000 1.056324e-002 7.894940e+003
5.300000e-001 9.996497e-001 9.993011e-001 9.996491e-001 9.996491e-001 -1.999301e+000 1.299764e-002 6.912738e+003
5.400000e-001 9.995756e-001 9.991533e-001 9.995748e-001 9.995748e-001 -1.999152e+000 1.596941e-002 6.278547e+003
5.500000e-001 9.994936e-001 9.989898e-001 9.994926e-001 9.994926e-001 -1.998992e+000 1.809421e-002 5.680431e+003
5.600000e-001 9.993069e-001 9.986175e-001 9.993056e-001 9.993058e-001 -1.998616e+000 2.379895e-002 4.969035e+003
5.700000e-001 9.991926e-001 9.983901e-001 9.991910e-001 9.991911e-001 -1.998391e+000 2.882233e-002 4.501049e+003
5.800000e-001 9.991603e-001 9.983256e-001 9.991593e-001 9.991586e-001 -1.998332e+000 2.804988e-002 4.326939e+003
5.900000e-001 9.990431e-001 9.980922e-001 9.990410e-001 9.990419e-001 -1.998113e+000 3.177765e-002 4.056350e+003
6.000000e-001 9.988523e-001 9.977113e-001 9.988500e-001 9.988516e-001 -1.997717e+000 3.324594e-002 3.783659e+003
6.100000e-001 9.987585e-001 9.975247e-001 9.987564e-001 9.987561e-001 -1.997544e+000 3.695371e-002 3.599240e+003
6.200000e-001 9.985210e-001 9.970511e-001 9.985178e-001 9.985179e-001 -1.997060e+000 4.056036e-002 3.335073e+003
6.300000e-001 9.982584e-001 9.965286e-001 9.982544e-001 9.982554e-001 -1.996567e+000 4.815339e-002 3.033063e+003
6.400000e-001 9.979908e-001 9.959952e-001 9.979897e-001 9.979912e-001 -1.996051e+000 5.081852e-002 2.786373e+003
6.500000e-001 9.976568e-001 9.953305e-001 9.976517e-001 9.976514e-001 -1.995387e+000 5.816749e-002 2.563876e+003
6.600000e-001 9.973334e-001 9.946871e-001 9.973296e-001 9.973274e-001 -1.994757e+000 6.525231e-002 2.413999e+003
6.700000e-001 9.968609e-001 9.937471e-001 9.968557e-001 9.968549e-001 -1.993831e+000 7.454843e-002 2.220337e+003
6.800000e-001 9.966162e-001 9.932608e-001 9.966098e-001 9.966123e-001 -1.993387e+000 7.743879e-002 2.122725e+003
6.900000e-001 9.961764e-001 9.923877e-001 9.961654e-001 9.961709e-001 -1.992572e+000 8.654553e-002 2.003597e+003
7.000000e-001 9.956047e-001 9.912507e-001 9.955980e-001 9.955969e-001 -1.991441e+000 9.455564e-002 1.834364e+003
7.100000e-001 9.952734e-001 9.905943e-001 9.952596e-001 9.952693e-001 -1.990799e+000 1.042747e-001 1.781356e+003
7.200000e-001 9.944972e-001 9.890541e-001 9.944855e-001 9.944876e-001 -1.989309e+000 1.162716e-001 1.622587e+003
7.300000e-001 9.940835e-001 9.882351e-001 9.940711e-001 9.940717e-001 -1.988509e+000 1.287238e-001 1.583987e+003
7.400000e-001 9.931791e-001 9.864410e-001 9.931655e-001 9.931651e-001 -1.986777e+000 1.359573e-001 1.462205e+003
7.500000e-001 9.922659e-001 9.846368e-001 9.922600e-001 9.922509e-001 -1.985064e+000 1.607129e-001 1.346173e+003
7.600000e-001 9.916348e-001 9.833853e-001 9.916179e-001 9.916137e-001 -1.983831e+000 1.608685e-001 1.313347e+003
7.700000e-001 9.906945e-001 9.815272e-001 9.906699e-001 9.906826e-001 -1.982152e+000 1.711832e-001 1.228782e+003
7.800000e-001 9.896244e-001 9.794178e-001 9.896016e-001 9.895989e-001 -1.980161e+000 1.963819e-001 1.147190e+003
7.900000e-001 9.890926e-001 9.783674e-001 9.890714e-001 9.890692e-001 -1.979166e+000 1.978261e-001 1.115828e+003
8.000000e-001 9.876596e-001 9.755447e-001 9.876248e-001 9.876308e-001 -1.976449e+000 2.232651e-001 1.050042e+003
8.100000e-001 9.866657e-001 9.735876e-001 9.866413e-001 9.866349e-001 -1.974678e+000 2.210133e-001 9.905910e+002
8.200000e-001 9.848371e-001 9.699932e-001 9.848147e-001 9.848003e-001 -1.971240e+000 2.488697e-001 9.397471e+002
8.300000e-001 9.839107e-001 9.681793e-001 9.838691e-001 9.838737e-001 -1.969545e+000 2.649731e-001 8.865941e+002
8.400000e-001 9.820548e-001 9.645385e-001 9.820046e-001 9.820135e-001 -1.966125e+000 2.786505e-001 8.401806e+002
8.500000e-001 9.805768e-001 9.616500e-001 9.805311e-001 9.805226e-001 -1.963616e+000 2.894934e-001 7.920523e+002
8.600000e-001 9.786147e-001 9.578220e-001 9.785809e-001 9.785726e-001 -1.960013e+000 3.251914e-001 7.529448e+002
8.700000e-001 9.768084e-001 9.542985e-001 9.767439e-001 9.767733e-001 -1.956699e+000 3.383077e-001 7.164481e+002
8.800000e-001 9.750134e-001 9.508120e-001 9.749413e-001 9.749728e-001 -1.953231e+000 3.725676e-001 6.964239e+002
8.900000e-001 9.726743e-001 9.462783e-001 9.726038e-001 9.726150e-001 -1.949342e+000 3.928168e-001 6.587982e+002
9.000000e-001 9.705774e-001 9.422193e-001 9.704920e-001 9.705137e-001 -1.945807e+000 4.191605e-001 6.203324e+002
9.100000e-001 9.671357e-001 9.355737e-001 9.670586e-001 9.670558e-001 -1.939506e+000 4.530345e-001 5.826938e+002
9.200000e-001 9.658792e-001 9.331659e-001 9.657421e-001 9.658211e-001 -1.937486e+000 4.773609e-001 5.657201e+002
9.300000e-001 9.619554e-001 9.256329e-001 9.618272e-001 9.618402e-001 -1.930739e+000 5.176183e-001 5.292802e+002
9.400000e-001 9.595712e-001 9.210701e-001 9.594603e-001 9.594861e-001 -1.926410e+000 5.350896e-001 5.072862e+002
9.500000e-001 9.567259e-001 9.156524e-001 9.565869e-001 9.565751e-001 -1.921898e+000 5.579283e-001 4.841748e+002
9.600000e-001 9.528535e-001 9.082898e-001 9.527553e-001 9.526962e-001 -1.914974e+000 6.133575e-001 4.635608e+002
9.700000e-001 9.491843e-001 9.013355e-001 9.490380e-001 9.490843e-001 -1.908985e+000 5.963889e-001 4.358272e+002
9.800000e-001 9.439773e-001 8.915598e-001 9.438362e-001 9.438429e-001 -1.900392e+000 7.143169e-001 4.043529e+002
9.900000e-001 9.408792e-001 8.857676e-001 9.407979e-001 9.406863e-001 -1.895101e+000 7.483616e-001 3.901496e+002
1.000000e+000 9.364263e-001 8.773972e-001 9.361750e-001 9.362326e-001 -1.887409e+000 7.388379e-001 3.831315e+002
1.010000e+000 9.312521e-001 8.677932e-001 9.311115e-001 9.310820e-001 -1.879108e+000 7.780397e-001 3.524823e+002
1.020000e+000 9.251720e-001 8.566460e-001 9.249466e-001 9.249747e-001 -1.870133e+000 8.784127e-001 3.266931e+002
1.030000e+000 9.190004e-001 8.453012e-001 9.188221e-001 9.186456e-001 -1.859885e+000 9.106920e-001 3.128576e+002
1.040000e+000 9.119119e-001 8.324260e-001 9.114260e-001 9.115865e-001 -1.849638e+000 9.398331e-001 2.888263e+002
1.050000e+000 9.076534e-001 8.247043e-001 9.072809e-001 9.072906e-001 -1.842360e+000 9.962896e-001 2.803861e+002
1.060000e+000 9.006238e-001 8.121931e-001 9.001850e-001 9.002180e-001 -1.831598e+000 1.149800e+000 2.650935e+002
1.070000e+000 8.925947e-001 7.979629e-001 8.920964e-001 8.923377e-001 -1.819645e+000 1.253286e+000 2.422259e+002
1.080000e+000 8.821689e-001 7.795324e-001 8.816111e-001 8.817157e-001 -1.804048e+000 1.237368e+000 2.285510e+002
1.090000e+000 8.747886e-001 7.668412e-001 8.740559e-001 8.743235e-001 -1.794299e+000 1.371766e+000 2.128142e+002
1.100000e+000 8.640064e-001 7.483475e-001 8.633152e-001 8.633344e-001 -1.779417e+000 1.490659e+000 1.928451e+002
1.110000e+000 8.526904e-001 7.291474e-001 8.516692e-001 8.519255e-001 -1.763353e+000 1.590001e+000 1.792232e+002
1.120000e+000 8.384493e-001 7.055663e-001 8.375220e-001 8.376422e-001 -1.744294e+000 1.762367e+000 1.640753e+002
1.130000e+000 8.240563e-001 6.822883e-001 8.228616e-001 8.231537e-001 -1.725358e+000 2.068868e+000 1.486830e+002
1.140000e+000 8.100368e-001 6.597660e-001 8.083772e-001 8.091341e-001 -1.708349e+000 2.029008e+000 1.351417e+002
1.150000e+000 7.931312e-001 6.332524e-001 7.911655e-001 7.920102e-001 -1.687884e+000 2.270437e+000 1.232061e+002
1.160000e+000 7.684714e-001 5.957885e-001 7.662536e-001 7.676977e-001 -1.658631e+000 2.499704e+000 1.060110e+002
1.170000e+000 7.426466e-001 5.581779e-001 7.396572e-001 7.420070e-001 -1.629501e+000 2.860292e+000 9.175505e+001
1.180000e+000 7.188131e-001 5.257121e-001 7.149574e-001 7.183387e-001 -1.605180e+000 3.388026e+000 8.100028e+001
1.190000e+000 6.803062e-001 4.754651e-001 6.750536e-001 6.808808e-001 -1.565233e+000 4.021350e+000 6.704815e+001
1.200000e+000 6.000897e-001 3.833187e-001 5.919786e-001 6.034496e-001 -1.493943e+000 5.884621e+000 4.723572e+001
1.210000e+000 5.393713e-001 3.266959e-001 5.284444e-001 5.465027e-001 -1.443286e+000 8.247360e+000 3.799803e+001
1.220000e+000 4.032569e-001 2.126510e-001 3.834534e-001 4.171870e-001 -1.331176e+000 1.169334e+001 2.571105e+001
1.230000e+000 3.481858e-001 1.685647e-001 3.247979e-001 3.659507e-001 -1.283944e+000 1.084283e+001 2.224962e+001
1.240000e+000 2.068774e-001 7.706209e-002 1.805971e-001 2.284844e-001 -1.157588e+000 9.505635e+000 1.505460e+001
1.250000e+000 1.521206e-001 4.308997e-002 1.190242e-001 1.767278e-001 -1.111907e+000 5.437107e+000 1.191736e+001
1.260000e+000 8.684065e-002 1.586784e-002 5.510289e-002 1.071492e-001 -1.026777e+000 4.332690e+000 8.863196e+000
1.270000e+000 7.606186e-002 1.120211e-002 3.941620e-002 9.730648e-002 -1.022016e+000 3.239057e+000 7.954022e+000
1.280000e+000 5.503698e-002 5.904661e-003 2.690937e-002 7.244010e-002 -9.782233e-001 2.346709e+000 6.837941e+000
1.290000e+000 4.750009e-002 4.510384e-003 1.984271e-002 5.701904e-002 -9.416282e-001 2.891239e+000 6.720131e+000
1.300000e+000 3.994780e-002 2.945935e-003 1.206493e-002 4.819433e-002 -9.234672e-001 1.999885e+000 6.121760e+000
1.310000e+000 3.636444e-002 2.570442e-003 1.176123e-002 4.462135e-002 -8.987999e-001 2.230265e+000 5.934135e+000
1.320000e+000 3.146281e-002 1.753804e-003 8.661690e-003 3.362975e-002 -8.770391e-001 1.496072e+000 5.730976e+000
1.330000e+000 2.551343e-002 1.142605e-003 8.968750e-004 2.586898e-002 -8.356682e-001 1.805444e+000 5.200060e+000
1.340000e+000 2.816396e-002 1.380949e-003 1.219005e-002 3.023935e-002 -8.632251e-001 1.786254e+000 5.586134e+000
1.350000e+000 2.608093e-002 1.226577e-003 5.576852e-003 2.529994e-002 -8.420766e-001 1.389549e+000 5.477474e+000
1.360000e+000 2.189256e-002 8.300433e-004 1.385069e-003 2.175394e-002 -8.229122e-001 1.292799e+000 4.990137e+000
1.370000e+000 2.120457e-002 7.748786e-004 2.167593e-003 2.036707e-002 -8.052458e-001 1.806598e+000 4.989305e+000
1.380000e+000 1.928704e-002 6.278533e-004 1.029977e-003 1.575127e-002 -7.906492e-001 1.028762e+000 4.789448e+000
1.390000e+000 2.284784e-002 8.894042e-004 5.250579e-003 2.205486e-002 -8.009531e-001 9.817205e-001 5.420340e+000
1.400000e+000 1.788181e-002 5.592193e-004 6.895833e-004 1.226441e-002 -7.725539e-001 1.125744e+000 4.924671e+000
1.410000e+000 1.576163e-002 4.302550e-004 3.136806e-003 8.617303e-003 -7.467690e-001 1.034370e+000 4.547504e+000
1.420000e+000 1.520189e-002 3.855508e-004 3.530208e-003 1.017650e-002 -7.357152e-001 1.011781e+000 4.654141e+000
1.430000e+000 1.731755e-002 4.966990e-004 2.883102e-003 1.587662e-002 -7.739788e-001 8.540482e-001 4.608342e+000
1.440000e+000 1.380610e-002 3.234812e-004 -6.973380e-004 8.439583e-003 -7.037483e-001 1.321550e+000 4.538356e+000
1.450000e+000 1.356127e-002 3.141468e-004 4.410069e-003 7.259722e-003 -7.197838e-001 9.782059e-001 4.283926e+000
1.460000e+000 1.430525e-002 3.517752e-004 -8.953704e-004 6.421586e-003 -7.055584e-001 1.250618e+000 4.924892e+000
1.470000e+000 1.418316e-002 3.319140e-004 4.712384e-003 1.275990e-002 -7.084523e-001 8.791060e-001 4.588079e+000
1.480000e+000 1.291112e-002 3.088149e-004 -6.485417e-003 5.607465e-003 -7.107382e-001 7.990895e-001 4.369010e+000
1.490000e+000 1.214396e-002 2.499339e-004 -1.004051e-003 4.931308e-003 -6.820491e-001 7.452791e-001 4.498209e+000
1.500000e+000 1.110238e-002 2.173805e-004 -1.176505e-003 6.290336e-003 -6.579905e-001 9.675573e-001 4.253818e+000
1.510000e+000 1.163381e-002 2.291161e-004 -1.000347e-003 3.179398e-003 -6.575339e-001 7.668251e-001 4.480414e+000
1.520000e+000 1.030429e-002 1.823471e-004 1.297454e-003 4.927662e-003 -6.414894e-001 7.413767e-001 4.115132e+000
1.530000e+000 9.260667e-003 1.526508e-004 1.872569e-003 1.541609e-003 -6.469869e-001 5.935783e-001 3.745500e+000
1.540000e+000 1.070857e-002 1.847083e-004 2.437037e-003 3.104225e-003 -6.382715e-001 7.591676e-001 4.464607e+000
1.550000e+000 9.395460e-003 1.546297e-004 6.217708e-003 -2.324306e-003 -6.299368e-001 6.304638e-001 4.116606e+000
1.560000e+000 8.008119e-003 1.101775e-004 1.899306e-004 7.866319e-004 -6.184190e-001 7.100917e-001 3.624398e+000
1.570000e+000 9.281244e-003 1.496754e-004 1.176736e-003 1.799248e-003 -6.212127e-001 5.260026e-001 4.021655e+000
1.580000e+000 9.676947e-003 1.708882e-004 3.996065e-003 8.363426e-004 -5.994740e-001 7.092001e-001 4.926874e+000
1.590000e+000 9.044766e-003 1.310197e-004 1.471296e-003 2.481250e-003 -6.047481e-001 7.071765e-001 4.340828e+000
1.600000e+000 8.742299e-003 1.286849e-004 2.675000e-003 1.268634e-003 -5.835381e-001 5.562324e-001 4.494731e+000
1.610000e+000 9.352979e-003 1.472902e-004 -5.799769e-003 -7.455440e-004 -6.013714e-001 5.439553e-001 4.572365e+000
1.620000e+000 8.565943e-003 1.246465e-004 -8.234838e-003 2.092014e-004 -5.939765e-001 5.527988e-001 4.165276e+000
1.630000e+000 7.256182e-003 8.495144e-005 -4.039005e-003 -1.998669e-003 -5.698889e-001 4.640835e-001 3.653770e+000
1.640000e+000 7.833281e-003 9.810158e-005 -4.880903e-003 6.707234e-003 -5.746223e-001 6.493943e-001 4.187238e+000
1.650000e+000 7.682020e-003 9.194084e-005 -3.787269e-003 7.432292e-004 -5.684546e-001 4.974987e-001 3.923703e+000
1.660000e+000 7.425182e-003 9.141215e-005 -7.012963e-003 4.379977e-003 -5.495491e-001 6.336868e-001 4.097165e+000
1.670000e+000 8.068113e-003 1.103625e-004 -1.168403e-003 3.577604e-003 -5.553815e-001 5.501528e-001 4.460622e+000
1.680000e+000 7.769954e-003 1.001869e-004 2.557870e-004 1.259201e-003 -5.583856e-001 5.137299e-001 4.018232e+000
1.690000e+000 7.530734e-003 1.009666e-004 -2.026968e-003 -2.239063e-003 -5.571007e-001 4.666976e-001 4.344542e+000
1.700000e+000 9.104331e-003 1.350937e-004 1.122454e-003 6.530671e-004 -5.585086e-001 5.395191e-001 4.911165e+000
1.710000e+000 6.187126e-003 6.429252e-005 -5.037037e-004 1.018519e-004 -5.392541e-001 4.424446e-001 3.488116e+000
1.720000e+000 7.038182e-003 7.904894e-005 6.547801e-003 2.149363e-003 -5.253733e-001 5.076189e-001 4.307324e+000
1.730000e+000 6.571781e-003 7.932681e-005 -3.823958e-003 3.544444e-003 -5.070495e-001 5.215188e-001 4.212259e+000
1.740000e+000 6.896650e-003 7.891960e-005 2.323843e-003 -1.487442e-003 -5.265304e-001 4.957150e-001 4.285071e+000
1.750000e+000 6.793587e-003 8.067189e-005 -2.882639e-003 1.876215e-003 -5.324652e-001 5.219377e-001 3.893626e+000
1.760000e+000 6.974777e-003 7.668026e-005 5.181713e-004 3.209896e-003 -5.105891e-001 5.790203e-001 4.250414e+000
1.770000e+000 6.957639e-003 7.849574e-005 -4.121296e-003 2.165799e-003 -5.149890e-001 4.220516e-001 4.423228e+000
1.780000e+000 6.413359e-003 6.959373e-005 2.676389e-003 -3.033970e-003 -5.098324e-001 4.298785e-001 3.882757e+000
1.790000e+000 5.778387e-003 5.854922e-005 -2.282407e-003 2.658565e-004 -4.876135e-001 2.457821e-001 3.919702e+000
1.800000e+000 6.152278e-003 6.176438e-005 -6.467593e-004 5.423611e-004 -5.021193e-001 2.405044e-001 3.939047e+000
1.810000e+000 6.445042e-003 6.471430e-005 -2.418403e-003 -4.080440e-004 -4.850999e-001 3.306657e-001 4.145666e+000
1.820000e+000 6.522062e-003 6.591609e-005 -4.006713e-003 1.939583e-003 -5.033272e-001 3.447252e-001 4.085246e+000
1.830000e+000 6.270196e-003 6.429602e-005 -1.951389e-004 2.687153e-003 -4.776366e-001 3.314101e-001 4.333935e+000
1.840000e+000 6.037543e-003 5.643027e-005 -2.259954e-003 -5.844329e-004 -4.638709e-001 4.338840e-001 4.430955e+000
1.850000e+000 5.571907e-003 5.108400e-005 -8.392593e-003 -3.159317e-003 -4.831287e-001 3.365022e-001 3.947862e+000
1.860000e+000 5.423413e-003 4.978740e-005 -2.669676e-003 3.288194e-003 -4.699800e-001 3.821757e-001 3.741855e+000
1.870000e+000 5.713641e-003 5.243002e-005 -1.572801e-003 3.582755e-003 -4.713079e-001 2.573801e-001 4.229474e+000
1.880000e+000 6.541484e-003 7.238296e-005 9.594907e-005 1.996701e-003 -4.728961e-001 2.687556e-001 4.625750e+000
1.890000e+000 5.570031e-003 5.308407e-005 -3.568750e-003 4.043171e-003 -4.736958e-001 2.386597e-001 3.995321e+000
1.900000e+000 5.354694e-003 4.466671e-005 -1.389005e-003 -2.860648e-003 -4.472181e-001 2.829223e-001 4.059926e+000
1.910000e+000 5.032304e-003 4.482494e-005 -1.615856e-003 -2.333912e-004 -4.347404e-001 2.110971e-001 4.202975e+000
1.920000e+000 5.729465e-003 5.304818e-005 1.658102e-003 4.066377e-003 -4.650255e-001 3.560062e-001 4.178403e+000
1.930000e+000 5.528274e-003 4.583698e-005 2.253588e-003 5.520833e-004 -4.375440e-001 3.087108e-001 4.452702e+000
1.940000e+000 5.793343e-003 6.111506e-005 2.789352e-003 -1.058218e-003 -4.339645e-001 3.912223e-001 4.409282e+000
1.950000e+000 5.156281e-003 4.350588e-005 1.409722e-003 1.915567e-003 -4.283670e-001 3.067129e-001 3.790749e+000
1.960000e+000 5.554411e-003 5.123052e-005 -2.676157e-003 -1.481366e-003 -4.402207e-001 1.879657e-001 4.232031e+000
1.970000e+000 5.502787e-003 5.058928e-005 2.616898e-003 -1.636863e-003 -4.353176e-001 1.914059e-001 4.298555e+000
1.980000e+000 4.959754e-003 4.280910e-005 9.965278e-005 -2.319560e-003 -4.300722e-001 3.498834e-001 3.869847e+000
1.990000e+000 4.855408e-003 3.851518e-005 -1.191667e-003 -3.076678e-003 -4.330024e-001 2.499102e-001 3.880750e+000
2.000000e+000 5.003824e-003 4.257911e-005 1.481366e-003 2.027373e-003 -4.398236e-001 3.685305e-001 3.748787e+000
