# Temperature Magnetization2 Magnetization4 Correlation2 Correlation4 Energy Energy2 HeatCapacity CorrelationLength
0.000000e+000 1.000000e+000 1.000000e+000 1.000000e+000 1.000000e+000 -2.000000e+000 -1.#IND00e+000 5.185436e+016
1.000000e-002 1.000000e+000 1.000000e+000 1.000000e+000 1.000000e+000 -2.000000e+000 0.000000e+000 5.185436e+016
2.000000e-002 1.000000e+000 1.000000e+000 1.000000e+000 1.000000e+000 -2.000000e+000 0.000000e+000 5.185436e+016
3.000000e-002 1.000000e+000 1.000000e+000 1.000000e+000 1.000000e+000 -2.000000e+000 0.000000e+000 5.185436e+016
4.000000e-002 1.000000e+000 1.000000e+000 1.000000e+000 1.000000e+000 -2.000000e+000 0.000000e+000 5.185436e+016
5.000000e-002 1.000000e+000 1.000000e+000 1.000000e+000 1.000000e+000 -2.000000e+000 0.000000e+000 5.185436e+016
6.000000e-002 1.000000e+000 1.000000e+000 1.000000e+000 1.000000e+000 -2.000000e+000 0.000000e+000 5.185436e+016
7.000000e-002 1.000000e+000 1.000000e+000 1.000000e+000 1.000000e+000 -2.000000e+000 0.000000e+000 5.185436e+016
8.000000e-002 1.000000e+000 1.000000e+000 1.000000e+000 1.000000e+000 -2.000000e+000 0.000000e+000 5.185436e+016
9.000000e-002 1.000000e+000 1.000000e+000 1.000000e+000 1.000000e+000 -2.000000e+000 0.000000e+000 5.185436e+016
1.000000e-001 1.000000e+000 1.000000e+000 1.000000e+000 1.000000e+000 -2.000000e+000 0.000000e+000 5.185436e+016
1.100000e-001 1.000000e+000 1.000000e+000 1.000000e+000 1.000000e+000 -2.000000e+000 0.000000e+000 5.185436e+016
1.200000e-001 1.000000e+000 1.000000e+000 1.000000e+000 1.000000e+000 -2.000000e+000 0.000000e+000 5.185436e+016
1.300000e-001 1.000000e+000 1.000000e+000 1.000000e+000 1.000000e+000 -2.000000e+000 0.000000e+000 5.185436e+016
1.400000e-001 1.000000e+000 1.000000e+000 1.000000e+000 1.000000e+000 -2.000000e+000 0.000000e+000 5.185436e+016
1.500000e-001 1.000000e+000 1.000000e+000 1.000000e+000 1.000000e+000 -2.000000e+000 0.000000e+000 5.185436e+016
1.600000e-001 1.000000e+000 1.000000e+000 1.000000e+000 1.000000e+000 -2.000000e+000 0.000000e+000 5.185436e+016
1.700000e-001 1.000000e+000 1.000000e+000 1.000000e+000 1.000000e+000 -2.000000e+000 0.000000e+000 5.185436e+016
1.800000e-001 1.000000e+000 1.000000e+000 1.000000e+000 1.000000e+000 -2.000000e+000 0.000000e+000 5.185436e+016
1.900000e-001 1.000000e+000 1.000000e+000 1.000000e+000 1.000000e+000 -2.000000e+000 0.000000e+000 5.185436e+016
2.000000e-001 1.000000e+000 1.000000e+000 1.000000e+000 1.000000e+000 -2.000000e+000 0.000000e+000 5.185436e+016
2.100000e-001 1.000000e+000 1.000000e+000 1.000000e+000 1.000000e+000 -2.000000e+000 0.000000e+000 5.185436e+016
2.200000e-001 1.000000e+000 1.000000e+000 1.000000e+000 1.000000e+000 -2.000000e+000 0.000000e+000 5.185436e+016
2.300000e-001 1.000000e+000 1.000000e+000 1.000000e+000 1.000000e+000 -2.000000e+000 0.000000e+000 5.185436e+016
2.400000e-001 1.000000e+000 1.000000e+000 1.000000e+000 1.000000e+000 -2.000000e+000 0.000000e+000 5.185436e+016
2.500000e-001 1.000000e+000 1.000000e+000 1.000000e+000 1.000000e+000 -2.000000e+000 0.000000e+000 5.185436e+016
2.600000e-001 1.000000e+000 1.000000e+000 1.000000e+000 1.000000e+000 -2.000000e+000 0.000000e+000 5.185436e+016
2.700000e-001 1.000000e+000 1.000000e+000 1.000000e+000 1.000000e+000 -2.000000e+000 0.000000e+000 5.185436e+016
2.800000e-001 1.000000e+000 1.000000e+000 1.000000e+000 1.000000e+000 -2.000000e+000 0.000000e+000 5.185436e+016
2.900000e-001 1.000000e+000 1.000000e+000 1.000000e+000 1.000000e+000 -2.000000e+000 0.000000e+000 5.185436e+016
3.000000e-001 1.000000e+000 1.000000e+000 1.000000e+000 1.000000e+000 -2.000000e+000 0.000000e+000 5.185436e+016
3.100000e-001 1.000000e+000 1.000000e+000 1.000000e+000 1.000000e+000 -2.000000e+000 0.000000e+000 5.185436e+016
3.200000e-001 1.000000e+000 1.000000e+000 1.000000e+000 1.000000e+000 -2.000000e+000 0.000000e+000 5.185436e+016
3.300000e-001 1.000000e+000 1.000000e+000 1.000000e+000 1.000000e+000 -2.000000e+000 0.000000e+000 5.185436e+016
3.400000e-001 1.000000e+000 1.000000e+000 1.000000e+000 1.000000e+000 -2.000000e+000 0.000000e+000 5.185436e+016
3.500000e-001 1.000000e+000 1.000000e+000 1.000000e+000 1.000000e+000 -2.000000e+000 0.000000e+000 5.185436e+016
3.600000e-001 9.999951e-001 9.999903e-001 9.999951e-001 9.999951e-001 -1.999990e+000 3.996714e-004 5.896981e+004
3.700000e-001 9.999951e-001 9.999903e-001 9.999951e-001 9.999951e-001 -1.999990e+000 3.783595e-004 5.896981e+004
3.800000e-001 9.999998e-001 9.999995e-001 9.999998e-001 9.999998e-001 -2.000000e+000 1.709843e-005 2.702343e+005
3.900000e-001 9.999898e-001 9.999797e-001 9.999898e-001 9.999898e-001 -1.999980e+000 7.127085e-004 4.073914e+004
4.000000e-001 9.999958e-001 9.999917e-001 9.999958e-001 9.999958e-001 -1.999992e+000 2.775278e-004 6.369470e+004
4.100000e-001 9.999896e-001 9.999793e-001 9.999896e-001 9.999896e-001 -1.999979e+000 6.594950e-004 4.028394e+004
4.200000e-001 9.999542e-001 9.999087e-001 9.999542e-001 9.999542e-001 -1.999908e+000 2.744041e-003 1.920427e+004
4.300000e-001 9.999723e-001 9.999447e-001 9.999722e-001 9.999722e-001 -1.999944e+000 1.592853e-003 2.466856e+004
4.400000e-001 9.999579e-001 9.999161e-001 9.999579e-001 9.999579e-001 -1.999916e+000 2.300069e-003 2.003068e+004
4.500000e-001 9.999413e-001 9.998829e-001 9.999412e-001 9.999412e-001 -1.999882e+000 3.057756e-003 1.695551e+004
4.600000e-001 9.999420e-001 9.998843e-001 9.999419e-001 9.999419e-001 -1.999884e+000 2.892132e-003 1.705654e+004
4.700000e-001 9.998824e-001 9.997654e-001 9.998822e-001 9.998822e-001 -1.999769e+000 5.612280e-003 1.149865e+004
4.800000e-001 9.998932e-001 9.997870e-001 9.998931e-001 9.998931e-001 -1.999787e+000 4.929387e-003 1.247631e+004
4.900000e-001 9.998359e-001 9.996727e-001 9.998356e-001 9.998356e-001 -1.999671e+000 7.289092e-003 1.016238e+004
5.000000e-001 9.998306e-001 9.996621e-001 9.998303e-001 9.998303e-001 -1.999662e+000 7.272718e-003 9.959208e+003
5.100000e-001 9.997040e-001 9.994095e-001 9.997035e-001 9.997035e-001 -1.999409e+000 1.244678e-002 7.541138e+003
5.200000e-001 9.997408e-001 9.994828e-001 9.997403e-001 9.997403e-001 -1.999481e+000 1.041115e-002 7.976127e+003
5.300000e-001 9.995936e-001 9.991894e-001 9.995928e-001 9.995928e-001 -1.999198e+000 1.550486e-002 6.295887e+003
5.400000e-001 9.995433e-001 9.990889e-001 9.995424e-001 9.995424e-001 -1.999099e+000 1.665238e-002 5.912006e+003
5.500000e-001 9.994795e-001 9.989616e-001 9.994785e-001 9.994793e-001 -1.998965e+000 1.819923e-002 5.633528e+003
5.600000e-001 9.993928e-001 9.987887e-001 9.993917e-001 9.993918e-001 -1.998794e+000 1.970901e-002 5.171838e+003
5.700000e-001 9.993075e-001 9.986192e-001 9.993060e-001 9.993078e-001 -1.998644e+000 2.437634e-002 4.754483e+003
5.800000e-001 9.991923e-001 9.983889e-001 9.991922e-001 9.991909e-001 -1.998390e+000 2.493927e-002 4.504475e+003
5.900000e-001 9.989998e-001 9.980055e-001 9.989986e-001 9.989977e-001 -1.998019e+000 3.115602e-002 3.996289e+003
6.000000e-001 9.987906e-001 9.975885e-001 9.987881e-001 9.987883e-001 -1.997603e+000 3.652297e-002 3.689160e+003
6.100000e-001 9.986399e-001 9.972883e-001 9.986370e-001 9.986370e-001 -1.997305e+000 3.906124e-002 3.472680e+003
6.200000e-001 9.984823e-001 9.969744e-001 9.984792e-001 9.984795e-001 -1.996998e+000 4.335881e-002 3.224168e+003
6.300000e-001 9.982327e-001 9.964775e-001 9.982300e-001 9.982286e-001 -1.996520e+000 4.998685e-002 2.982245e+003
6.400000e-001 9.979711e-001 9.959562e-001 9.979664e-001 9.979670e-001 -1.995982e+000 5.325274e-002 2.811398e+003
6.500000e-001 9.977838e-001 9.955834e-001 9.977800e-001 9.977787e-001 -1.995644e+000 5.566242e-002 2.657965e+003
6.600000e-001 9.973652e-001 9.947504e-001 9.973590e-001 9.973635e-001 -1.994833e+000 6.462211e-002 2.430988e+003
6.700000e-001 9.970008e-001 9.940258e-001 9.969950e-001 9.969964e-001 -1.994117e+000 7.296433e-002 2.257261e+003
6.800000e-001 9.964766e-001 9.929832e-001 9.964686e-001 9.964711e-001 -1.993116e+000 8.026671e-002 2.070302e+003
6.900000e-001 9.961485e-001 9.923317e-001 9.961427e-001 9.961443e-001 -1.992473e+000 8.807948e-002 1.964111e+003
7.000000e-001 9.956482e-001 9.913384e-001 9.956372e-001 9.956407e-001 -1.991506e+000 9.764270e-002 1.854133e+003
7.100000e-001 9.951044e-001 9.902581e-001 9.950953e-001 9.950943e-001 -1.990471e+000 1.038956e-001 1.752579e+003
7.200000e-001 9.946296e-001 9.893168e-001 9.946221e-001 9.946196e-001 -1.989539e+000 1.168156e-001 1.679206e+003
7.300000e-001 9.938483e-001 9.877656e-001 9.938332e-001 9.938392e-001 -1.988072e+000 1.197114e-001 1.554998e+003
7.400000e-001 9.931209e-001 9.863275e-001 9.931082e-001 9.931082e-001 -1.986684e+000 1.432880e-001 1.473048e+003
7.500000e-001 9.921416e-001 9.843873e-001 9.921315e-001 9.921238e-001 -1.984840e+000 1.518222e-001 1.361961e+003
7.600000e-001 9.913931e-001 9.829066e-001 9.913778e-001 9.913800e-001 -1.983382e+000 1.636928e-001 1.298550e+003
7.700000e-001 9.905086e-001 9.811606e-001 9.904969e-001 9.904891e-001 -1.981733e+000 1.816097e-001 1.223454e+003
7.800000e-001 9.898371e-001 9.798348e-001 9.898124e-001 9.898174e-001 -1.980568e+000 1.874904e-001 1.170350e+003
7.900000e-001 9.883123e-001 9.768294e-001 9.882994e-001 9.882848e-001 -1.977699e+000 2.100895e-001 1.067150e+003
8.000000e-001 9.874100e-001 9.750510e-001 9.873830e-001 9.873928e-001 -1.975904e+000 2.238122e-001 1.041295e+003
8.100000e-001 9.861458e-001 9.725643e-001 9.861324e-001 9.861105e-001 -1.973625e+000 2.335524e-001 9.899463e+002
8.200000e-001 9.847588e-001 9.698428e-001 9.846977e-001 9.847296e-001 -1.971099e+000 2.632375e-001 9.318794e+002
8.300000e-001 9.836584e-001 9.676771e-001 9.836012e-001 9.836275e-001 -1.969079e+000 2.557371e-001 8.964645e+002
8.400000e-001 9.820078e-001 9.644457e-001 9.819534e-001 9.819787e-001 -1.966125e+000 2.781345e-001 8.415637e+002
8.500000e-001 9.803144e-001 9.611364e-001 9.802869e-001 9.802557e-001 -1.962984e+000 3.069284e-001 7.996734e+002
8.600000e-001 9.789457e-001 9.584609e-001 9.789023e-001 9.789004e-001 -1.960676e+000 3.061632e-001 7.604566e+002
8.700000e-001 9.770339e-001 9.547449e-001 9.769737e-001 9.769930e-001 -1.957172e+000 3.528896e-001 7.299331e+002
8.800000e-001 9.750239e-001 9.508311e-001 9.749394e-001 9.749857e-001 -1.953474e+000 3.678768e-001 6.962511e+002
8.900000e-001 9.721513e-001 9.452690e-001 9.720693e-001 9.720931e-001 -1.948329e+000 4.165128e-001 6.486018e+002
9.000000e-001 9.704276e-001 9.419156e-001 9.703326e-001 9.703541e-001 -1.945212e+000 3.976988e-001 6.273497e+002
9.100000e-001 9.681849e-001 9.376075e-001 9.681472e-001 9.681009e-001 -1.941577e+000 4.532554e-001 5.892981e+002
9.200000e-001 9.654782e-001 9.323906e-001 9.653928e-001 9.654089e-001 -1.936534e+000 4.844183e-001 5.703292e+002
9.300000e-001 9.619306e-001 9.255820e-001 9.618259e-001 9.618173e-001 -1.930438e+000 5.047725e-001 5.310346e+002
9.400000e-001 9.594772e-001 9.208903e-001 9.593735e-001 9.593925e-001 -1.926475e+000 5.373979e-001 5.052319e+002
9.500000e-001 9.563207e-001 9.148510e-001 9.562523e-001 9.562414e-001 -1.920628e+000 5.194361e-001 4.855055e+002
9.600000e-001 9.519307e-001 9.065340e-001 9.517975e-001 9.518117e-001 -1.913345e+000 6.033376e-001 4.615088e+002
9.700000e-001 9.491223e-001 9.012411e-001 9.490041e-001 9.489658e-001 -1.908651e+000 6.575285e-001 4.371620e+002
9.800000e-001 9.448654e-001 8.932185e-001 9.447714e-001 9.446661e-001 -1.901666e+000 6.829794e-001 4.112130e+002
9.900000e-001 9.410650e-001 8.860941e-001 9.408241e-001 9.408943e-001 -1.895295e+000 7.402247e-001 3.926207e+002
1.000000e+000 9.361254e-001 8.768904e-001 9.360024e-001 9.358942e-001 -1.887425e+000 7.666501e-001 3.678882e+002
1.010000e+000 9.305267e-001 8.664930e-001 9.302459e-001 9.302980e-001 -1.878656e+000 7.996621e-001 3.443013e+002
1.020000e+000 9.274591e-001 8.608387e-001 9.271507e-001 9.271464e-001 -1.872892e+000 8.580765e-001 3.401865e+002
1.030000e+000 9.202467e-001 8.475974e-001 9.200389e-001 9.199767e-001 -1.861337e+000 9.148075e-001 3.178334e+002
1.040000e+000 9.138832e-001 8.359878e-001 9.135157e-001 9.136049e-001 -1.851734e+000 9.645741e-001 2.970883e+002
1.050000e+000 9.080358e-001 8.254156e-001 9.077936e-001 9.077853e-001 -1.843025e+000 9.940425e-001 2.815773e+002
1.060000e+000 8.991658e-001 8.096386e-001 8.989293e-001 8.987230e-001 -1.829683e+000 1.185181e+000 2.572187e+002
1.070000e+000 8.931172e-001 7.988154e-001 8.926286e-001 8.926894e-001 -1.820692e+000 1.142950e+000 2.423398e+002
1.080000e+000 8.850789e-001 7.846854e-001 8.846964e-001 8.846002e-001 -1.809171e+000 1.243191e+000 2.298470e+002
1.090000e+000 8.745348e-001 7.664341e-001 8.738369e-001 8.740125e-001 -1.793666e+000 1.425238e+000 2.109464e+002
1.100000e+000 8.616003e-001 7.441755e-001 8.609837e-001 8.609409e-001 -1.775514e+000 1.496690e+000 1.919653e+002
1.110000e+000 8.563593e-001 7.353873e-001 8.555433e-001 8.558082e-001 -1.767367e+000 1.655258e+000 1.855957e+002
1.120000e+000 8.380471e-001 7.052184e-001 8.368031e-001 8.373504e-001 -1.744449e+000 2.038673e+000 1.609773e+002
1.130000e+000 8.259683e-001 6.849114e-001 8.248266e-001 8.251407e-001 -1.727839e+000 1.789405e+000 1.518219e+002
1.140000e+000 8.096548e-001 6.595103e-001 8.083200e-001 8.085725e-001 -1.707255e+000 2.249529e+000 1.360585e+002
1.150000e+000 7.960042e-001 6.376686e-001 7.946244e-001 7.951163e-001 -1.689634e+000 2.310078e+000 1.268851e+002
1.160000e+000 7.719590e-001 6.015113e-001 7.698641e-001 7.710903e-001 -1.662361e+000 2.647129e+000 1.075180e+002
1.170000e+000 7.436811e-001 5.594009e-001 7.410074e-001 7.426325e-001 -1.629827e+000 2.812156e+000 9.396603e+001
1.180000e+000 7.131777e-001 5.178059e-001 7.091263e-001 7.127355e-001 -1.597560e+000 3.541168e+000 7.959686e+001
1.190000e+000 6.851788e-001 4.806693e-001 6.807081e-001 6.849573e-001 -1.567796e+000 3.936660e+000 7.027201e+001
1.200000e+000 6.091696e-001 3.963194e-001 6.003703e-001 6.125420e-001 -1.502617e+000 6.655962e+000 4.856420e+001
1.210000e+000 5.264598e-001 3.134007e-001 5.153838e-001 5.342091e-001 -1.431933e+000 8.393006e+000 3.672422e+001
1.220000e+000 4.880831e-001 2.732586e-001 4.739064e-001 4.974960e-001 -1.394989e+000 7.939434e+000 3.301717e+001
1.230000e+000 2.818566e-001 1.251336e-001 2.572321e-001 3.023329e-001 -1.221658e+000 1.169997e+001 1.858520e+001
1.240000e+000 2.027899e-001 7.577748e-002 1.723677e-001 2.241314e-001 -1.151191e+000 9.766117e+000 1.482297e+001
1.250000e+000 1.051130e-001 2.264873e-002 7.609884e-002 1.269639e-001 -1.051837e+000 4.326881e+000 9.822846e+000
1.260000e+000 7.768143e-002 1.299082e-002 4.691887e-002 9.462784e-002 -1.005189e+000 4.182780e+000 8.399770e+000
1.270000e+000 6.656456e-002 9.032261e-003 3.244016e-002 8.373953e-002 -1.002620e+000 2.934907e+000 7.689805e+000
1.280000e+000 5.372435e-002 5.807230e-003 2.186481e-002 6.649682e-002 -9.651189e-001 2.810287e+000 7.014786e+000
1.290000e+000 5.190319e-002 5.113131e-003 2.052245e-002 6.431163e-002 -9.574645e-001 2.204110e+000 6.881860e+000
1.300000e+000 3.981763e-002 3.226812e-003 1.426863e-002 4.712488e-002 -9.167977e-001 2.055088e+000 6.292741e+000
1.310000e+000 3.598673e-002 2.376941e-003 1.099676e-002 4.029948e-002 -9.066751e-001 1.769378e+000 6.006376e+000
1.320000e+000 3.046035e-002 1.728586e-003 5.376505e-003 3.303507e-002 -8.674168e-001 1.867756e+000 5.550574e+000
1.330000e+000 3.224386e-002 1.780649e-003 8.763194e-003 3.671348e-002 -8.815432e-001 1.464014e+000 5.779075e+000
1.340000e+000 2.537451e-002 1.144993e-003 1.380787e-003 2.590515e-002 -8.369508e-001 1.405272e+000 5.340338e+000
1.350000e+000 2.475584e-002 1.066965e-003 6.922569e-003 2.164172e-002 -8.421948e-001 1.488968e+000 5.292897e+000
1.360000e+000 1.962547e-002 6.619917e-004 1.744444e-003 1.785075e-002 -7.954796e-001 1.643723e+000 4.876529e+000
1.370000e+000 1.931190e-002 6.742170e-004 -1.428241e-003 1.669387e-002 -7.827160e-001 1.160254e+000 4.910735e+000
1.380000e+000 1.798416e-002 5.422343e-004 -3.384144e-003 1.321424e-002 -7.828454e-001 1.198642e+000 4.749203e+000
1.390000e+000 1.939058e-002 6.365519e-004 1.199074e-004 1.876262e-002 -7.981574e-001 1.371046e+000 4.688835e+000
1.400000e+000 1.813686e-002 5.506721e-004 2.131713e-003 1.313113e-002 -7.602241e-001 1.561372e+000 5.081868e+000
1.410000e+000 1.702976e-002 4.989018e-004 2.256944e-005 1.452830e-002 -7.630459e-001 9.925406e-001 4.627907e+000
1.420000e+000 1.644301e-002 4.368439e-004 2.866898e-004 1.170752e-002 -7.540142e-001 1.139238e+000 4.767413e+000
1.430000e+000 1.487428e-002 3.850871e-004 -3.819560e-003 8.836921e-003 -7.360560e-001 1.074449e+000 4.496140e+000
1.440000e+000 1.550851e-002 4.153801e-004 4.844097e-003 1.483177e-002 -7.387318e-001 1.033872e+000 4.657613e+000
1.450000e+000 1.444211e-002 3.693812e-004 7.811343e-004 1.034740e-002 -7.182584e-001 1.219137e+000 4.753995e+000
1.460000e+000 1.301128e-002 2.901307e-004 -2.256019e-003 3.602315e-003 -7.116545e-001 6.496205e-001 4.460080e+000
1.470000e+000 1.228144e-002 2.446608e-004 2.259838e-003 7.471470e-003 -6.936817e-001 6.640573e-001 4.399991e+000
1.480000e+000 1.197096e-002 2.363892e-004 1.967593e-004 6.090625e-003 -6.896185e-001 7.317518e-001 4.451181e+000
1.490000e+000 1.229780e-002 2.574145e-004 -4.055556e-004 7.900521e-003 -6.706417e-001 1.099567e+000 4.689823e+000
1.500000e+000 1.189325e-002 2.306249e-004 1.191435e-003 8.162037e-003 -6.621497e-001 8.713889e-001 4.668860e+000
1.510000e+000 1.178245e-002 2.267997e-004 -1.911806e-003 5.982755e-003 -6.545353e-001 6.918381e-001 4.638050e+000
1.520000e+000 9.927011e-003 1.675672e-004 -2.004167e-003 1.951620e-003 -6.429528e-001 7.349501e-001 4.129129e+000
1.530000e+000 1.022992e-002 1.696634e-004 -7.675926e-004 6.193113e-003 -6.570295e-001 6.727789e-001 3.969478e+000
1.540000e+000 1.080920e-002 1.973167e-004 -3.036574e-003 4.027257e-003 -6.298959e-001 1.150894e+000 4.510965e+000
1.550000e+000 9.992087e-003 1.593251e-004 -4.413773e-003 1.509317e-003 -6.389333e-001 7.203842e-001 4.172118e+000
1.560000e+000 9.220614e-003 1.337949e-004 1.235995e-003 9.442708e-004 -6.169436e-001 6.834004e-001 4.137999e+000
1.570000e+000 1.066881e-002 1.877102e-004 -1.033565e-004 3.139931e-003 -6.056318e-001 6.658018e-001 4.711092e+000
1.580000e+000 8.242901e-003 1.145160e-004 -1.981944e-003 2.396123e-003 -6.062034e-001 6.956378e-001 4.001583e+000
1.590000e+000 8.883982e-003 1.279689e-004 4.877431e-003 1.992708e-003 -6.025766e-001 6.378781e-001 4.217243e+000
1.600000e+000 9.431887e-003 1.435300e-004 4.286574e-003 7.905671e-004 -6.071316e-001 5.492472e-001 4.474561e+000
1.610000e+000 7.971057e-003 1.012411e-004 -5.061111e-003 3.403935e-004 -5.938108e-001 5.802578e-001 3.893414e+000
1.620000e+000 7.977860e-003 1.072382e-004 3.605208e-003 -3.086806e-004 -5.897703e-001 5.506593e-001 4.231685e+000
1.630000e+000 7.368147e-003 8.910956e-005 7.717593e-004 4.246354e-003 -5.724782e-001 3.747212e-001 3.877622e+000
1.640000e+000 7.540525e-003 9.116515e-005 1.181713e-003 5.910012e-003 -5.853103e-001 5.157940e-001 3.652603e+000
1.650000e+000 8.178849e-003 1.118938e-004 2.943056e-003 -6.485532e-004 -5.668331e-001 6.153904e-001 4.408355e+000
1.660000e+000 7.794028e-003 1.113402e-004 3.017130e-003 5.667650e-003 -5.733725e-001 5.659023e-001 4.057126e+000
1.670000e+000 7.289173e-003 9.166002e-005 2.331597e-003 3.151562e-003 -5.519681e-001 5.236544e-001 4.208406e+000
1.680000e+000 7.265483e-003 8.784978e-005 -1.616319e-003 4.707986e-003 -5.440581e-001 5.629409e-001 3.927404e+000
1.690000e+000 7.054198e-003 8.682854e-005 -6.045718e-003 -3.423611e-004 -5.512837e-001 4.851876e-001 3.923020e+000
1.700000e+000 6.705926e-003 7.807055e-005 3.145023e-003 -5.658565e-004 -5.506365e-001 4.390275e-001 3.895734e+000
1.710000e+000 7.415977e-003 8.564618e-005 6.366898e-004 3.223380e-003 -5.459937e-001 4.528758e-001 4.023294e+000
1.720000e+000 7.237804e-003 8.957848e-005 -4.276968e-003 -2.080961e-003 -5.410771e-001 5.480616e-001 4.340457e+000
1.730000e+000 6.730954e-003 7.407351e-005 1.318981e-003 6.498843e-005 -5.132610e-001 4.448411e-001 4.103157e+000
1.740000e+000 5.863541e-003 5.220214e-005 6.508102e-004 -1.771007e-003 -5.276125e-001 3.514637e-001 3.519720e+000
1.750000e+000 6.576845e-003 7.226539e-005 -5.194907e-003 -6.002315e-004 -5.246856e-001 3.638870e-001 3.896515e+000
1.760000e+000 6.962839e-003 7.439730e-005 4.009491e-003 -5.335069e-004 -5.085516e-001 3.697836e-001 4.468077e+000
1.770000e+000 6.211091e-003 6.293687e-005 1.535648e-003 -1.053877e-003 -5.128284e-001 3.832679e-001 3.884064e+000
1.780000e+000 7.067400e-003 8.333713e-005 -2.795602e-003 9.688657e-004 -5.022219e-001 2.862779e-001 4.428049e+000
1.790000e+000 5.178234e-003 4.317201e-005 -4.073264e-003 2.962500e-003 -4.994264e-001 3.299831e-001 3.383231e+000
1.800000e+000 6.617753e-003 7.043908e-005 1.864583e-004 -4.274421e-003 -5.051029e-001 5.005780e-001 4.376762e+000
1.810000e+000 5.853981e-003 5.747268e-005 3.508796e-003 -8.194444e-005 -4.843507e-001 3.673197e-001 4.119934e+000
1.820000e+000 6.297751e-003 6.374186e-005 -2.046528e-003 2.893519e-004 -4.938012e-001 2.895691e-001 4.197799e+000
1.830000e+000 5.531795e-003 4.896957e-005 -2.839699e-003 3.879109e-003 -4.659481e-001 3.838302e-001 3.797584e+000
1.840000e+000 5.802301e-003 5.632823e-005 -1.932523e-003 2.970544e-003 -4.770604e-001 3.388237e-001 4.051462e+000
1.850000e+000 6.738475e-003 7.080140e-005 4.294329e-003 -1.148843e-003 -4.765312e-001 3.999746e-001 4.598848e+000
1.860000e+000 6.547705e-003 7.343261e-005 6.110301e-003 2.304572e-003 -4.721978e-001 3.743093e-001 4.321553e+000
1.870000e+000 5.347184e-003 4.720657e-005 5.417593e-003 -1.695312e-003 -4.598403e-001 3.541007e-001 3.897235e+000
1.880000e+000 5.955360e-003 5.460065e-005 1.509375e-003 -4.899306e-004 -4.793199e-001 3.230212e-001 4.060680e+000
1.890000e+000 5.939497e-003 5.713538e-005 1.725116e-003 -2.145833e-004 -4.616655e-001 3.483438e-001 4.389280e+000
1.900000e+000 6.342074e-003 7.191459e-005 -3.279282e-003 7.950231e-004 -4.552773e-001 3.486796e-001 4.624355e+000
1.910000e+000 5.672756e-003 5.001710e-005 7.760417e-004 8.420718e-004 -4.615149e-001 2.772005e-001 4.236797e+000
1.920000e+000 5.299058e-003 4.384228e-005 4.380787e-004 -5.847801e-004 -4.612434e-001 4.565221e-001 3.758948e+000
1.930000e+000 5.735945e-003 5.339956e-005 -9.019676e-004 2.316435e-003 -4.613735e-001 2.260867e-001 4.196436e+000
1.940000e+000 5.749703e-003 5.317841e-005 -1.168519e-003 1.903935e-004 -4.465427e-001 3.128752e-001 4.330259e+000
1.950000e+000 5.220087e-003 4.356624e-005 3.193287e-003 -7.405671e-004 -4.387956e-001 3.525067e-001 3.965883e+000
1.960000e+000 5.506731e-003 5.400420e-005 1.839815e-003 1.728588e-004 -4.383237e-001 3.158764e-001 4.208631e+000
1.970000e+000 5.106299e-003 4.234671e-005 -1.498843e-003 -5.713542e-004 -4.390679e-001 3.693299e-001 3.945464e+000
1.980000e+000 4.927726e-003 3.833850e-005 -2.439931e-003 -2.028935e-004 -4.195247e-001 3.414939e-001 3.952060e+000
1.990000e+000 5.000488e-003 4.251962e-005 6.609954e-004 -1.048843e-003 -4.363462e-001 2.931941e-001 3.889544e+000
2.000000e+000 5.011306e-003 3.986590e-005 -5.097685e-003 7.468750e-004 -4.284521e-001 3.002861e-001 4.040530e+000
