# Temperature Magnetization2 Magnetization4 Correlation2 Correlation4 Energy Energy2 HeatCapacity CorrelationLength
0.000000e+000 1.000000e+000 1.000000e+000 1.000000e+000 1.000000e+000 -2.000000e+000 -1.#IND00e+000 5.185436e+016
1.000000e-002 1.000000e+000 1.000000e+000 1.000000e+000 1.000000e+000 -2.000000e+000 0.000000e+000 5.185436e+016
2.000000e-002 1.000000e+000 1.000000e+000 1.000000e+000 1.000000e+000 -2.000000e+000 0.000000e+000 5.185436e+016
3.000000e-002 1.000000e+000 1.000000e+000 1.000000e+000 1.000000e+000 -2.000000e+000 0.000000e+000 5.185436e+016
4.000000e-002 1.000000e+000 1.000000e+000 1.000000e+000 1.000000e+000 -2.000000e+000 0.000000e+000 5.185436e+016
5.000000e-002 1.000000e+000 1.000000e+000 1.000000e+000 1.000000e+000 -2.000000e+000 0.000000e+000 5.185436e+016
6.000000e-002 1.000000e+000 1.000000e+000 1.000000e+000 1.000000e+000 -2.000000e+000 0.000000e+000 5.185436e+016
7.000000e-002 1.000000e+000 1.000000e+000 1.000000e+000 1.000000e+000 -2.000000e+000 0.000000e+000 5.185436e+016
8.000000e-002 1.000000e+000 1.000000e+000 1.000000e+000 1.000000e+000 -2.000000e+000 0.000000e+000 5.185436e+016
9.000000e-002 1.000000e+000 1.000000e+000 1.000000e+000 1.000000e+000 -2.000000e+000 0.000000e+000 5.185436e+016
1.000000e-001 1.000000e+000 1.000000e+000 1.000000e+000 1.000000e+000 -2.000000e+000 0.000000e+000 5.185436e+016
1.100000e-001 1.000000e+000 1.000000e+000 1.000000e+000 1.000000e+000 -2.000000e+000 0.000000e+000 5.185436e+016
1.200000e-001 1.000000e+000 1.000000e+000 1.000000e+000 1.000000e+000 -2.000000e+000 0.000000e+000 5.185436e+016
1.300000e-001 1.000000e+000 1.000000e+000 1.000000e+000 1.000000e+000 -2.000000e+000 0.000000e+000 5.185436e+016
1.400000e-001 1.000000e+000 1.000000e+000 1.000000e+000 1.000000e+000 -2.000000e+000 0.000000e+000 5.185436e+016
1.500000e-001 1.000000e+000 1.000000e+000 1.000000e+000 1.000000e+000 -2.000000e+000 0.000000e+000 5.185436e+016
1.600000e-001 1.000000e+000 1.000000e+000 1.000000e+000 1.000000e+000 -2.000000e+000 0.000000e+000 5.185436e+016
1.700000e-001 1.000000e+000 1.000000e+000 1.000000e+000 1.000000e+000 -2.000000e+000 0.000000e+000 5.185436e+016
1.800000e-001 1.000000e+000 1.000000e+000 1.000000e+000 1.000000e+000 -2.000000e+000 0.000000e+000 5.185436e+016
1.900000e-001 1.000000e+000 1.000000e+000 1.000000e+000 1.000000e+000 -2.000000e+000 0.000000e+000 5.185436e+016
2.000000e-001 1.000000e+000 1.000000e+000 1.000000e+000 1.000000e+000 -2.000000e+000 0.000000e+000 5.185436e+016
2.100000e-001 1.000000e+000 1.000000e+000 1.000000e+000 1.000000e+000 -2.000000e+000 0.000000e+000 5.185436e+016
2.200000e-001 1.000000e+000 1.000000e+000 1.000000e+000 1.000000e+000 -2.000000e+000 0.000000e+000 5.185436e+016
2.300000e-001 1.000000e+000 1.000000e+000 1.000000e+000 1.000000e+000 -2.000000e+000 0.000000e+000 5.185436e+016
2.400000e-001 1.000000e+000 1.000000e+000 1.000000e+000 1.000000e+000 -2.000000e+000 0.000000e+000 5.185436e+016
2.500000e-001 1.000000e+000 1.000000e+000 1.000000e+000 1.000000e+000 -2.000000e+000 0.000000e+000 5.185436e+016
2.600000e-001 1.000000e+000 1.000000e+000 1.000000e+000 1.000000e+000 -2.000000e+000 0.000000e+000 5.185436e+016
2.700000e-001 1.000000e+000 1.000000e+000 1.000000e+000 1.000000e+000 -2.000000e+000 0.000000e+000 5.185436e+016
2.800000e-001 1.000000e+000 1.000000e+000 1.000000e+000 1.000000e+000 -2.000000e+000 0.000000e+000 5.185436e+016
2.900000e-001 1.000000e+000 1.000000e+000 1.000000e+000 1.000000e+000 -2.000000e+000 0.000000e+000 5.185436e+016
3.000000e-001 1.000000e+000 1.000000e+000 1.000000e+000 1.000000e+000 -2.000000e+000 0.000000e+000 5.185436e+016
3.100000e-001 1.000000e+000 1.000000e+000 1.000000e+000 1.000000e+000 -2.000000e+000 0.000000e+000 5.185436e+016
3.200000e-001 1.000000e+000 1.000000e+000 1.000000e+000 1.000000e+000 -2.000000e+000 0.000000e+000 5.185436e+016
3.300000e-001 1.000000e+000 1.000000e+000 1.000000e+000 1.000000e+000 -2.000000e+000 0.000000e+000 5.185436e+016
3.400000e-001 9.999998e-001 9.999995e-001 9.999998e-001 9.999998e-001 -2.000000e+000 2.135824e-005 2.702343e+005
3.500000e-001 9.999977e-001 9.999954e-001 9.999977e-001 9.999977e-001 -1.999995e+000 2.014613e-004 8.545549e+004
3.600000e-001 9.999986e-001 9.999972e-001 9.999986e-001 9.999986e-001 -1.999997e+000 1.142776e-004 1.103226e+005
3.700000e-001 9.999961e-001 9.999922e-001 9.999961e-001 9.999961e-001 -1.999992e+000 3.063523e-004 6.554131e+004
3.800000e-001 9.999970e-001 9.999940e-001 9.999970e-001 9.999970e-001 -1.999994e+000 2.221461e-004 7.494939e+004
3.900000e-001 9.999864e-001 9.999728e-001 9.999863e-001 9.999863e-001 -1.999973e+000 9.549589e-004 3.518127e+004
4.000000e-001 9.999938e-001 9.999876e-001 9.999938e-001 9.999938e-001 -1.999988e+000 4.161042e-004 5.200645e+004
4.100000e-001 9.999711e-001 9.999424e-001 9.999711e-001 9.999711e-001 -1.999942e+000 1.824586e-003 2.417014e+004
4.200000e-001 9.999549e-001 9.999101e-001 9.999549e-001 9.999549e-001 -1.999910e+000 2.702874e-003 1.935144e+004
4.300000e-001 9.999485e-001 9.998972e-001 9.999488e-001 9.999484e-001 -1.999897e+000 3.051547e-003 1.809576e+004
4.400000e-001 9.999408e-001 9.998820e-001 9.999407e-001 9.999407e-001 -1.999881e+000 3.223181e-003 1.688914e+004
4.500000e-001 9.999348e-001 9.998700e-001 9.999347e-001 9.999347e-001 -1.999871e+000 3.412551e-003 1.571287e+004
4.600000e-001 9.999395e-001 9.998792e-001 9.999394e-001 9.999394e-001 -1.999879e+000 3.203900e-003 1.678547e+004
4.700000e-001 9.999115e-001 9.998235e-001 9.999113e-001 9.999113e-001 -1.999823e+000 4.515241e-003 1.366608e+004
4.800000e-001 9.998669e-001 9.997344e-001 9.998667e-001 9.998667e-001 -1.999733e+000 6.037928e-003 1.126626e+004
4.900000e-001 9.998253e-001 9.996515e-001 9.998253e-001 9.998250e-001 -1.999650e+000 7.727471e-003 9.793124e+003
5.000000e-001 9.998561e-001 9.997128e-001 9.998558e-001 9.998558e-001 -1.999714e+000 6.262942e-003 1.062338e+004
5.100000e-001 9.997893e-001 9.995795e-001 9.997889e-001 9.997889e-001 -1.999578e+000 8.452711e-003 8.975078e+003
5.200000e-001 9.996932e-001 9.993880e-001 9.996926e-001 9.996926e-001 -1.999400e+000 1.202507e-002 7.114370e+003
5.300000e-001 9.996486e-001 9.992991e-001 9.996479e-001 9.996479e-001 -1.999300e+000 1.431502e-002 6.933067e+003
5.400000e-001 9.996183e-001 9.992384e-001 9.996176e-001 9.996176e-001 -1.999237e+000 1.357804e-002 6.598890e+003
5.500000e-001 9.995257e-001 9.990538e-001 9.995249e-001 9.995248e-001 -1.999058e+000 1.679695e-002 5.839837e+003
5.600000e-001 9.993254e-001 9.986546e-001 9.993241e-001 9.993241e-001 -1.998673e+000 2.251678e-002 4.784501e+003
5.700000e-001 9.993152e-001 9.986342e-001 9.993139e-001 9.993142e-001 -1.998634e+000 2.318092e-002 4.945699e+003
5.800000e-001 9.990958e-001 9.981966e-001 9.990940e-001 9.990940e-001 -1.998208e+000 2.795223e-002 4.228432e+003
5.900000e-001 9.991009e-001 9.982070e-001 9.990991e-001 9.990991e-001 -1.998225e+000 2.774519e-002 4.215295e+003
6.000000e-001 9.988127e-001 9.976324e-001 9.988109e-001 9.988104e-001 -1.997670e+000 3.371621e-002 3.595224e+003
6.100000e-001 9.986749e-001 9.973579e-001 9.986721e-001 9.986720e-001 -1.997401e+000 3.708334e-002 3.441472e+003
6.200000e-001 9.985299e-001 9.970693e-001 9.985278e-001 9.985274e-001 -1.997102e+000 4.186555e-002 3.258728e+003
6.300000e-001 9.982031e-001 9.964185e-001 9.981988e-001 9.982011e-001 -1.996473e+000 4.917537e-002 2.942289e+003
6.400000e-001 9.981131e-001 9.962386e-001 9.981090e-001 9.981097e-001 -1.996261e+000 4.828479e-002 2.949456e+003
6.500000e-001 9.976113e-001 9.952403e-001 9.976068e-001 9.976060e-001 -1.995291e+000 6.202082e-002 2.575760e+003
6.600000e-001 9.974956e-001 9.950092e-001 9.974899e-001 9.974903e-001 -1.995056e+000 5.913334e-002 2.502365e+003
6.700000e-001 9.970824e-001 9.941879e-001 9.970752e-001 9.970752e-001 -1.994273e+000 6.945322e-002 2.309832e+003
6.800000e-001 9.966556e-001 9.933393e-001 9.966522e-001 9.966494e-001 -1.993465e+000 7.766782e-002 2.143990e+003
6.900000e-001 9.959388e-001 9.919158e-001 9.959300e-001 9.959302e-001 -1.992076e+000 9.656855e-002 1.920648e+003
7.000000e-001 9.957113e-001 9.914643e-001 9.957050e-001 9.957002e-001 -1.991711e+000 9.767682e-002 1.839414e+003
7.100000e-001 9.949145e-001 9.898807e-001 9.949073e-001 9.949052e-001 -1.990083e+000 1.084050e-001 1.698195e+003
7.200000e-001 9.943343e-001 9.887310e-001 9.943207e-001 9.943190e-001 -1.988970e+000 1.204022e-001 1.631548e+003
7.300000e-001 9.938579e-001 9.877848e-001 9.938450e-001 9.938418e-001 -1.988081e+000 1.206626e-001 1.541406e+003
7.400000e-001 9.932834e-001 9.866477e-001 9.932705e-001 9.932679e-001 -1.986973e+000 1.339086e-001 1.491045e+003
7.500000e-001 9.924337e-001 9.849642e-001 9.924231e-001 9.924212e-001 -1.985328e+000 1.442538e-001 1.399668e+003
7.600000e-001 9.914345e-001 9.829880e-001 9.914094e-001 9.914186e-001 -1.983529e+000 1.584456e-001 1.288118e+003
7.700000e-001 9.908387e-001 9.818122e-001 9.908102e-001 9.908153e-001 -1.982388e+000 1.686024e-001 1.230194e+003
7.800000e-001 9.897415e-001 9.796459e-001 9.897147e-001 9.897144e-001 -1.980379e+000 1.842159e-001 1.151940e+003
7.900000e-001 9.886315e-001 9.774542e-001 9.886145e-001 9.886102e-001 -1.978134e+000 1.962569e-001 1.118028e+003
8.000000e-001 9.872861e-001 9.748075e-001 9.872513e-001 9.872539e-001 -1.975786e+000 2.176592e-001 1.031586e+003
8.100000e-001 9.866092e-001 9.734726e-001 9.865920e-001 9.865811e-001 -1.974338e+000 2.272412e-001 1.015565e+003
8.200000e-001 9.854472e-001 9.711899e-001 9.854108e-001 9.854215e-001 -1.972362e+000 2.373930e-001 9.556124e+002
8.300000e-001 9.835912e-001 9.675436e-001 9.835714e-001 9.835631e-001 -1.968952e+000 2.542127e-001 8.964004e+002
8.400000e-001 9.824188e-001 9.652532e-001 9.823878e-001 9.823816e-001 -1.966872e+000 2.739561e-001 8.475916e+002
8.500000e-001 9.806121e-001 9.617204e-001 9.805534e-001 9.805727e-001 -1.963480e+000 3.053375e-001 8.001023e+002
8.600000e-001 9.784973e-001 9.575916e-001 9.784572e-001 9.784486e-001 -1.959633e+000 3.352348e-001 7.630690e+002
8.700000e-001 9.769634e-001 9.545956e-001 9.768900e-001 9.769013e-001 -1.956884e+000 3.236824e-001 7.310619e+002
8.800000e-001 9.744284e-001 9.496822e-001 9.743497e-001 9.743657e-001 -1.952587e+000 3.755823e-001 6.776435e+002
8.900000e-001 9.726752e-001 9.462867e-001 9.726212e-001 9.726170e-001 -1.949255e+000 4.141689e-001 6.559347e+002
9.000000e-001 9.706234e-001 9.422913e-001 9.705712e-001 9.705431e-001 -1.945424e+000 3.898517e-001 6.283493e+002
9.100000e-001 9.673857e-001 9.360489e-001 9.673015e-001 9.673111e-001 -1.939940e+000 4.442804e-001 5.937903e+002
9.200000e-001 9.651810e-001 9.318131e-001 9.651071e-001 9.650943e-001 -1.936255e+000 4.554382e-001 5.581891e+002
9.300000e-001 9.621013e-001 9.259040e-001 9.620081e-001 9.620091e-001 -1.930746e+000 5.004788e-001 5.340793e+002
9.400000e-001 9.595924e-001 9.211155e-001 9.595045e-001 9.594764e-001 -1.926481e+000 5.449376e-001 5.090968e+002
9.500000e-001 9.558241e-001 9.139370e-001 9.557086e-001 9.556705e-001 -1.920195e+000 5.950170e-001 4.823073e+002
9.600000e-001 9.530842e-001 9.087287e-001 9.529824e-001 9.529548e-001 -1.915511e+000 5.856934e-001 4.584129e+002
9.700000e-001 9.484733e-001 9.000229e-001 9.482764e-001 9.483266e-001 -1.908017e+000 6.565340e-001 4.264223e+002
9.800000e-001 9.446832e-001 8.928769e-001 9.444647e-001 9.445146e-001 -1.901398e+000 6.943641e-001 4.117097e+002
9.900000e-001 9.404540e-001 8.849798e-001 9.402000e-001 9.402535e-001 -1.895017e+000 7.504208e-001 3.847062e+002
1.000000e+000 9.350156e-001 8.747820e-001 9.348338e-001 9.347914e-001 -1.885368e+000 7.637807e-001 3.694666e+002
1.010000e+000 9.317574e-001 8.687787e-001 9.315900e-001 9.315128e-001 -1.880295e+000 8.329423e-001 3.533890e+002
1.020000e+000 9.256902e-001 8.575720e-001 9.254160e-001 9.254358e-001 -1.870919e+000 8.626391e-001 3.289470e+002
1.030000e+000 9.207393e-001 8.484574e-001 9.205480e-001 9.204782e-001 -1.862668e+000 8.572658e-001 3.170212e+002
1.040000e+000 9.123526e-001 8.332407e-001 9.120038e-001 9.120911e-001 -1.849462e+000 1.020752e+000 2.915460e+002
1.050000e+000 9.066847e-001 8.230350e-001 9.062119e-001 9.062916e-001 -1.840672e+000 1.093467e+000 2.762914e+002
1.060000e+000 9.010697e-001 8.129444e-001 9.007367e-001 9.007499e-001 -1.831934e+000 1.097611e+000 2.655012e+002
1.070000e+000 8.922648e-001 7.972863e-001 8.918198e-001 8.917932e-001 -1.819290e+000 1.186247e+000 2.462611e+002
1.080000e+000 8.827723e-001 7.807991e-001 8.821472e-001 8.823512e-001 -1.805740e+000 1.373728e+000 2.207342e+002
1.090000e+000 8.765161e-001 7.698109e-001 8.756308e-001 8.759653e-001 -1.797138e+000 1.344613e+000 2.095575e+002
1.100000e+000 8.633924e-001 7.473696e-001 8.625726e-001 8.627162e-001 -1.778652e+000 1.546530e+000 1.951671e+002
1.110000e+000 8.505759e-001 7.256444e-001 8.496905e-001 8.497604e-001 -1.761797e+000 1.590846e+000 1.729662e+002
1.120000e+000 8.399478e-001 7.081162e-001 8.390718e-001 8.392535e-001 -1.746524e+000 1.780886e+000 1.644432e+002
1.130000e+000 8.261466e-001 6.856666e-001 8.249031e-001 8.254378e-001 -1.729412e+000 1.994948e+000 1.493460e+002
1.140000e+000 8.104820e-001 6.602512e-001 8.089947e-001 8.096229e-001 -1.707841e+000 2.058622e+000 1.393923e+002
1.150000e+000 7.884373e-001 6.260002e-001 7.866378e-001 7.873387e-001 -1.680861e+000 2.339582e+000 1.212919e+002
1.160000e+000 7.725204e-001 6.021849e-001 7.701045e-001 7.717113e-001 -1.662761e+000 2.636901e+000 1.087154e+002
1.170000e+000 7.445865e-001 5.618990e-001 7.416420e-001 7.437001e-001 -1.631987e+000 3.183933e+000 9.137098e+001
1.180000e+000 7.045863e-001 5.081164e-001 6.999242e-001 7.045431e-001 -1.590054e+000 4.201253e+000 7.562669e+001
1.190000e+000 6.800738e-001 4.735953e-001 6.755370e-001 6.801525e-001 -1.563057e+000 3.814483e+000 6.887500e+001
1.200000e+000 6.295244e-001 4.147513e-001 6.215575e-001 6.326097e-001 -1.518461e+000 4.988970e+000 5.340921e+001
1.210000e+000 5.224082e-001 3.114829e-001 5.086866e-001 5.308643e-001 -1.428079e+000 9.236125e+000 3.624863e+001
1.220000e+000 4.551262e-001 2.501324e-001 4.392589e-001 4.662616e-001 -1.372206e+000 9.134057e+000 2.974829e+001
1.230000e+000 2.923377e-001 1.281533e-001 2.665624e-001 3.126453e-001 -1.237843e+000 1.019464e+001 1.904936e+001
1.240000e+000 1.992104e-001 7.407194e-002 1.682255e-001 2.209234e-001 -1.157745e+000 8.902273e+000 1.447924e+001
1.250000e+000 1.218179e-001 3.012683e-002 8.807674e-002 1.428306e-001 -1.079710e+000 4.795595e+000 1.078766e+001
1.260000e+000 9.658496e-002 1.839374e-002 6.289375e-002 1.177174e-001 -1.045096e+000 3.929304e+000 9.379931e+000
1.270000e+000 6.745277e-002 9.051441e-003 3.714456e-002 8.432471e-002 -9.948250e-001 3.068535e+000 7.773049e+000
1.280000e+000 5.365329e-002 5.225670e-003 2.326331e-002 6.860677e-002 -9.688919e-001 2.276441e+000 6.972539e+000
1.290000e+000 5.508211e-002 5.686121e-003 2.531620e-002 7.120966e-002 -9.796580e-001 2.054545e+000 6.885856e+000
1.300000e+000 4.092637e-002 3.087681e-003 1.260822e-002 4.838281e-002 -9.222659e-001 2.078037e+000 6.397475e+000
1.310000e+000 3.822508e-002 2.513384e-003 1.381898e-002 4.509502e-002 -9.085600e-001 1.636399e+000 6.098995e+000
1.320000e+000 3.236156e-002 2.024418e-003 8.742130e-003 3.627431e-002 -8.868388e-001 1.928566e+000 5.629741e+000
1.330000e+000 3.135000e-002 1.779272e-003 1.028681e-002 3.496001e-002 -8.739481e-001 1.844115e+000 5.658714e+000
1.340000e+000 2.937803e-002 1.490732e-003 9.184491e-003 3.402789e-002 -8.665184e-001 1.346790e+000 5.409281e+000
1.350000e+000 2.327229e-002 8.827594e-004 4.807870e-004 2.477911e-002 -8.162850e-001 1.292706e+000 5.105324e+000
1.360000e+000 2.463789e-002 1.113507e-003 3.406944e-003 2.683953e-002 -8.283568e-001 1.502164e+000 5.233595e+000
1.370000e+000 2.081439e-002 7.192132e-004 -2.495486e-003 2.197922e-002 -7.970852e-001 1.167253e+000 4.983403e+000
1.380000e+000 1.957374e-002 6.451926e-004 5.530093e-003 1.630972e-002 -7.947172e-001 1.332917e+000 4.990226e+000
1.390000e+000 1.845823e-002 5.889904e-004 4.951389e-004 1.441215e-002 -7.823683e-001 1.343624e+000 4.915877e+000
1.400000e+000 1.802210e-002 5.830969e-004 -1.079051e-003 1.708542e-002 -7.802576e-001 1.085382e+000 4.842699e+000
1.410000e+000 1.585988e-002 4.565047e-004 1.052083e-004 1.228252e-002 -7.567975e-001 1.398657e+000 4.502761e+000
1.420000e+000 1.566413e-002 4.069012e-004 -7.471065e-004 1.411626e-002 -7.438410e-001 9.149792e-001 4.643169e+000
1.430000e+000 1.593686e-002 4.080823e-004 -1.384954e-003 1.175185e-002 -7.316687e-001 8.266003e-001 4.883478e+000
1.440000e+000 1.465545e-002 3.827152e-004 1.357292e-003 1.099797e-002 -7.036999e-001 1.101278e+000 4.732989e+000
1.450000e+000 1.309092e-002 2.927296e-004 -4.358333e-003 6.922454e-003 -7.004117e-001 7.973118e-001 4.496084e+000
1.460000e+000 1.191677e-002 2.397890e-004 -8.357639e-004 7.390394e-003 -7.022265e-001 1.104904e+000 4.282164e+000
1.470000e+000 1.405247e-002 3.299069e-004 6.168519e-003 9.747801e-003 -6.967081e-001 1.041305e+000 5.052546e+000
1.480000e+000 1.141705e-002 2.256511e-004 7.118056e-004 4.949016e-003 -6.761069e-001 6.854294e-001 4.355611e+000
1.490000e+000 1.155796e-002 2.203387e-004 -7.871528e-004 8.341262e-003 -6.794396e-001 9.865193e-001 4.206117e+000
1.500000e+000 1.158747e-002 2.192830e-004 -2.429398e-004 5.036806e-003 -6.689730e-001 9.097667e-001 4.319761e+000
1.510000e+000 1.070582e-002 1.885982e-004 -1.185995e-003 6.268634e-003 -6.754043e-001 1.010680e+000 4.285709e+000
1.520000e+000 1.027151e-002 1.744637e-004 -3.766319e-003 2.742593e-003 -6.513954e-001 5.862792e-001 4.125446e+000
1.530000e+000 1.035522e-002 1.770209e-004 -3.288079e-003 3.984433e-003 -6.460063e-001 5.617220e-001 4.218885e+000
1.540000e+000 9.807399e-003 1.662997e-004 -5.998495e-003 5.393113e-003 -6.497441e-001 7.418551e-001 3.942498e+000
1.550000e+000 1.088363e-002 2.002863e-004 -2.180093e-003 4.795544e-003 -6.302030e-001 1.026823e+000 4.810099e+000
1.560000e+000 1.073913e-002 1.871848e-004 -3.678356e-003 3.399306e-003 -6.359174e-001 5.578785e-001 4.435574e+000
1.570000e+000 8.366127e-003 1.173526e-004 3.324306e-003 5.051157e-003 -5.966192e-001 4.995522e-001 4.210156e+000
1.580000e+000 8.874658e-003 1.335577e-004 -5.225694e-004 -2.778935e-004 -6.146712e-001 6.978197e-001 4.189859e+000
1.590000e+000 8.590787e-003 1.281591e-004 -3.546181e-003 6.507234e-003 -5.910773e-001 6.182997e-001 4.158072e+000
1.600000e+000 8.859583e-003 1.311584e-004 -8.370370e-004 3.342188e-003 -5.951319e-001 6.928195e-001 4.126789e+000
1.610000e+000 7.766750e-003 1.028283e-004 -2.679630e-003 2.330556e-003 -5.717532e-001 6.946466e-001 3.925124e+000
1.620000e+000 8.710889e-003 1.236616e-004 3.313542e-003 1.377894e-003 -5.918319e-001 5.261594e-001 4.171681e+000
1.630000e+000 7.609913e-003 9.831347e-005 7.141204e-005 4.379572e-003 -5.545250e-001 4.767367e-001 4.105770e+000
1.640000e+000 7.890248e-003 1.008940e-004 -1.782176e-003 4.907350e-003 -5.792236e-001 5.057379e-001 4.129108e+000
1.650000e+000 8.264265e-003 1.209951e-004 -6.004167e-003 1.329803e-003 -5.625941e-001 5.092649e-001 4.405570e+000
1.660000e+000 7.342184e-003 8.413405e-005 -4.697338e-003 3.472454e-003 -5.545769e-001 4.881065e-001 4.272579e+000
1.670000e+000 7.671210e-003 9.910399e-005 -4.153819e-003 2.126331e-003 -5.534020e-001 4.922291e-001 4.200832e+000
1.680000e+000 7.905468e-003 1.060394e-004 6.375000e-004 4.314815e-003 -5.670142e-001 4.605310e-001 4.168978e+000
1.690000e+000 6.918893e-003 7.568275e-005 -2.102662e-003 2.026563e-003 -5.535455e-001 4.359207e-001 3.773784e+000
1.700000e+000 6.762296e-003 7.672936e-005 -6.190394e-003 6.886574e-004 -5.515362e-001 4.446814e-001 3.742754e+000
1.710000e+000 7.521570e-003 9.475562e-005 -1.363657e-003 -1.855440e-003 -5.434782e-001 5.893610e-001 4.447638e+000
1.720000e+000 5.983148e-003 5.973691e-005 -8.517361e-004 2.758507e-003 -5.267666e-001 3.102372e-001 3.746906e+000
1.730000e+000 6.612162e-003 7.060603e-005 5.597222e-004 2.772627e-003 -5.141046e-001 5.279624e-001 4.185975e+000
1.740000e+000 6.867222e-003 7.798765e-005 -4.476273e-003 4.145197e-003 -5.274661e-001 5.212896e-001 3.962594e+000
1.750000e+000 6.812236e-003 7.943195e-005 3.603819e-003 1.236343e-003 -5.219818e-001 4.437164e-001 4.071739e+000
1.760000e+000 7.397923e-003 8.773470e-005 -3.837963e-004 2.040220e-003 -5.240317e-001 3.830423e-001 4.517134e+000
1.770000e+000 6.402279e-003 6.934577e-005 2.055787e-003 -1.089815e-003 -4.888058e-001 3.785889e-001 4.145597e+000
1.780000e+000 6.194958e-003 6.508146e-005 -5.413310e-003 -1.973669e-003 -4.885138e-001 3.179039e-001 4.181356e+000
1.790000e+000 6.342197e-003 6.977086e-005 -4.390046e-003 -3.301447e-003 -4.995628e-001 4.261518e-001 4.143195e+000
1.800000e+000 5.824376e-003 5.645703e-005 -5.009491e-003 -1.227951e-003 -4.804528e-001 4.017174e-001 3.974490e+000
1.810000e+000 5.485358e-003 4.950844e-005 -4.602315e-003 6.075231e-004 -4.927093e-001 3.567865e-001 3.622322e+000
1.820000e+000 5.932962e-003 6.206860e-005 1.243866e-003 1.995255e-003 -4.940958e-001 3.092465e-001 4.052051e+000
1.830000e+000 5.484371e-003 4.994383e-005 -4.091435e-004 4.276794e-003 -4.801559e-001 4.438642e-001 3.778444e+000
1.840000e+000 5.707255e-003 5.441146e-005 -3.351852e-003 1.002199e-003 -4.889697e-001 4.120813e-001 3.662748e+000
1.850000e+000 5.036633e-003 3.819516e-005 -3.867361e-003 3.364005e-003 -4.640797e-001 3.188561e-001 3.661062e+000
1.860000e+000 5.342353e-003 5.001548e-005 -6.767361e-004 -2.517766e-003 -4.733087e-001 5.334050e-001 3.910990e+000
1.870000e+000 5.061821e-003 4.294905e-005 -1.656250e-003 -6.457581e-003 -4.798242e-001 2.824597e-001 3.579444e+000
1.880000e+000 5.823044e-003 5.812127e-005 -3.892245e-003 5.988194e-003 -4.589877e-001 3.819802e-001 4.126332e+000
1.890000e+000 5.379855e-003 4.491948e-005 -1.012616e-003 2.105150e-003 -4.506635e-001 3.402372e-001 3.598009e+000
1.900000e+000 5.043334e-003 4.141954e-005 1.570370e-003 2.309491e-003 -4.583904e-001 3.064619e-001 3.745730e+000
1.910000e+000 5.236262e-003 4.408906e-005 1.205440e-003 3.157234e-003 -4.502280e-001 2.896905e-001 3.680488e+000
1.920000e+000 4.972512e-003 4.109529e-005 7.245486e-003 -2.501331e-003 -4.455966e-001 3.914557e-001 3.646428e+000
1.930000e+000 5.358273e-003 4.750310e-005 -5.692708e-003 -2.137789e-003 -4.496705e-001 3.077892e-001 4.018340e+000
1.940000e+000 5.115551e-003 4.311833e-005 -4.443056e-003 -1.318576e-003 -4.606775e-001 1.900424e-001 3.779324e+000
1.950000e+000 5.030559e-003 4.227795e-005 -1.428356e-003 -3.559028e-004 -4.464022e-001 2.911935e-001 4.204553e+000
1.960000e+000 4.640820e-003 3.868380e-005 -5.292824e-004 2.446528e-003 -4.377687e-001 4.637329e-001 3.516438e+000
1.970000e+000 4.706983e-003 3.566529e-005 3.492708e-003 -1.691551e-004 -4.416669e-001 2.647481e-001 3.427990e+000
1.980000e+000 4.546905e-003 3.371933e-005 1.003009e-003 6.229630e-003 -4.147205e-001 2.695475e-001 3.567061e+000
1.990000e+000 4.511741e-003 3.326376e-005 -1.618634e-003 -4.624884e-003 -4.313017e-001 2.783846e-001 3.465166e+000
2.000000e+000 4.035653e-003 2.770639e-005 2.824074e-005 -2.836227e-003 -4.237876e-001 3.337204e-001 3.258127e+000
