# Temperature Magnetization2 Magnetization4 Correlation2 Correlation4 Energy Energy2 HeatCapacity CorrelationLength
0.000000e+000 1.000000e+000 1.000000e+000 1.000000e+000 1.000000e+000 -2.000000e+000 -1.#IND00e+000 5.185436e+016
1.000000e-002 1.000000e+000 1.000000e+000 1.000000e+000 1.000000e+000 -2.000000e+000 0.000000e+000 5.185436e+016
2.000000e-002 1.000000e+000 1.000000e+000 1.000000e+000 1.000000e+000 -2.000000e+000 0.000000e+000 5.185436e+016
3.000000e-002 1.000000e+000 1.000000e+000 1.000000e+000 1.000000e+000 -2.000000e+000 0.000000e+000 5.185436e+016
4.000000e-002 1.000000e+000 1.000000e+000 1.000000e+000 1.000000e+000 -2.000000e+000 0.000000e+000 5.185436e+016
5.000000e-002 1.000000e+000 1.000000e+000 1.000000e+000 1.000000e+000 -2.000000e+000 0.000000e+000 5.185436e+016
6.000000e-002 1.000000e+000 1.000000e+000 1.000000e+000 1.000000e+000 -2.000000e+000 0.000000e+000 5.185436e+016
7.000000e-002 1.000000e+000 1.000000e+000 1.000000e+000 1.000000e+000 -2.000000e+000 0.000000e+000 5.185436e+016
8.000000e-002 1.000000e+000 1.000000e+000 1.000000e+000 1.000000e+000 -2.000000e+000 0.000000e+000 5.185436e+016
9.000000e-002 1.000000e+000 1.000000e+000 1.000000e+000 1.000000e+000 -2.000000e+000 0.000000e+000 5.185436e+016
1.000000e-001 1.000000e+000 1.000000e+000 1.000000e+000 1.000000e+000 -2.000000e+000 0.000000e+000 5.185436e+016
1.100000e-001 1.000000e+000 1.000000e+000 1.000000e+000 1.000000e+000 -2.000000e+000 0.000000e+000 5.185436e+016
1.200000e-001 1.000000e+000 1.000000e+000 1.000000e+000 1.000000e+000 -2.000000e+000 0.000000e+000 5.185436e+016
1.300000e-001 1.000000e+000 1.000000e+000 1.000000e+000 1.000000e+000 -2.000000e+000 0.000000e+000 5.185436e+016
1.400000e-001 1.000000e+000 1.000000e+000 1.000000e+000 1.000000e+000 -2.000000e+000 0.000000e+000 5.185436e+016
1.500000e-001 1.000000e+000 1.000000e+000 1.000000e+000 1.000000e+000 -2.000000e+000 0.000000e+000 5.185436e+016
1.600000e-001 1.000000e+000 1.000000e+000 1.000000e+000 1.000000e+000 -2.000000e+000 0.000000e+000 5.185436e+016
1.700000e-001 1.000000e+000 1.000000e+000 1.000000e+000 1.000000e+000 -2.000000e+000 0.000000e+000 5.185436e+016
1.800000e-001 1.000000e+000 1.000000e+000 1.000000e+000 1.000000e+000 -2.000000e+000 0.000000e+000 5.185436e+016
1.900000e-001 1.000000e+000 1.000000e+000 1.000000e+000 1.000000e+000 -2.000000e+000 0.000000e+000 5.185436e+016
2.000000e-001 1.000000e+000 1.000000e+000 1.000000e+000 1.000000e+000 -2.000000e+000 0.000000e+000 5.185436e+016
2.100000e-001 1.000000e+000 1.000000e+000 1.000000e+000 1.000000e+000 -2.000000e+000 0.000000e+000 5.185436e+016
2.200000e-001 1.000000e+000 1.000000e+000 1.000000e+000 1.000000e+000 -2.000000e+000 0.000000e+000 5.185436e+016
2.300000e-001 1.000000e+000 1.000000e+000 1.000000e+000 1.000000e+000 -2.000000e+000 0.000000e+000 5.185436e+016
2.400000e-001 1.000000e+000 1.000000e+000 1.000000e+000 1.000000e+000 -2.000000e+000 0.000000e+000 5.185436e+016
2.500000e-001 1.000000e+000 1.000000e+000 1.000000e+000 1.000000e+000 -2.000000e+000 0.000000e+000 5.185436e+016
2.600000e-001 1.000000e+000 1.000000e+000 1.000000e+000 1.000000e+000 -2.000000e+000 0.000000e+000 5.185436e+016
2.700000e-001 1.000000e+000 1.000000e+000 1.000000e+000 1.000000e+000 -2.000000e+000 0.000000e+000 5.185436e+016
2.800000e-001 1.000000e+000 1.000000e+000 1.000000e+000 1.000000e+000 -2.000000e+000 0.000000e+000 5.185436e+016
2.900000e-001 1.000000e+000 1.000000e+000 1.000000e+000 1.000000e+000 -2.000000e+000 0.000000e+000 5.185436e+016
3.000000e-001 1.000000e+000 1.000000e+000 1.000000e+000 1.000000e+000 -2.000000e+000 0.000000e+000 5.185436e+016
3.100000e-001 1.000000e+000 1.000000e+000 1.000000e+000 1.000000e+000 -2.000000e+000 0.000000e+000 5.185436e+016
3.200000e-001 1.000000e+000 1.000000e+000 1.000000e+000 1.000000e+000 -2.000000e+000 0.000000e+000 5.185436e+016
3.300000e-001 1.000000e+000 1.000000e+000 1.000000e+000 1.000000e+000 -2.000000e+000 0.000000e+000 5.185436e+016
3.400000e-001 9.999979e-001 9.999959e-001 9.999979e-001 9.999979e-001 -1.999996e+000 1.921473e-004 9.007800e+004
3.500000e-001 9.999979e-001 9.999959e-001 9.999979e-001 9.999979e-001 -1.999996e+000 1.813243e-004 9.007800e+004
3.600000e-001 9.999986e-001 9.999972e-001 9.999986e-001 9.999986e-001 -1.999997e+000 1.142776e-004 1.103226e+005
3.700000e-001 9.999963e-001 9.999926e-001 9.999963e-001 9.999963e-001 -1.999993e+000 2.883460e-004 6.755845e+004
3.800000e-001 9.999954e-001 9.999908e-001 9.999954e-001 9.999954e-001 -1.999991e+000 3.416436e-004 6.042608e+004
3.900000e-001 9.999958e-001 9.999917e-001 9.999958e-001 9.999958e-001 -1.999992e+000 2.919424e-004 6.369470e+004
4.000000e-001 9.999928e-001 9.999857e-001 9.999928e-001 9.999928e-001 -1.999986e+000 4.776536e-004 4.853534e+004
4.100000e-001 9.999785e-001 9.999571e-001 9.999785e-001 9.999785e-001 -1.999957e+000 1.359678e-003 2.802169e+004
4.200000e-001 9.999686e-001 9.999374e-001 9.999685e-001 9.999685e-001 -1.999941e+000 1.951754e-003 2.076110e+004
4.300000e-001 9.999642e-001 9.999285e-001 9.999641e-001 9.999641e-001 -1.999928e+000 2.053813e-003 2.170535e+004
4.400000e-001 9.999475e-001 9.998953e-001 9.999475e-001 9.999475e-001 -1.999895e+000 2.862253e-003 1.793561e+004
4.500000e-001 9.999496e-001 9.998995e-001 9.999495e-001 9.999495e-001 -1.999899e+000 2.629158e-003 1.830211e+004
4.600000e-001 9.999522e-001 9.999046e-001 9.999521e-001 9.999521e-001 -1.999904e+000 2.390459e-003 1.878213e+004
4.700000e-001 9.998930e-001 9.997865e-001 9.998928e-001 9.998928e-001 -1.999787e+000 5.070692e-003 1.242696e+004
4.800000e-001 9.998641e-001 9.997290e-001 9.998639e-001 9.998639e-001 -1.999733e+000 6.187963e-003 1.072165e+004
4.900000e-001 9.998447e-001 9.996902e-001 9.998444e-001 9.998444e-001 -1.999690e+000 6.778265e-003 1.031813e+004
5.000000e-001 9.998431e-001 9.996870e-001 9.998428e-001 9.998428e-001 -1.999688e+000 6.568591e-003 1.020191e+004
5.100000e-001 9.997512e-001 9.995036e-001 9.997507e-001 9.997507e-001 -1.999509e+000 1.018718e-002 7.973331e+003
5.200000e-001 9.997017e-001 9.994048e-001 9.997012e-001 9.997012e-001 -1.999403e+000 1.154194e-002 7.494879e+003
5.300000e-001 9.996271e-001 9.992561e-001 9.996264e-001 9.996264e-001 -1.999257e+000 1.409186e-002 6.586552e+003
5.400000e-001 9.995414e-001 9.990851e-001 9.995405e-001 9.995405e-001 -1.999094e+000 1.613156e-002 5.892695e+003
5.500000e-001 9.994626e-001 9.989281e-001 9.994616e-001 9.994621e-001 -1.998928e+000 1.957296e-002 5.497855e+003
5.600000e-001 9.994211e-001 9.988453e-001 9.994199e-001 9.994202e-001 -1.998855e+000 2.009099e-002 5.220922e+003
5.700000e-001 9.993323e-001 9.986683e-001 9.993310e-001 9.993310e-001 -1.998677e+000 2.183342e-002 4.923324e+003
5.800000e-001 9.990767e-001 9.981589e-001 9.990750e-001 9.990759e-001 -1.998179e+000 3.035765e-002 4.084139e+003
5.900000e-001 9.990058e-001 9.980174e-001 9.990037e-001 9.990038e-001 -1.998034e+000 3.088414e-002 4.036001e+003
6.000000e-001 9.988917e-001 9.977901e-001 9.988894e-001 9.988903e-001 -1.997821e+000 3.263411e-002 3.777022e+003
6.100000e-001 9.985404e-001 9.970898e-001 9.985373e-001 9.985395e-001 -1.997111e+000 4.088963e-002 3.297813e+003
6.200000e-001 9.984638e-001 9.969372e-001 9.984630e-001 9.984612e-001 -1.996971e+000 4.187599e-002 3.195877e+003
6.300000e-001 9.981628e-001 9.963387e-001 9.981583e-001 9.981587e-001 -1.996379e+000 5.336465e-002 2.932798e+003
6.400000e-001 9.979726e-001 9.959595e-001 9.979678e-001 9.979687e-001 -1.996016e+000 5.341592e-002 2.783468e+003
6.500000e-001 9.976339e-001 9.952849e-001 9.976296e-001 9.976289e-001 -1.995333e+000 5.893589e-002 2.588725e+003
6.600000e-001 9.975075e-001 9.950344e-001 9.975015e-001 9.975014e-001 -1.995092e+000 6.525333e-002 2.504407e+003
6.700000e-001 9.969689e-001 9.939620e-001 9.969619e-001 9.969623e-001 -1.994058e+000 7.204596e-002 2.248175e+003
6.800000e-001 9.966199e-001 9.932687e-001 9.966128e-001 9.966137e-001 -1.993390e+000 7.964007e-002 2.116757e+003
6.900000e-001 9.960292e-001 9.920939e-001 9.960319e-001 9.960213e-001 -1.992213e+000 8.860696e-002 1.969422e+003
7.000000e-001 9.955338e-001 9.911107e-001 9.955257e-001 9.955226e-001 -1.991300e+000 1.001356e-001 1.814824e+003
7.100000e-001 9.951162e-001 9.902826e-001 9.951045e-001 9.951071e-001 -1.990470e+000 1.111051e-001 1.752668e+003
7.200000e-001 9.945797e-001 9.892163e-001 9.945678e-001 9.945657e-001 -1.989406e+000 1.124222e-001 1.681958e+003
7.300000e-001 9.939996e-001 9.880681e-001 9.939831e-001 9.939898e-001 -1.988334e+000 1.289215e-001 1.582372e+003
7.400000e-001 9.929843e-001 9.860539e-001 9.929737e-001 9.929693e-001 -1.986388e+000 1.360113e-001 1.461400e+003
7.500000e-001 9.921580e-001 9.844186e-001 9.921384e-001 9.921400e-001 -1.984854e+000 1.478330e-001 1.359025e+003
7.600000e-001 9.916200e-001 9.833568e-001 9.915997e-001 9.916050e-001 -1.983854e+000 1.618053e-001 1.303568e+003
7.700000e-001 9.906777e-001 9.814944e-001 9.906485e-001 9.906600e-001 -1.982107e+000 1.737233e-001 1.220570e+003
7.800000e-001 9.895609e-001 9.792907e-001 9.895374e-001 9.895403e-001 -1.980015e+000 1.947359e-001 1.150371e+003
7.900000e-001 9.886969e-001 9.775823e-001 9.886708e-001 9.886744e-001 -1.978443e+000 1.895957e-001 1.097147e+003
8.000000e-001 9.872879e-001 9.748141e-001 9.872672e-001 9.872554e-001 -1.975631e+000 2.345329e-001 1.050978e+003
8.100000e-001 9.862602e-001 9.727845e-001 9.862330e-001 9.862319e-001 -1.973803e+000 2.204770e-001 9.867865e+002
8.200000e-001 9.851588e-001 9.706240e-001 9.851214e-001 9.851291e-001 -1.971810e+000 2.454869e-001 9.539785e+002
8.300000e-001 9.840303e-001 9.684102e-001 9.839808e-001 9.840000e-001 -1.969824e+000 2.529951e-001 8.882023e+002
8.400000e-001 9.826810e-001 9.657682e-001 9.826292e-001 9.826365e-001 -1.967205e+000 2.823580e-001 8.679692e+002
8.500000e-001 9.800809e-001 9.606849e-001 9.800470e-001 9.800215e-001 -1.962428e+000 3.192607e-001 8.014818e+002
8.600000e-001 9.784615e-001 9.575206e-001 9.784131e-001 9.784137e-001 -1.959602e+000 3.255992e-001 7.585877e+002
8.700000e-001 9.770243e-001 9.547253e-001 9.769900e-001 9.769365e-001 -1.957069e+000 3.500486e-001 7.217377e+002
8.800000e-001 9.746640e-001 9.501331e-001 9.745587e-001 9.746247e-001 -1.952801e+000 3.664545e-001 6.941204e+002
8.900000e-001 9.728241e-001 9.465549e-001 9.727479e-001 9.727559e-001 -1.949569e+000 3.718436e-001 6.588578e+002
9.000000e-001 9.699806e-001 9.410697e-001 9.699339e-001 9.699022e-001 -1.944475e+000 4.371282e-001 6.235749e+002
9.100000e-001 9.675035e-001 9.362758e-001 9.674171e-001 9.674244e-001 -1.940301e+000 4.229416e-001 5.880177e+002
9.200000e-001 9.654611e-001 9.323688e-001 9.653560e-001 9.654344e-001 -1.936270e+000 5.024648e-001 5.680673e+002
9.300000e-001 9.625979e-001 9.268543e-001 9.625030e-001 9.624944e-001 -1.931622e+000 4.769918e-001 5.318307e+002
9.400000e-001 9.591380e-001 9.202646e-001 9.590187e-001 9.590047e-001 -1.925801e+000 5.529773e-001 4.995320e+002
9.500000e-001 9.559886e-001 9.142257e-001 9.558375e-001 9.558540e-001 -1.920019e+000 5.659003e-001 4.860847e+002
9.600000e-001 9.522240e-001 9.070919e-001 9.520735e-001 9.520564e-001 -1.913791e+000 6.113526e-001 4.650205e+002
9.700000e-001 9.487334e-001 9.004997e-001 9.486434e-001 9.485473e-001 -1.908144e+000 6.478774e-001 4.361205e+002
9.800000e-001 9.453152e-001 8.941079e-001 9.451498e-001 9.451970e-001 -1.902655e+000 7.311659e-001 4.140964e+002
9.900000e-001 9.412504e-001 8.864288e-001 9.411168e-001 9.410950e-001 -1.895801e+000 6.981520e-001 3.891753e+002
1.000000e+000 9.353207e-001 8.753339e-001 9.350955e-001 9.351878e-001 -1.885792e+000 7.406600e-001 3.751466e+002
1.010000e+000 9.316715e-001 8.686279e-001 9.315466e-001 9.314823e-001 -1.879795e+000 8.487564e-001 3.552813e+002
1.020000e+000 9.254378e-001 8.571070e-001 9.252218e-001 9.251247e-001 -1.869972e+000 8.731831e-001 3.299295e+002
1.030000e+000 9.197021e-001 8.466112e-001 9.194343e-001 9.194519e-001 -1.861442e+000 9.115782e-001 3.064646e+002
1.040000e+000 9.141593e-001 8.365420e-001 9.138243e-001 9.138028e-001 -1.852145e+000 9.960250e-001 2.999205e+002
1.050000e+000 9.065375e-001 8.227612e-001 9.061185e-001 9.061881e-001 -1.840756e+000 1.046696e+000 2.771330e+002
1.060000e+000 9.014063e-001 8.136230e-001 9.009520e-001 9.010501e-001 -1.833782e+000 1.137241e+000 2.611103e+002
1.070000e+000 8.914933e-001 7.960174e-001 8.909953e-001 8.910787e-001 -1.817368e+000 1.259006e+000 2.482687e+002
1.080000e+000 8.835817e-001 7.821812e-001 8.830855e-001 8.830761e-001 -1.806845e+000 1.342037e+000 2.234789e+002
1.090000e+000 8.747618e-001 7.667533e-001 8.743706e-001 8.740981e-001 -1.794286e+000 1.363722e+000 2.102143e+002
1.100000e+000 8.644125e-001 7.490013e-001 8.637554e-001 8.638464e-001 -1.779705e+000 1.490489e+000 1.933850e+002
1.110000e+000 8.508508e-001 7.260512e-001 8.499230e-001 8.501280e-001 -1.761261e+000 1.623584e+000 1.785505e+002
1.120000e+000 8.416177e-001 7.106501e-001 8.407741e-001 8.408891e-001 -1.748619e+000 1.716270e+000 1.679284e+002
1.130000e+000 8.255490e-001 6.844785e-001 8.241751e-001 8.245760e-001 -1.727606e+000 1.881749e+000 1.495623e+002
1.140000e+000 8.052471e-001 6.521687e-001 8.038528e-001 8.043514e-001 -1.702827e+000 2.200884e+000 1.307171e+002
1.150000e+000 7.919658e-001 6.315240e-001 7.901653e-001 7.914203e-001 -1.687479e+000 2.329311e+000 1.200389e+002
1.160000e+000 7.734302e-001 6.033490e-001 7.711284e-001 7.724407e-001 -1.664619e+000 2.563756e+000 1.105626e+002
1.170000e+000 7.471297e-001 5.652859e-001 7.443154e-001 7.464012e-001 -1.633796e+000 3.107483e+000 9.398026e+001
1.180000e+000 7.174941e-001 5.228422e-001 7.137170e-001 7.166869e-001 -1.601457e+000 3.138793e+000 8.305407e+001
1.190000e+000 6.731254e-001 4.657885e-001 6.676611e-001 6.738571e-001 -1.558392e+000 3.991157e+000 6.505244e+001
1.200000e+000 6.207814e-001 4.084153e-001 6.121801e-001 6.239871e-001 -1.510284e+000 6.126332e+000 5.129066e+001
1.210000e+000 5.492371e-001 3.328111e-001 5.376240e-001 5.547521e-001 -1.447943e+000 7.874484e+000 4.038368e+001
1.220000e+000 4.288999e-001 2.293419e-001 4.117204e-001 4.431968e-001 -1.353117e+000 9.916250e+000 2.706693e+001
1.230000e+000 2.689399e-001 1.159213e-001 2.423456e-001 2.881115e-001 -1.216696e+000 1.047204e+001 1.792376e+001
1.240000e+000 2.044551e-001 7.535315e-002 1.746972e-001 2.271655e-001 -1.158092e+000 8.923471e+000 1.483751e+001
1.250000e+000 1.236500e-001 3.073793e-002 9.489421e-002 1.467431e-001 -1.075789e+000 5.562771e+000 1.071056e+001
1.260000e+000 8.075955e-002 1.428799e-002 4.927639e-002 1.012291e-001 -1.021362e+000 4.135766e+000 8.505049e+000
1.270000e+000 5.809041e-002 6.139126e-003 2.738935e-002 7.470249e-002 -9.811594e-001 2.076163e+000 7.060528e+000
1.280000e+000 5.712659e-002 6.657211e-003 2.684595e-002 7.087413e-002 -9.630171e-001 3.376424e+000 7.282336e+000
1.290000e+000 4.501167e-002 3.983210e-003 1.827118e-002 5.697176e-002 -9.266115e-001 2.845373e+000 6.539348e+000
1.300000e+000 3.778374e-002 2.566634e-003 1.015880e-002 4.698501e-002 -9.160307e-001 2.398222e+000 5.922625e+000
1.310000e+000 3.933267e-002 2.722790e-003 1.274144e-002 4.915747e-002 -9.205841e-001 1.790830e+000 6.136688e+000
1.320000e+000 3.260503e-002 1.970358e-003 6.564583e-003 4.026238e-002 -8.858941e-001 1.722609e+000 5.797403e+000
1.330000e+000 3.010519e-002 1.654237e-003 7.581597e-003 3.186834e-002 -8.774637e-001 1.614304e+000 5.599709e+000
1.340000e+000 3.137929e-002 1.734205e-003 9.515394e-003 3.615312e-002 -8.690509e-001 1.514665e+000 5.765997e+000
1.350000e+000 2.797325e-002 1.358720e-003 2.961690e-003 3.039913e-002 -8.615672e-001 1.641920e+000 5.394853e+000
1.360000e+000 2.371365e-002 9.762668e-004 4.035417e-003 2.231638e-002 -8.212965e-001 1.266555e+000 5.356571e+000
1.370000e+000 2.155164e-002 7.986390e-004 -2.390046e-003 2.282731e-002 -8.113866e-001 1.359407e+000 5.037400e+000
1.380000e+000 1.876270e-002 6.203501e-004 1.941551e-003 1.566308e-002 -7.947588e-001 1.335191e+000 4.616840e+000
1.390000e+000 1.773651e-002 5.367759e-004 6.643519e-005 1.377836e-002 -7.723786e-001 1.318812e+000 4.777036e+000
1.400000e+000 1.730988e-002 5.283639e-004 -4.184375e-003 1.405845e-002 -7.617441e-001 1.309688e+000 4.649566e+000
1.410000e+000 1.567271e-002 4.125096e-004 5.943287e-004 1.152419e-002 -7.542541e-001 1.220942e+000 4.482641e+000
1.420000e+000 1.530570e-002 3.877136e-004 -2.980671e-003 9.234606e-003 -7.458358e-001 1.074986e+000 4.443567e+000
1.430000e+000 1.657730e-002 4.984147e-004 1.179977e-003 1.276730e-002 -7.521850e-001 1.188677e+000 4.884354e+000
1.440000e+000 1.617864e-002 4.534946e-004 -2.900463e-003 1.496493e-002 -7.368100e-001 1.055258e+000 4.919526e+000
1.450000e+000 1.228043e-002 2.472467e-004 1.219213e-003 9.659086e-003 -6.807485e-001 1.167286e+000 4.260883e+000
1.460000e+000 1.254297e-002 2.508679e-004 1.769676e-003 4.822917e-003 -6.994980e-001 1.251454e+000 4.181524e+000
1.470000e+000 1.230548e-002 2.602940e-004 1.967593e-005 4.685012e-003 -6.929767e-001 1.057184e+000 4.506882e+000
1.480000e+000 1.259719e-002 2.696900e-004 -1.780324e-003 4.271759e-003 -6.798380e-001 7.958055e-001 4.731205e+000
1.490000e+000 1.292628e-002 2.771663e-004 -3.596875e-003 7.841667e-003 -6.890397e-001 9.942630e-001 4.500126e+000
1.500000e+000 1.145098e-002 2.129758e-004 4.674769e-003 3.390914e-003 -6.632075e-001 6.963059e-001 4.342036e+000
1.510000e+000 1.108831e-002 2.075508e-004 -5.279745e-003 8.730382e-003 -6.588811e-001 6.055763e-001 4.177516e+000
1.520000e+000 9.913082e-003 1.599976e-004 -3.866898e-003 7.222743e-003 -6.576179e-001 7.360100e-001 3.979054e+000
1.530000e+000 1.066367e-002 1.888405e-004 -1.135648e-003 1.480324e-004 -6.442365e-001 7.042117e-001 4.593198e+000
1.540000e+000 1.077404e-002 1.857773e-004 -4.643634e-003 7.014757e-003 -6.514881e-001 9.579230e-001 4.285258e+000
1.550000e+000 1.004320e-002 1.764138e-004 2.253125e-003 4.213542e-004 -6.324604e-001 6.912555e-001 4.447911e+000
1.560000e+000 1.006868e-002 1.641664e-004 -3.713657e-003 3.029861e-003 -6.251898e-001 7.483682e-001 4.377237e+000
1.570000e+000 9.969235e-003 1.620289e-004 -2.541667e-004 2.783623e-003 -6.241499e-001 8.570241e-001 4.327484e+000
1.580000e+000 9.317508e-003 1.414776e-004 -7.126157e-004 1.791551e-003 -6.192978e-001 6.699532e-001 4.190934e+000
1.590000e+000 7.773823e-003 9.349355e-005 9.260417e-004 3.693519e-003 -5.896065e-001 5.321297e-001 3.875042e+000
1.600000e+000 9.250391e-003 1.340099e-004 -2.886227e-003 5.115104e-003 -6.103120e-001 4.247566e-001 4.297153e+000
1.610000e+000 8.266540e-003 1.115420e-004 -1.379514e-003 2.496991e-003 -5.920719e-001 5.539736e-001 4.059349e+000
1.620000e+000 8.389105e-003 1.193798e-004 -1.544792e-003 2.429803e-003 -5.982435e-001 8.909083e-001 4.259372e+000
1.630000e+000 8.362204e-003 1.163301e-004 2.266319e-003 3.499826e-003 -5.921969e-001 6.604755e-001 3.950338e+000
1.640000e+000 8.831264e-003 1.303058e-004 1.925347e-003 9.943287e-004 -5.928271e-001 5.853265e-001 4.367727e+000
1.650000e+000 7.787632e-003 1.040539e-004 -3.077546e-004 -2.929398e-004 -5.695889e-001 5.397141e-001 4.214735e+000
1.660000e+000 7.779364e-003 9.733114e-005 -5.116088e-003 3.700810e-004 -5.654817e-001 5.443741e-001 4.234093e+000
1.670000e+000 8.529665e-003 1.167633e-004 1.183796e-003 2.333218e-003 -5.699081e-001 4.811295e-001 4.377410e+000
1.680000e+000 7.030550e-003 8.195166e-005 -2.394560e-003 2.638947e-003 -5.546067e-001 4.349244e-001 4.017678e+000
1.690000e+000 7.099152e-003 9.318080e-005 6.909722e-005 -3.428241e-004 -5.512192e-001 5.982202e-001 3.823804e+000
1.700000e+000 6.696717e-003 7.397878e-005 1.573148e-003 3.510127e-003 -5.314266e-001 5.889792e-001 4.080383e+000
1.710000e+000 6.995494e-003 7.843139e-005 -1.018519e-004 7.672454e-004 -5.212509e-001 4.476540e-001 4.014618e+000
1.720000e+000 6.868544e-003 8.364089e-005 -4.890278e-003 1.346007e-003 -5.309056e-001 4.973613e-001 3.891915e+000
1.730000e+000 6.649413e-003 7.172965e-005 -3.042824e-003 6.130498e-003 -5.372034e-001 4.264504e-001 3.941498e+000
1.740000e+000 6.712414e-003 6.893258e-005 6.079167e-003 5.385995e-003 -5.148653e-001 6.279113e-001 3.959535e+000
1.750000e+000 6.085512e-003 6.255658e-005 -4.945833e-003 3.552083e-003 -4.898918e-001 3.145406e-001 3.988009e+000
1.760000e+000 7.236317e-003 9.005106e-005 2.572569e-003 6.512731e-004 -5.141294e-001 4.437017e-001 4.357317e+000
1.770000e+000 6.344308e-003 6.225448e-005 -2.796528e-003 -3.486053e-003 -5.122402e-001 4.652165e-001 4.256892e+000
1.780000e+000 6.436104e-003 6.932311e-005 -2.992477e-003 4.703530e-003 -5.097922e-001 3.499733e-001 3.858601e+000
1.790000e+000 6.352781e-003 6.618152e-005 5.186458e-003 3.218461e-003 -5.003725e-001 3.896680e-001 4.203559e+000
1.800000e+000 6.214409e-003 6.636647e-005 3.920139e-003 1.809780e-003 -5.021552e-001 3.709210e-001 3.883346e+000
1.810000e+000 6.246973e-003 6.316743e-005 -1.691898e-003 1.585301e-003 -4.818259e-001 4.739431e-001 4.072890e+000
1.820000e+000 5.400824e-003 4.697834e-005 1.248264e-003 -1.527025e-003 -4.775669e-001 3.605859e-001 3.553769e+000
1.830000e+000 5.264203e-003 4.647512e-005 1.454051e-003 1.779977e-003 -4.729302e-001 3.691013e-001 3.889675e+000
1.840000e+000 5.799795e-003 5.498704e-005 1.701968e-003 -8.826968e-004 -4.788806e-001 2.982435e-001 4.074766e+000
1.850000e+000 5.204374e-003 4.249647e-005 -1.697801e-003 -2.642650e-003 -4.880167e-001 3.594073e-001 3.468555e+000
1.860000e+000 4.948552e-003 4.328345e-005 -1.600694e-004 1.334259e-003 -4.883170e-001 4.959939e-001 3.263009e+000
1.870000e+000 5.952144e-003 6.057130e-005 -8.218750e-004 -4.043229e-003 -4.733705e-001 2.440021e-001 4.037355e+000
1.880000e+000 5.474286e-003 4.972784e-005 -5.128241e-003 4.287674e-003 -4.709646e-001 3.173650e-001 3.953592e+000
1.890000e+000 4.741497e-003 3.534641e-005 -8.029861e-003 -2.809896e-003 -4.635157e-001 5.332319e-001 3.704351e+000
1.900000e+000 6.054493e-003 6.061673e-005 -1.945139e-003 -1.588542e-004 -4.623264e-001 3.022494e-001 4.213574e+000
1.910000e+000 5.107848e-003 4.491734e-005 4.541088e-003 9.744213e-004 -4.481329e-001 3.202348e-001 3.617349e+000
1.920000e+000 5.703077e-003 5.637726e-005 -1.913079e-003 3.472859e-003 -4.503029e-001 4.471166e-001 4.492650e+000
1.930000e+000 5.038042e-003 4.626581e-005 -2.306829e-003 -1.005150e-003 -4.435704e-001 2.293593e-001 3.994745e+000
1.940000e+000 4.860827e-003 3.998859e-005 3.405556e-003 -5.956424e-003 -4.438067e-001 2.298608e-001 3.625586e+000
1.950000e+000 5.479273e-003 4.897592e-005 1.051389e-003 2.789352e-005 -4.221552e-001 2.627687e-001 4.457464e+000
1.960000e+000 4.783896e-003 3.428028e-005 -1.230556e-003 -4.596991e-003 -4.490942e-001 3.225931e-001 3.729140e+000
1.970000e+000 5.418572e-003 5.008679e-005 3.838426e-003 1.689005e-003 -4.453056e-001 2.542335e-001 4.165371e+000
1.980000e+000 5.036159e-003 3.805592e-005 -4.453704e-003 8.656829e-004 -4.281072e-001 2.675172e-001 3.883822e+000
1.990000e+000 4.584356e-003 3.469735e-005 -1.085417e-003 -3.291725e-003 -4.326863e-001 2.515492e-001 3.834927e+000
2.000000e+000 5.228330e-003 4.444390e-005 3.211690e-003 -2.597049e-003 -4.201639e-001 1.671193e-001 4.360803e+000
