# Temperature Magnetization2 Magnetization4 Correlation2 Correlation4 Energy Energy2 HeatCapacity CorrelationLength
0.000000e+000 1.000000e+000 1.000000e+000 1.000000e+000 1.000000e+000 -2.000000e+000 -1.#IND00e+000 5.185436e+016
1.000000e-002 1.000000e+000 1.000000e+000 1.000000e+000 1.000000e+000 -2.000000e+000 0.000000e+000 5.185436e+016
2.000000e-002 1.000000e+000 1.000000e+000 1.000000e+000 1.000000e+000 -2.000000e+000 0.000000e+000 5.185436e+016
3.000000e-002 1.000000e+000 1.000000e+000 1.000000e+000 1.000000e+000 -2.000000e+000 0.000000e+000 5.185436e+016
4.000000e-002 1.000000e+000 1.000000e+000 1.000000e+000 1.000000e+000 -2.000000e+000 0.000000e+000 5.185436e+016
5.000000e-002 1.000000e+000 1.000000e+000 1.000000e+000 1.000000e+000 -2.000000e+000 0.000000e+000 5.185436e+016
6.000000e-002 1.000000e+000 1.000000e+000 1.000000e+000 1.000000e+000 -2.000000e+000 0.000000e+000 5.185436e+016
7.000000e-002 1.000000e+000 1.000000e+000 1.000000e+000 1.000000e+000 -2.000000e+000 0.000000e+000 5.185436e+016
8.000000e-002 1.000000e+000 1.000000e+000 1.000000e+000 1.000000e+000 -2.000000e+000 0.000000e+000 5.185436e+016
9.000000e-002 1.000000e+000 1.000000e+000 1.000000e+000 1.000000e+000 -2.000000e+000 0.000000e+000 5.185436e+016
1.000000e-001 1.000000e+000 1.000000e+000 1.000000e+000 1.000000e+000 -2.000000e+000 0.000000e+000 5.185436e+016
1.100000e-001 1.000000e+000 1.000000e+000 1.000000e+000 1.000000e+000 -2.000000e+000 0.000000e+000 5.185436e+016
1.200000e-001 1.000000e+000 1.000000e+000 1.000000e+000 1.000000e+000 -2.000000e+000 0.000000e+000 5.185436e+016
1.300000e-001 1.000000e+000 1.000000e+000 1.000000e+000 1.000000e+000 -2.000000e+000 0.000000e+000 5.185436e+016
1.400000e-001 1.000000e+000 1.000000e+000 1.000000e+000 1.000000e+000 -2.000000e+000 0.000000e+000 5.185436e+016
1.500000e-001 1.000000e+000 1.000000e+000 1.000000e+000 1.000000e+000 -2.000000e+000 0.000000e+000 5.185436e+016
1.600000e-001 1.000000e+000 1.000000e+000 1.000000e+000 1.000000e+000 -2.000000e+000 0.000000e+000 5.185436e+016
1.700000e-001 1.000000e+000 1.000000e+000 1.000000e+000 1.000000e+000 -2.000000e+000 0.000000e+000 5.185436e+016
1.800000e-001 1.000000e+000 1.000000e+000 1.000000e+000 1.000000e+000 -2.000000e+000 0.000000e+000 5.185436e+016
1.900000e-001 1.000000e+000 1.000000e+000 1.000000e+000 1.000000e+000 -2.000000e+000 0.000000e+000 5.185436e+016
2.000000e-001 1.000000e+000 1.000000e+000 1.000000e+000 1.000000e+000 -2.000000e+000 0.000000e+000 5.185436e+016
2.100000e-001 1.000000e+000 1.000000e+000 1.000000e+000 1.000000e+000 -2.000000e+000 0.000000e+000 5.185436e+016
2.200000e-001 1.000000e+000 1.000000e+000 1.000000e+000 1.000000e+000 -2.000000e+000 0.000000e+000 5.185436e+016
2.300000e-001 1.000000e+000 1.000000e+000 1.000000e+000 1.000000e+000 -2.000000e+000 0.000000e+000 5.185436e+016
2.400000e-001 1.000000e+000 1.000000e+000 1.000000e+000 1.000000e+000 -2.000000e+000 0.000000e+000 5.185436e+016
2.500000e-001 1.000000e+000 1.000000e+000 1.000000e+000 1.000000e+000 -2.000000e+000 0.000000e+000 5.185436e+016
2.600000e-001 1.000000e+000 1.000000e+000 1.000000e+000 1.000000e+000 -2.000000e+000 0.000000e+000 5.185436e+016
2.700000e-001 1.000000e+000 1.000000e+000 1.000000e+000 1.000000e+000 -2.000000e+000 0.000000e+000 5.185436e+016
2.800000e-001 1.000000e+000 1.000000e+000 1.000000e+000 1.000000e+000 -2.000000e+000 0.000000e+000 5.185436e+016
2.900000e-001 1.000000e+000 1.000000e+000 1.000000e+000 1.000000e+000 -2.000000e+000 0.000000e+000 5.185436e+016
3.000000e-001 1.000000e+000 1.000000e+000 1.000000e+000 1.000000e+000 -2.000000e+000 0.000000e+000 5.185436e+016
3.100000e-001 1.000000e+000 1.000000e+000 1.000000e+000 1.000000e+000 -2.000000e+000 0.000000e+000 5.185436e+016
3.200000e-001 1.000000e+000 1.000000e+000 1.000000e+000 1.000000e+000 -2.000000e+000 0.000000e+000 5.185436e+016
3.300000e-001 9.999988e-001 9.999977e-001 9.999988e-001 9.999988e-001 -1.999998e+000 1.133388e-004 1.208524e+005
3.400000e-001 1.000000e+000 1.000000e+000 1.000000e+000 1.000000e+000 -2.000000e+000 0.000000e+000 5.185436e+016
3.500000e-001 1.000000e+000 1.000000e+000 1.000000e+000 1.000000e+000 -2.000000e+000 0.000000e+000 5.185436e+016
3.600000e-001 9.999979e-001 9.999959e-001 9.999979e-001 9.999979e-001 -1.999996e+000 1.713906e-004 9.007800e+004
3.700000e-001 9.999982e-001 9.999963e-001 9.999981e-001 9.999981e-001 -1.999996e+000 1.442307e-004 9.554216e+004
3.800000e-001 9.999970e-001 9.999940e-001 9.999970e-001 9.999970e-001 -1.999994e+000 2.221461e-004 7.494939e+004
3.900000e-001 9.999854e-001 9.999710e-001 9.999854e-001 9.999854e-001 -1.999971e+000 1.019497e-003 3.404607e+004
4.000000e-001 9.999820e-001 9.999640e-001 9.999819e-001 9.999819e-001 -1.999964e+000 1.199009e-003 3.059773e+004
4.100000e-001 9.999702e-001 9.999405e-001 9.999701e-001 9.999701e-001 -1.999940e+000 1.882594e-003 2.379245e+004
4.200000e-001 9.999545e-001 9.999092e-001 9.999544e-001 9.999544e-001 -1.999909e+000 3.178236e-003 1.949481e+004
4.300000e-001 9.999619e-001 9.999239e-001 9.999618e-001 9.999618e-001 -1.999924e+000 2.185215e-003 2.103731e+004
4.400000e-001 9.999358e-001 9.998718e-001 9.999356e-001 9.999356e-001 -1.999871e+000 3.496273e-003 1.620705e+004
4.500000e-001 9.999665e-001 9.999331e-001 9.999664e-001 9.999664e-001 -1.999933e+000 1.755205e-003 2.244136e+004
4.600000e-001 9.999471e-001 9.998944e-001 9.999470e-001 9.999470e-001 -1.999894e+000 2.641578e-003 1.785711e+004
4.700000e-001 9.999411e-001 9.998824e-001 9.999410e-001 9.999410e-001 -1.999882e+000 2.813951e-003 1.692223e+004
4.800000e-001 9.998872e-001 9.997750e-001 9.998870e-001 9.998870e-001 -1.999776e+000 5.131554e-003 1.199305e+004
4.900000e-001 9.998542e-001 9.997091e-001 9.998539e-001 9.998539e-001 -1.999709e+000 6.386867e-003 1.064026e+004
5.000000e-001 9.998463e-001 9.996935e-001 9.998461e-001 9.998461e-001 -1.999692e+000 6.865896e-003 1.041741e+004
5.100000e-001 9.997927e-001 9.995865e-001 9.997924e-001 9.997924e-001 -1.999586e+000 8.413131e-003 8.962941e+003
5.200000e-001 9.997038e-001 9.994091e-001 9.997032e-001 9.997032e-001 -1.999414e+000 1.142759e-002 7.365911e+003
5.300000e-001 9.996456e-001 9.992929e-001 9.996449e-001 9.996449e-001 -1.999290e+000 1.379250e-002 6.889278e+003
5.400000e-001 9.995599e-001 9.991222e-001 9.995590e-001 9.995593e-001 -1.999124e+000 1.708434e-002 6.153727e+003
5.500000e-001 9.994866e-001 9.989759e-001 9.994856e-001 9.994856e-001 -1.998983e+000 1.751865e-002 5.538591e+003
5.600000e-001 9.993705e-001 9.987446e-001 9.993692e-001 9.993692e-001 -1.998766e+000 2.193065e-002 4.931715e+003
5.700000e-001 9.992940e-001 9.985917e-001 9.992926e-001 9.992926e-001 -1.998594e+000 2.290510e-002 4.825176e+003
5.800000e-001 9.991020e-001 9.982097e-001 9.991008e-001 9.991001e-001 -1.998241e+000 3.110940e-002 4.125087e+003
5.900000e-001 9.990100e-001 9.980259e-001 9.990093e-001 9.990079e-001 -1.998047e+000 3.062038e-002 4.035314e+003
6.000000e-001 9.986939e-001 9.973961e-001 9.986931e-001 9.986911e-001 -1.997410e+000 4.100620e-002 3.499724e+003
6.100000e-001 9.986821e-001 9.973726e-001 9.986801e-001 9.986796e-001 -1.997387e+000 3.998844e-002 3.514716e+003
6.200000e-001 9.984027e-001 9.968161e-001 9.983994e-001 9.983992e-001 -1.996851e+000 4.609452e-002 3.130959e+003
6.300000e-001 9.981281e-001 9.962684e-001 9.981238e-001 9.981253e-001 -1.996312e+000 4.819601e-002 2.924084e+003
6.400000e-001 9.979372e-001 9.958893e-001 9.979322e-001 9.979342e-001 -1.995961e+000 5.459612e-002 2.710667e+003
6.500000e-001 9.975716e-001 9.951615e-001 9.975693e-001 9.975667e-001 -1.995243e+000 6.266408e-002 2.490960e+003
6.600000e-001 9.972538e-001 9.945290e-001 9.972490e-001 9.972474e-001 -1.994602e+000 6.875497e-002 2.386932e+003
6.700000e-001 9.969762e-001 9.939771e-001 9.969699e-001 9.969716e-001 -1.994049e+000 7.531762e-002 2.272374e+003
6.800000e-001 9.965735e-001 9.931773e-001 9.965722e-001 9.965655e-001 -1.993285e+000 8.510268e-002 2.103927e+003
6.900000e-001 9.961263e-001 9.922869e-001 9.961168e-001 9.961178e-001 -1.992419e+000 8.619824e-002 1.989973e+003
7.000000e-001 9.955545e-001 9.911521e-001 9.955463e-001 9.955530e-001 -1.991300e+000 1.015239e-001 1.864517e+003
7.100000e-001 9.949743e-001 9.900009e-001 9.949637e-001 9.949630e-001 -1.990252e+000 1.099301e-001 1.703847e+003
7.200000e-001 9.946161e-001 9.892894e-001 9.946067e-001 9.946069e-001 -1.989498e+000 1.136327e-001 1.684944e+003
7.300000e-001 9.936849e-001 9.874443e-001 9.936664e-001 9.936711e-001 -1.987789e+000 1.323999e-001 1.542878e+003
7.400000e-001 9.932800e-001 9.866416e-001 9.932652e-001 9.932675e-001 -1.986989e+000 1.367915e-001 1.480402e+003
7.500000e-001 9.924370e-001 9.849723e-001 9.924372e-001 9.924211e-001 -1.985403e+000 1.460716e-001 1.382422e+003
7.600000e-001 9.913883e-001 9.828994e-001 9.913691e-001 9.913726e-001 -1.983407e+000 1.698778e-001 1.285877e+003
7.700000e-001 9.906661e-001 9.814697e-001 9.906488e-001 9.906435e-001 -1.982062e+000 1.690434e-001 1.219536e+003
7.800000e-001 9.897021e-001 9.795694e-001 9.897024e-001 9.896814e-001 -1.980252e+000 1.914794e-001 1.147649e+003
7.900000e-001 9.885044e-001 9.772030e-001 9.884738e-001 9.884776e-001 -1.978086e+000 1.916968e-001 1.086380e+003
8.000000e-001 9.875221e-001 9.752660e-001 9.875106e-001 9.874934e-001 -1.976113e+000 2.016302e-001 1.050672e+003
8.100000e-001 9.863090e-001 9.728870e-001 9.862853e-001 9.862594e-001 -1.974008e+000 2.386158e-001 9.837503e+002
8.200000e-001 9.850514e-001 9.704092e-001 9.850207e-001 9.850191e-001 -1.971509e+000 2.368458e-001 9.483883e+002
8.300000e-001 9.837902e-001 9.679461e-001 9.837514e-001 9.837477e-001 -1.969436e+000 2.777997e-001 8.886425e+002
8.400000e-001 9.818723e-001 9.641814e-001 9.818257e-001 9.818327e-001 -1.965634e+000 2.929628e-001 8.541305e+002
8.500000e-001 9.810759e-001 9.626270e-001 9.810178e-001 9.810366e-001 -1.964471e+000 2.945288e-001 8.119066e+002
8.600000e-001 9.784731e-001 9.575437e-001 9.784071e-001 9.784345e-001 -1.959725e+000 3.247594e-001 7.512888e+002
8.700000e-001 9.770004e-001 9.546809e-001 9.769421e-001 9.769769e-001 -1.956911e+000 3.548412e-001 7.188768e+002
8.800000e-001 9.750546e-001 9.508910e-001 9.750109e-001 9.750266e-001 -1.953361e+000 3.597927e-001 7.069917e+002
8.900000e-001 9.726261e-001 9.461796e-001 9.725782e-001 9.725679e-001 -1.949154e+000 3.880886e-001 6.585407e+002
9.000000e-001 9.701574e-001 9.414065e-001 9.700469e-001 9.700847e-001 -1.944876e+000 4.223720e-001 6.204977e+002
9.100000e-001 9.673726e-001 9.360303e-001 9.673015e-001 9.672898e-001 -1.939998e+000 4.496508e-001 5.833554e+002
9.200000e-001 9.647795e-001 9.310255e-001 9.646578e-001 9.646937e-001 -1.935447e+000 4.462869e-001 5.589569e+002
9.300000e-001 9.621123e-001 9.259052e-001 9.619949e-001 9.620153e-001 -1.930431e+000 4.753183e-001 5.382289e+002
9.400000e-001 9.592074e-001 9.203738e-001 9.591076e-001 9.591172e-001 -1.925674e+000 5.360475e-001 5.086492e+002
9.500000e-001 9.560166e-001 9.142855e-001 9.558425e-001 9.559309e-001 -1.920355e+000 5.478824e-001 4.789826e+002
9.600000e-001 9.530802e-001 9.087295e-001 9.529742e-001 9.529355e-001 -1.915208e+000 6.154036e-001 4.636221e+002
9.700000e-001 9.484164e-001 8.998936e-001 9.482986e-001 9.482280e-001 -1.907760e+000 6.299100e-001 4.306847e+002
9.800000e-001 9.453478e-001 8.941257e-001 9.452171e-001 9.452141e-001 -1.902328e+000 6.703658e-001 4.201411e+002
9.900000e-001 9.409163e-001 8.858131e-001 9.407655e-001 9.407152e-001 -1.895138e+000 7.298485e-001 3.945167e+002
1.000000e+000 9.367807e-001 8.780673e-001 9.366500e-001 9.365486e-001 -1.888572e+000 7.166869e-001 3.717216e+002
1.010000e+000 9.312082e-001 8.677546e-001 9.310025e-001 9.309608e-001 -1.879812e+000 8.123027e-001 3.526450e+002
1.020000e+000 9.252396e-001 8.567634e-001 9.249477e-001 9.249131e-001 -1.870668e+000 8.609217e-001 3.236875e+002
1.030000e+000 9.208407e-001 8.487326e-001 9.205272e-001 9.206142e-001 -1.863177e+000 9.491464e-001 3.140144e+002
1.040000e+000 9.122330e-001 8.330302e-001 9.118505e-001 9.119358e-001 -1.849594e+000 9.975607e-001 2.860938e+002
1.050000e+000 9.064758e-001 8.226711e-001 9.060301e-001 9.060352e-001 -1.840947e+000 1.054366e+000 2.760657e+002
1.060000e+000 8.995465e-001 8.102494e-001 8.991171e-001 8.991482e-001 -1.830234e+000 1.138910e+000 2.615434e+002
1.070000e+000 8.918506e-001 7.965831e-001 8.914140e-001 8.913387e-001 -1.818924e+000 1.187034e+000 2.409015e+002
1.080000e+000 8.846184e-001 7.839060e-001 8.839751e-001 8.842274e-001 -1.808292e+000 1.250102e+000 2.241466e+002
1.090000e+000 8.730458e-001 7.637367e-001 8.722089e-001 8.725129e-001 -1.791056e+000 1.324159e+000 2.090941e+002
1.100000e+000 8.649134e-001 7.499141e-001 8.642878e-001 8.644308e-001 -1.780226e+000 1.508169e+000 1.949696e+002
1.110000e+000 8.536722e-001 7.307547e-001 8.530311e-001 8.531296e-001 -1.764893e+000 1.593940e+000 1.817091e+002
1.120000e+000 8.393148e-001 7.069378e-001 8.384171e-001 8.385623e-001 -1.744596e+000 1.801644e+000 1.676200e+002
1.130000e+000 8.242397e-001 6.822493e-001 8.230546e-001 8.234103e-001 -1.726277e+000 1.823750e+000 1.479861e+002
1.140000e+000 8.101579e-001 6.597242e-001 8.087869e-001 8.091361e-001 -1.707973e+000 2.118305e+000 1.375572e+002
1.150000e+000 7.951806e-001 6.364052e-001 7.935500e-001 7.941214e-001 -1.688837e+000 2.317005e+000 1.250836e+002
1.160000e+000 7.678532e-001 5.955292e-001 7.652897e-001 7.669609e-001 -1.658811e+000 2.922627e+000 1.064850e+002
1.170000e+000 7.404068e-001 5.557116e-001 7.376604e-001 7.393859e-001 -1.628265e+000 3.033688e+000 9.062645e+001
1.180000e+000 7.120857e-001 5.164845e-001 7.083875e-001 7.111556e-001 -1.595381e+000 3.615699e+000 8.016465e+001
1.190000e+000 6.666037e-001 4.593725e-001 6.603602e-001 6.676490e-001 -1.552779e+000 4.524640e+000 6.300373e+001
1.200000e+000 6.133550e-001 4.005019e-001 6.057859e-001 6.158840e-001 -1.504300e+000 6.647065e+000 5.095379e+001
1.210000e+000 5.503461e-001 3.389675e-001 5.381572e-001 5.574012e-001 -1.453657e+000 8.058905e+000 3.903289e+001
1.220000e+000 3.707650e-001 1.855282e-001 3.514324e-001 3.868066e-001 -1.303391e+000 1.125779e+001 2.353005e+001
1.230000e+000 3.036615e-001 1.321305e-001 2.799821e-001 3.248640e-001 -1.248401e+000 8.969608e+000 1.945954e+001
1.240000e+000 1.972525e-001 6.793362e-002 1.680068e-001 2.233719e-001 -1.166343e+000 6.998841e+000 1.386090e+001
1.250000e+000 1.294242e-001 3.479339e-002 9.644977e-002 1.523311e-001 -1.086440e+000 5.160249e+000 1.104373e+001
1.260000e+000 8.285175e-002 1.365642e-002 4.871181e-002 1.048946e-001 -1.020816e+000 3.351257e+000 8.623570e+000
1.270000e+000 6.335889e-002 7.949303e-003 3.281944e-002 7.901539e-002 -9.920134e-001 3.031177e+000 7.496882e+000
1.280000e+000 6.148681e-002 7.220767e-003 2.946979e-002 7.597025e-002 -9.900030e-001 2.729433e+000 7.444921e+000
1.290000e+000 5.427892e-002 6.320012e-003 2.384259e-002 6.783339e-002 -9.545541e-001 3.136661e+000 7.179243e+000
1.300000e+000 3.841560e-002 2.677131e-003 1.362720e-002 4.760775e-002 -9.130228e-001 1.650445e+000 6.074185e+000
1.310000e+000 3.585301e-002 2.286081e-003 1.076898e-002 4.511458e-002 -9.070987e-001 1.931110e+000 5.865131e+000
1.320000e+000 3.218170e-002 1.836147e-003 1.144213e-002 3.896950e-002 -8.858538e-001 1.545176e+000 5.640283e+000
1.330000e+000 2.660736e-002 1.217576e-003 3.604861e-003 2.843235e-002 -8.511267e-001 1.713488e+000 5.307525e+000
1.340000e+000 2.551787e-002 1.107292e-003 1.428125e-003 2.609172e-002 -8.568784e-001 1.155908e+000 5.196602e+000
1.350000e+000 2.516550e-002 1.133043e-003 7.115046e-003 2.832749e-002 -8.472133e-001 1.698368e+000 5.143293e+000
1.360000e+000 2.118282e-002 7.895391e-004 2.652431e-003 1.870532e-002 -7.958405e-001 1.435275e+000 5.024718e+000
1.370000e+000 2.217006e-002 1.024078e-003 -7.630787e-004 2.359902e-002 -8.104287e-001 1.376027e+000 5.080157e+000
1.380000e+000 1.925373e-002 6.399261e-004 3.749190e-003 1.851325e-002 -7.954475e-001 1.430378e+000 4.652604e+000
1.390000e+000 1.863228e-002 6.142414e-004 2.929398e-004 1.601024e-002 -7.908089e-001 1.319222e+000 4.666550e+000
1.400000e+000 1.658407e-002 5.387483e-004 1.925231e-003 1.285127e-002 -7.581492e-001 1.177422e+000 4.634180e+000
1.410000e+000 1.626516e-002 4.971166e-004 3.787384e-003 1.205990e-002 -7.529969e-001 1.073901e+000 4.603055e+000
1.420000e+000 1.406255e-002 3.235418e-004 -2.112616e-003 9.944676e-003 -7.413181e-001 7.109869e-001 4.499363e+000
1.430000e+000 1.599422e-002 4.416625e-004 2.619213e-004 1.236487e-002 -7.471459e-001 1.236681e+000 4.638801e+000
1.440000e+000 1.425906e-002 3.564399e-004 2.305903e-003 8.576389e-003 -7.316166e-001 8.061165e-001 4.396044e+000
1.450000e+000 1.500289e-002 3.942823e-004 2.493981e-003 8.312731e-003 -7.245449e-001 9.591484e-001 4.816835e+000
1.460000e+000 1.353965e-002 3.042877e-004 -1.334491e-003 8.858218e-003 -7.150850e-001 1.120636e+000 4.407601e+000
1.470000e+000 1.404009e-002 3.302455e-004 3.546296e-003 8.401620e-003 -6.886778e-001 7.829393e-001 4.827265e+000
1.480000e+000 1.316347e-002 3.104403e-004 1.001551e-002 6.626736e-003 -6.829701e-001 8.327523e-001 4.588737e+000
1.490000e+000 1.202595e-002 2.424887e-004 -1.076852e-003 2.532581e-003 -6.952179e-001 7.671836e-001 4.237019e+000
1.500000e+000 1.057177e-002 1.804201e-004 3.008102e-004 4.530556e-003 -6.671110e-001 9.435580e-001 4.100340e+000
1.510000e+000 1.010727e-002 1.702922e-004 2.462963e-004 2.983565e-003 -6.628935e-001 6.969294e-001 4.015257e+000
1.520000e+000 1.029329e-002 1.806403e-004 -3.753588e-003 1.935012e-003 -6.408736e-001 9.821821e-001 4.535554e+000
1.530000e+000 9.834677e-003 1.641797e-004 -6.568981e-003 2.428472e-003 -6.301925e-001 5.759338e-001 4.297359e+000
1.540000e+000 1.066671e-002 1.875413e-004 3.584491e-003 5.563947e-003 -6.370259e-001 6.769819e-001 4.430373e+000
1.550000e+000 9.845990e-003 1.617164e-004 2.454051e-003 3.647512e-003 -6.417856e-001 9.019929e-001 3.993373e+000
1.560000e+000 9.901057e-003 1.670114e-004 4.638889e-004 4.833391e-003 -6.187594e-001 5.936190e-001 4.143485e+000
1.570000e+000 1.014903e-002 1.645937e-004 6.675926e-004 6.259317e-003 -6.162447e-001 6.050118e-001 4.549527e+000
1.580000e+000 8.193162e-003 1.109286e-004 -2.690856e-003 3.064062e-003 -6.037007e-001 6.291672e-001 3.962619e+000
1.590000e+000 8.306046e-003 1.217141e-004 -4.845139e-003 9.170718e-004 -5.903543e-001 5.698526e-001 3.923506e+000
1.600000e+000 7.695587e-003 1.009265e-004 9.800926e-004 -5.279514e-004 -5.758481e-001 5.589374e-001 3.893982e+000
1.610000e+000 8.273895e-003 1.188452e-004 -6.515046e-004 -1.300694e-003 -6.076120e-001 4.322551e-001 3.908958e+000
1.620000e+000 8.083165e-003 1.094258e-004 -3.901157e-003 -6.929977e-004 -5.744133e-001 5.532478e-001 4.271121e+000
1.630000e+000 8.125809e-003 1.090397e-004 -2.989236e-003 2.131134e-003 -5.595740e-001 6.838797e-001 4.213011e+000
1.640000e+000 8.769827e-003 1.300952e-004 1.937616e-003 2.874132e-003 -5.833218e-001 6.663246e-001 4.364539e+000
1.650000e+000 7.554237e-003 1.047147e-004 -1.178472e-003 3.575000e-003 -5.678042e-001 4.292174e-001 4.233714e+000
1.660000e+000 7.793996e-003 1.002394e-004 2.052778e-003 3.479109e-003 -5.805354e-001 7.265871e-001 4.191432e+000
1.670000e+000 6.855268e-003 7.740881e-005 4.166667e-006 3.637211e-003 -5.448424e-001 5.884506e-001 3.871125e+000
1.680000e+000 7.351325e-003 9.643467e-005 3.204398e-003 -1.240046e-003 -5.598645e-001 5.014704e-001 4.120244e+000
1.690000e+000 7.412053e-003 9.084620e-005 -4.607176e-003 2.629919e-003 -5.344012e-001 5.944006e-001 4.417058e+000
1.700000e+000 6.911778e-003 8.615793e-005 3.872222e-003 2.143634e-003 -5.306785e-001 4.094196e-001 4.042378e+000
1.710000e+000 6.614895e-003 7.117809e-005 -5.112153e-003 3.589641e-003 -5.417586e-001 4.262266e-001 3.846085e+000
1.720000e+000 6.369377e-003 7.227074e-005 5.247338e-003 -9.111111e-004 -5.178399e-001 3.812719e-001 3.903793e+000
1.730000e+000 6.061912e-003 5.940587e-005 -8.050347e-003 -1.153183e-003 -5.222062e-001 3.220096e-001 3.566273e+000
1.740000e+000 6.419388e-003 7.189235e-005 2.376620e-003 2.357465e-003 -5.317212e-001 5.462857e-001 3.580279e+000
1.750000e+000 6.953431e-003 8.407027e-005 1.266319e-003 2.163947e-003 -5.039141e-001 4.889203e-001 4.259732e+000
1.760000e+000 6.258088e-003 6.413070e-005 -6.247685e-004 -1.132060e-003 -5.052787e-001 4.618465e-001 3.853132e+000
1.770000e+000 5.842800e-003 5.484849e-005 -8.113426e-004 -2.759606e-003 -5.060784e-001 3.211222e-001 3.485840e+000
1.780000e+000 7.764552e-003 1.030667e-004 2.988773e-003 4.598958e-003 -5.210634e-001 4.470173e-001 4.393306e+000
1.790000e+000 5.582600e-003 5.567989e-005 -1.643519e-004 7.805556e-004 -4.913610e-001 2.866082e-001 3.901623e+000
1.800000e+000 6.044537e-003 5.948797e-005 -2.883102e-003 2.023495e-003 -4.800997e-001 3.691932e-001 4.005599e+000
1.810000e+000 6.208053e-003 6.261884e-005 -3.503356e-003 -5.530671e-004 -4.826182e-001 2.705531e-001 4.307540e+000
1.820000e+000 5.444230e-003 5.282639e-005 -1.747106e-003 -2.457755e-003 -4.916912e-001 4.948373e-001 3.765870e+000
1.830000e+000 5.212062e-003 4.408838e-005 -2.342477e-003 1.647512e-003 -4.884315e-001 3.988498e-001 3.463564e+000
1.840000e+000 5.386672e-003 4.903052e-005 2.785185e-003 -1.307407e-003 -4.907582e-001 3.156072e-001 3.664481e+000
1.850000e+000 6.375645e-003 6.418637e-005 -3.368171e-003 4.137905e-003 -4.724728e-001 3.606353e-001 4.374365e+000
1.860000e+000 5.925313e-003 5.715826e-005 6.040625e-003 -1.005787e-004 -4.735036e-001 2.486402e-001 4.296762e+000
1.870000e+000 5.663408e-003 5.374673e-005 -4.710648e-005 2.363484e-003 -4.634190e-001 4.446660e-001 4.182728e+000
1.880000e+000 5.383064e-003 4.459633e-005 -5.740741e-005 -8.532407e-004 -4.694274e-001 3.299051e-001 3.953633e+000
1.890000e+000 5.804378e-003 5.533742e-005 -2.754514e-003 1.767882e-003 -4.452089e-001 4.943925e-001 4.393594e+000
1.900000e+000 5.399809e-003 4.669400e-005 -2.744560e-003 -3.866956e-003 -4.516581e-001 4.712829e-001 4.010879e+000
1.910000e+000 6.047761e-003 5.476803e-005 3.562269e-003 3.694850e-003 -4.431044e-001 3.951836e-001 4.771224e+000
1.920000e+000 5.334033e-003 4.365199e-005 3.685880e-003 -2.380613e-003 -4.538188e-001 2.553884e-001 3.999413e+000
1.930000e+000 5.577473e-003 5.225923e-005 3.336458e-003 7.802083e-004 -4.647811e-001 2.960714e-001 4.093898e+000
1.940000e+000 4.911383e-003 3.886206e-005 -1.141319e-003 2.542650e-003 -4.433400e-001 2.650963e-001 3.699734e+000
1.950000e+000 4.454876e-003 3.531613e-005 -4.576968e-003 2.486690e-003 -4.405593e-001 2.718526e-001 3.185635e+000
1.960000e+000 4.680574e-003 3.595569e-005 3.770949e-003 -9.079282e-004 -4.391178e-001 2.991841e-001 3.444550e+000
1.970000e+000 4.431958e-003 3.127133e-005 5.988426e-004 -3.582176e-005 -4.368782e-001 2.961727e-001 3.404185e+000
1.980000e+000 4.653131e-003 3.627453e-005 -4.233796e-004 1.662442e-003 -4.185025e-001 3.032902e-001 3.831537e+000
1.990000e+000 4.440519e-003 3.148822e-005 4.365741e-004 2.254167e-003 -4.148984e-001 2.415813e-001 3.619298e+000
2.000000e+000 5.420811e-003 4.749576e-005 2.819560e-003 4.060995e-003 -4.472169e-001 3.731305e-001 4.056678e+000
