# Temperature Magnetization2 Magnetization4 Correlation2 Correlation4 Energy Energy2 HeatCapacity CorrelationLength
0.000000e+000 1.000000e+000 1.000000e+000 1.000000e+000 1.000000e+000 -2.000000e+000 -1.#IND00e+000 5.185436e+016
1.000000e-002 1.000000e+000 1.000000e+000 1.000000e+000 1.000000e+000 -2.000000e+000 0.000000e+000 5.185436e+016
2.000000e-002 1.000000e+000 1.000000e+000 1.000000e+000 1.000000e+000 -2.000000e+000 0.000000e+000 5.185436e+016
3.000000e-002 1.000000e+000 1.000000e+000 1.000000e+000 1.000000e+000 -2.000000e+000 0.000000e+000 5.185436e+016
4.000000e-002 1.000000e+000 1.000000e+000 1.000000e+000 1.000000e+000 -2.000000e+000 0.000000e+000 5.185436e+016
5.000000e-002 1.000000e+000 1.000000e+000 1.000000e+000 1.000000e+000 -2.000000e+000 0.000000e+000 5.185436e+016
6.000000e-002 1.000000e+000 1.000000e+000 1.000000e+000 1.000000e+000 -2.000000e+000 0.000000e+000 5.185436e+016
7.000000e-002 1.000000e+000 1.000000e+000 1.000000e+000 1.000000e+000 -2.000000e+000 0.000000e+000 5.185436e+016
8.000000e-002 1.000000e+000 1.000000e+000 1.000000e+000 1.000000e+000 -2.000000e+000 0.000000e+000 5.185436e+016
9.000000e-002 1.000000e+000 1.000000e+000 1.000000e+000 1.000000e+000 -2.000000e+000 0.000000e+000 5.185436e+016
1.000000e-001 1.000000e+000 1.000000e+000 1.000000e+000 1.000000e+000 -2.000000e+000 0.000000e+000 5.185436e+016
1.100000e-001 1.000000e+000 1.000000e+000 1.000000e+000 1.000000e+000 -2.000000e+000 0.000000e+000 5.185436e+016
1.200000e-001 1.000000e+000 1.000000e+000 1.000000e+000 1.000000e+000 -2.000000e+000 0.000000e+000 5.185436e+016
1.300000e-001 1.000000e+000 1.000000e+000 1.000000e+000 1.000000e+000 -2.000000e+000 0.000000e+000 5.185436e+016
1.400000e-001 1.000000e+000 1.000000e+000 1.000000e+000 1.000000e+000 -2.000000e+000 0.000000e+000 5.185436e+016
1.500000e-001 1.000000e+000 1.000000e+000 1.000000e+000 1.000000e+000 -2.000000e+000 0.000000e+000 5.185436e+016
1.600000e-001 1.000000e+000 1.000000e+000 1.000000e+000 1.000000e+000 -2.000000e+000 0.000000e+000 5.185436e+016
1.700000e-001 1.000000e+000 1.000000e+000 1.000000e+000 1.000000e+000 -2.000000e+000 0.000000e+000 5.185436e+016
1.800000e-001 1.000000e+000 1.000000e+000 1.000000e+000 1.000000e+000 -2.000000e+000 0.000000e+000 5.185436e+016
1.900000e-001 1.000000e+000 1.000000e+000 1.000000e+000 1.000000e+000 -2.000000e+000 0.000000e+000 5.185436e+016
2.000000e-001 1.000000e+000 1.000000e+000 1.000000e+000 1.000000e+000 -2.000000e+000 0.000000e+000 5.185436e+016
2.100000e-001 1.000000e+000 1.000000e+000 1.000000e+000 1.000000e+000 -2.000000e+000 0.000000e+000 5.185436e+016
2.200000e-001 1.000000e+000 1.000000e+000 1.000000e+000 1.000000e+000 -2.000000e+000 0.000000e+000 5.185436e+016
2.300000e-001 1.000000e+000 1.000000e+000 1.000000e+000 1.000000e+000 -2.000000e+000 0.000000e+000 5.185436e+016
2.400000e-001 9.999998e-001 9.999995e-001 9.999998e-001 9.999998e-001 -2.000000e+000 4.286481e-005 2.702343e+005
2.500000e-001 1.000000e+000 1.000000e+000 1.000000e+000 1.000000e+000 -2.000000e+000 0.000000e+000 5.185436e+016
2.600000e-001 1.000000e+000 1.000000e+000 1.000000e+000 1.000000e+000 -2.000000e+000 0.000000e+000 5.185436e+016
2.700000e-001 1.000000e+000 1.000000e+000 1.000000e+000 1.000000e+000 -2.000000e+000 0.000000e+000 5.185436e+016
2.800000e-001 1.000000e+000 1.000000e+000 1.000000e+000 1.000000e+000 -2.000000e+000 0.000000e+000 5.185436e+016
2.900000e-001 1.000000e+000 1.000000e+000 1.000000e+000 1.000000e+000 -2.000000e+000 0.000000e+000 5.185436e+016
3.000000e-001 1.000000e+000 1.000000e+000 1.000000e+000 1.000000e+000 -2.000000e+000 0.000000e+000 5.185436e+016
3.100000e-001 1.000000e+000 1.000000e+000 1.000000e+000 1.000000e+000 -2.000000e+000 0.000000e+000 5.185436e+016
3.200000e-001 1.000000e+000 1.000000e+000 1.000000e+000 1.000000e+000 -2.000000e+000 0.000000e+000 5.185436e+016
3.300000e-001 1.000000e+000 1.000000e+000 1.000000e+000 1.000000e+000 -2.000000e+000 0.000000e+000 5.185436e+016
3.400000e-001 9.999947e-001 9.999894e-001 9.999947e-001 9.999947e-001 -1.999989e+000 4.906991e-004 5.634759e+004
3.500000e-001 1.000000e+000 1.000000e+000 1.000000e+000 1.000000e+000 -2.000000e+000 0.000000e+000 5.185436e+016
3.600000e-001 1.000000e+000 1.000000e+000 1.000000e+000 1.000000e+000 -2.000000e+000 0.000000e+000 5.185436e+016
3.700000e-001 9.999993e-001 9.999986e-001 9.999993e-001 9.999993e-001 -1.999999e+000 5.410004e-005 1.560198e+005
3.800000e-001 9.999972e-001 9.999945e-001 9.999972e-001 9.999972e-001 -1.999994e+000 2.050682e-004 7.800981e+004
3.900000e-001 9.999889e-001 9.999779e-001 9.999889e-001 9.999889e-001 -1.999978e+000 7.773443e-004 3.900474e+004
4.000000e-001 9.999905e-001 9.999811e-001 9.999905e-001 9.999905e-001 -1.999981e+000 6.314190e-004 4.220330e+004
4.100000e-001 9.999792e-001 9.999585e-001 9.999792e-001 9.999792e-001 -1.999958e+000 1.316015e-003 2.848490e+004
4.200000e-001 9.999676e-001 9.999354e-001 9.999676e-001 9.999676e-001 -1.999935e+000 1.945914e-003 2.283860e+004
4.300000e-001 9.999616e-001 9.999235e-001 9.999616e-001 9.999616e-001 -1.999924e+000 2.345682e-003 2.069833e+004
4.400000e-001 9.999554e-001 9.999110e-001 9.999553e-001 9.999553e-001 -1.999911e+000 2.463238e-003 1.955129e+004
4.500000e-001 9.999554e-001 9.999110e-001 9.999553e-001 9.999553e-001 -1.999911e+000 2.330590e-003 1.945146e+004
4.600000e-001 9.999291e-001 9.998584e-001 9.999289e-001 9.999289e-001 -1.999858e+000 3.527358e-003 1.542254e+004
4.700000e-001 9.999138e-001 9.998280e-001 9.999137e-001 9.999137e-001 -1.999827e+000 4.180916e-003 1.404691e+004
4.800000e-001 9.999062e-001 9.998129e-001 9.999060e-001 9.999060e-001 -1.999815e+000 4.691813e-003 1.269336e+004
4.900000e-001 9.998297e-001 9.996602e-001 9.998294e-001 9.998294e-001 -1.999661e+000 7.546131e-003 9.800115e+003
5.000000e-001 9.998043e-001 9.996096e-001 9.998039e-001 9.998039e-001 -1.999614e+000 8.541701e-003 8.935515e+003
5.100000e-001 9.997424e-001 9.994861e-001 9.997419e-001 9.997419e-001 -1.999490e+000 1.077757e-002 7.943552e+003
5.200000e-001 9.997311e-001 9.994635e-001 9.997306e-001 9.997306e-001 -1.999466e+000 1.065672e-002 7.761175e+003
5.300000e-001 9.996707e-001 9.993430e-001 9.996703e-001 9.996703e-001 -1.999342e+000 1.204558e-002 7.118092e+003
5.400000e-001 9.995557e-001 9.991136e-001 9.995549e-001 9.995549e-001 -1.999116e+000 1.591424e-002 6.176326e+003
5.500000e-001 9.995107e-001 9.990240e-001 9.995097e-001 9.995097e-001 -1.999033e+000 1.734230e-002 5.709932e+003
5.600000e-001 9.993462e-001 9.986960e-001 9.993449e-001 9.993455e-001 -1.998708e+000 2.224872e-002 4.921384e+003
5.700000e-001 9.992619e-001 9.985278e-001 9.992604e-001 9.992604e-001 -1.998540e+000 2.404220e-002 4.660727e+003
5.800000e-001 9.991460e-001 9.982968e-001 9.991493e-001 9.991443e-001 -1.998305e+000 2.766908e-002 4.360307e+003
5.900000e-001 9.990704e-001 9.981460e-001 9.990685e-001 9.990696e-001 -1.998155e+000 2.797808e-002 4.185032e+003
6.000000e-001 9.989030e-001 9.978126e-001 9.989035e-001 9.989010e-001 -1.997845e+000 3.179230e-002 3.756761e+003
6.100000e-001 9.986746e-001 9.973575e-001 9.986721e-001 9.986738e-001 -1.997381e+000 3.796457e-002 3.463999e+003
6.200000e-001 9.982223e-001 9.964563e-001 9.982183e-001 9.982183e-001 -1.996489e+000 4.919979e-002 3.001188e+003
6.300000e-001 9.982016e-001 9.964154e-001 9.981991e-001 9.981975e-001 -1.996465e+000 4.830303e-002 2.955054e+003
6.400000e-001 9.979575e-001 9.959297e-001 9.979530e-001 9.979534e-001 -1.995963e+000 5.629846e-002 2.827369e+003
6.500000e-001 9.976825e-001 9.953817e-001 9.976795e-001 9.976780e-001 -1.995439e+000 5.839266e-002 2.595459e+003
6.600000e-001 9.971456e-001 9.943137e-001 9.971382e-001 9.971405e-001 -1.994386e+000 7.101559e-002 2.336601e+003
6.700000e-001 9.970078e-001 9.940396e-001 9.970007e-001 9.970017e-001 -1.994156e+000 7.087481e-002 2.246759e+003
6.800000e-001 9.964555e-001 9.929416e-001 9.964479e-001 9.964471e-001 -1.993059e+000 8.346381e-002 2.086185e+003
6.900000e-001 9.960858e-001 9.922069e-001 9.960787e-001 9.960814e-001 -1.992377e+000 8.736113e-002 1.926556e+003
7.000000e-001 9.955645e-001 9.911726e-001 9.955554e-001 9.955616e-001 -1.991363e+000 9.980280e-002 1.824190e+003
7.100000e-001 9.949807e-001 9.900130e-001 9.949706e-001 9.949677e-001 -1.990238e+000 1.080352e-001 1.697954e+003
7.200000e-001 9.945866e-001 9.892309e-001 9.945773e-001 9.945761e-001 -1.989474e+000 1.142146e-001 1.651595e+003
7.300000e-001 9.938406e-001 9.877551e-001 9.938271e-001 9.938200e-001 -1.988159e+000 1.332967e-001 1.513876e+003
7.400000e-001 9.931036e-001 9.862926e-001 9.930897e-001 9.930885e-001 -1.986669e+000 1.399034e-001 1.452698e+003
7.500000e-001 9.924507e-001 9.849960e-001 9.924348e-001 9.924337e-001 -1.985455e+000 1.353316e-001 1.369254e+003
7.600000e-001 9.915841e-001 9.832833e-001 9.915622e-001 9.915731e-001 -1.983755e+000 1.559381e-001 1.313410e+003
7.700000e-001 9.907779e-001 9.816932e-001 9.907630e-001 9.907590e-001 -1.982303e+000 1.734939e-001 1.230214e+003
7.800000e-001 9.897944e-001 9.797516e-001 9.897792e-001 9.897807e-001 -1.980473e+000 1.876001e-001 1.163976e+003
7.900000e-001 9.887304e-001 9.776493e-001 9.886961e-001 9.887066e-001 -1.978318e+000 1.983640e-001 1.124866e+003
8.000000e-001 9.876491e-001 9.755234e-001 9.876306e-001 9.876252e-001 -1.976417e+000 2.197921e-001 1.051211e+003
8.100000e-001 9.866704e-001 9.735969e-001 9.866455e-001 9.866479e-001 -1.974577e+000 2.306830e-001 9.995918e+002
8.200000e-001 9.849391e-001 9.701969e-001 9.848957e-001 9.849045e-001 -1.971509e+000 2.550569e-001 9.300525e+002
8.300000e-001 9.835053e-001 9.673827e-001 9.834851e-001 9.834660e-001 -1.968863e+000 2.660325e-001 8.860794e+002
8.400000e-001 9.816248e-001 9.636986e-001 9.815839e-001 9.815756e-001 -1.965364e+000 2.946237e-001 8.333975e+002
8.500000e-001 9.802336e-001 9.609768e-001 9.801566e-001 9.801985e-001 -1.962724e+000 3.041249e-001 8.021186e+002
8.600000e-001 9.790268e-001 9.586198e-001 9.790100e-001 9.789651e-001 -1.960535e+000 3.154133e-001 7.807189e+002
8.700000e-001 9.766906e-001 9.540767e-001 9.766169e-001 9.766392e-001 -1.956348e+000 3.611541e-001 7.275334e+002
8.800000e-001 9.741414e-001 9.491108e-001 9.740646e-001 9.740774e-001 -1.951703e+000 3.655807e-001 6.840827e+002
8.900000e-001 9.724474e-001 9.458337e-001 9.723689e-001 9.723741e-001 -1.949033e+000 3.889237e-001 6.530137e+002
9.000000e-001 9.695861e-001 9.403100e-001 9.695052e-001 9.695224e-001 -1.943902e+000 4.485408e-001 6.076555e+002
9.100000e-001 9.686789e-001 9.385559e-001 9.686219e-001 9.686549e-001 -1.942108e+000 4.493082e-001 6.080821e+002
9.200000e-001 9.651262e-001 9.317189e-001 9.650372e-001 9.650539e-001 -1.936053e+000 4.920383e-001 5.679046e+002
9.300000e-001 9.622061e-001 9.261192e-001 9.620894e-001 9.620899e-001 -1.930998e+000 5.120707e-001 5.315920e+002
9.400000e-001 9.594863e-001 9.208969e-001 9.593454e-001 9.593711e-001 -1.926152e+000 5.131735e-001 5.105296e+002
9.500000e-001 9.562512e-001 9.147418e-001 9.561272e-001 9.561150e-001 -1.921054e+000 5.609954e-001 4.862247e+002
9.600000e-001 9.527625e-001 9.081032e-001 9.526322e-001 9.526492e-001 -1.914696e+000 5.896737e-001 4.649284e+002
9.700000e-001 9.479182e-001 8.989668e-001 9.476933e-001 9.478127e-001 -1.906471e+000 6.829138e-001 4.326095e+002
9.800000e-001 9.441425e-001 8.918503e-001 9.440845e-001 9.439958e-001 -1.900798e+000 6.687079e-001 4.074346e+002
9.900000e-001 9.402971e-001 8.846811e-001 9.401316e-001 9.401057e-001 -1.894042e+000 7.692437e-001 3.880048e+002
1.000000e+000 9.350687e-001 8.749186e-001 9.348186e-001 9.348181e-001 -1.886050e+000 7.493698e-001 3.619403e+002
1.010000e+000 9.309304e-001 8.672351e-001 9.307328e-001 9.307049e-001 -1.878923e+000 8.165359e-001 3.521958e+002
1.020000e+000 9.260972e-001 8.583373e-001 9.258426e-001 9.258229e-001 -1.870859e+000 8.889979e-001 3.344922e+002
1.030000e+000 9.200411e-001 8.472586e-001 9.197589e-001 9.197576e-001 -1.861907e+000 9.574962e-001 3.125693e+002
1.040000e+000 9.123509e-001 8.332510e-001 9.119549e-001 9.120683e-001 -1.849782e+000 1.008046e+000 2.938665e+002
1.050000e+000 9.077834e-001 8.249484e-001 9.074786e-001 9.075570e-001 -1.842067e+000 9.883321e-001 2.839659e+002
1.060000e+000 8.998432e-001 8.107713e-001 8.994317e-001 8.993951e-001 -1.830753e+000 1.099454e+000 2.598523e+002
1.070000e+000 8.933292e-001 7.991906e-001 8.926934e-001 8.929740e-001 -1.820923e+000 1.153866e+000 2.448495e+002
1.080000e+000 8.818568e-001 7.791365e-001 8.813590e-001 8.812584e-001 -1.805119e+000 1.325714e+000 2.224291e+002
1.090000e+000 8.732005e-001 7.640637e-001 8.726324e-001 8.725572e-001 -1.791423e+000 1.425234e+000 2.102237e+002
1.100000e+000 8.632198e-001 7.470062e-001 8.624315e-001 8.626694e-001 -1.777952e+000 1.547424e+000 1.942159e+002
1.110000e+000 8.558585e-001 7.347155e-001 8.549668e-001 8.552608e-001 -1.768331e+000 1.672252e+000 1.812898e+002
1.120000e+000 8.424108e-001 7.120963e-001 8.413649e-001 8.415572e-001 -1.748959e+000 1.753089e+000 1.727080e+002
1.130000e+000 8.261167e-001 6.853643e-001 8.248890e-001 8.254795e-001 -1.728459e+000 1.829840e+000 1.466020e+002
1.140000e+000 8.073340e-001 6.554924e-001 8.058883e-001 8.062734e-001 -1.705364e+000 2.194571e+000 1.335661e+002
1.150000e+000 7.929807e-001 6.332883e-001 7.910073e-001 7.921118e-001 -1.687069e+000 2.465615e+000 1.243915e+002
1.160000e+000 7.684528e-001 5.958537e-001 7.663060e-001 7.673774e-001 -1.658899e+000 2.560872e+000 1.067981e+002
1.170000e+000 7.539968e-001 5.749620e-001 7.513008e-001 7.533497e-001 -1.641933e+000 2.832220e+000 9.766952e+001
1.180000e+000 7.161988e-001 5.227901e-001 7.122613e-001 7.155638e-001 -1.600464e+000 3.695764e+000 8.131649e+001
1.190000e+000 6.647961e-001 4.588444e-001 6.587064e-001 6.658989e-001 -1.553474e+000 4.918052e+000 6.120709e+001
1.200000e+000 6.093996e-001 3.949726e-001 6.016661e-001 6.131775e-001 -1.500543e+000 6.268612e+000 4.874380e+001
1.210000e+000 5.292422e-001 3.128262e-001 5.173424e-001 5.368413e-001 -1.433702e+000 7.272925e+000 3.724653e+001
1.220000e+000 4.247850e-001 2.245097e-001 4.046553e-001 4.385233e-001 -1.349429e+000 9.308268e+000 2.718976e+001
1.230000e+000 2.854391e-001 1.255681e-001 2.581318e-001 3.074070e-001 -1.236795e+000 1.013801e+001 1.853823e+001
1.240000e+000 1.865012e-001 6.713556e-002 1.581275e-001 2.082792e-001 -1.137555e+000 9.776569e+000 1.390692e+001
1.250000e+000 1.304727e-001 3.425408e-002 9.692106e-002 1.537845e-001 -1.095301e+000 5.533170e+000 1.096444e+001
1.260000e+000 9.111358e-002 1.640880e-002 5.996377e-002 1.131568e-001 -1.040530e+000 3.765256e+000 9.024657e+000
1.270000e+000 7.162507e-002 1.119249e-002 3.845347e-002 8.980839e-002 -9.989346e-001 3.743435e+000 8.150600e+000
1.280000e+000 5.649708e-002 6.592574e-003 2.552442e-002 7.310637e-002 -9.771186e-001 2.669276e+000 7.158427e+000
1.290000e+000 4.416874e-002 3.520796e-003 1.625174e-002 5.445804e-002 -9.449333e-001 1.565890e+000 6.348332e+000
1.300000e+000 4.097020e-002 3.181116e-003 1.208553e-002 5.173484e-002 -9.109019e-001 2.371841e+000 6.320867e+000
1.310000e+000 3.641597e-002 2.507562e-003 8.679861e-003 4.219711e-002 -9.075078e-001 1.950519e+000 6.024646e+000
1.320000e+000 3.294941e-002 1.970682e-003 5.103009e-003 3.988356e-002 -8.920297e-001 2.148161e+000 5.642163e+000
1.330000e+000 2.580212e-002 1.190641e-003 3.012153e-003 2.770486e-002 -8.600358e-001 2.184339e+000 5.080254e+000
1.340000e+000 2.557713e-002 1.183973e-003 7.080324e-003 2.674491e-002 -8.452074e-001 1.331739e+000 5.186596e+000
1.350000e+000 2.348679e-002 9.455967e-004 3.644444e-003 2.436499e-002 -8.322725e-001 1.661800e+000 5.066070e+000
1.360000e+000 2.315657e-002 9.327368e-004 -1.414815e-003 2.287049e-002 -8.257998e-001 1.963039e+000 5.106599e+000
1.370000e+000 2.188303e-002 8.331111e-004 2.068634e-003 2.279531e-002 -8.203083e-001 1.283652e+000 4.939590e+000
1.380000e+000 2.019064e-002 6.964722e-004 1.957407e-003 1.683472e-002 -7.952113e-001 1.350096e+000 5.177352e+000
1.390000e+000 1.780683e-002 5.600402e-004 4.341898e-003 1.543241e-002 -7.809881e-001 1.252222e+000 4.578795e+000
1.400000e+000 1.708589e-002 4.805444e-004 -2.556134e-003 1.435694e-002 -7.515328e-001 7.860007e-001 4.742595e+000
1.410000e+000 1.619521e-002 4.422032e-004 2.255787e-004 1.172940e-002 -7.519053e-001 9.971308e-001 4.783972e+000
1.420000e+000 1.501670e-002 3.964081e-004 2.815394e-003 1.224994e-002 -7.284427e-001 1.177368e+000 4.540795e+000
1.430000e+000 1.557185e-002 4.193135e-004 2.396181e-003 9.915856e-003 -7.479014e-001 8.324682e-001 4.700548e+000
1.440000e+000 1.365135e-002 3.183466e-004 1.570602e-003 7.425637e-003 -7.143417e-001 1.484895e+000 4.479776e+000
1.450000e+000 1.410012e-002 3.357163e-004 -2.315625e-003 1.330278e-002 -7.146395e-001 8.164515e-001 4.502032e+000
1.460000e+000 1.197565e-002 2.535986e-004 1.058565e-003 6.318519e-003 -6.997752e-001 1.098950e+000 4.015637e+000
1.470000e+000 1.269952e-002 2.629720e-004 2.234144e-003 5.037963e-003 -7.006574e-001 7.864381e-001 4.471905e+000
1.480000e+000 1.205262e-002 2.558177e-004 1.767593e-003 5.886343e-003 -6.933705e-001 7.865966e-001 4.287925e+000
1.490000e+000 1.182425e-002 2.418940e-004 2.314815e-005 4.834664e-003 -6.802902e-001 7.731648e-001 4.375648e+000
1.500000e+000 1.050209e-002 1.747446e-004 1.081481e-003 6.145544e-003 -6.615648e-001 9.888749e-001 4.043132e+000
1.510000e+000 1.102272e-002 1.981495e-004 7.843750e-004 6.850116e-003 -6.547686e-001 9.534554e-001 4.195159e+000
1.520000e+000 1.159502e-002 2.208252e-004 -3.623380e-003 6.339988e-003 -6.580255e-001 9.023889e-001 4.705087e+000
1.530000e+000 1.059998e-002 1.850783e-004 -4.354514e-003 6.731366e-003 -6.427784e-001 8.576707e-001 4.398812e+000
1.540000e+000 1.221949e-002 2.594291e-004 2.962616e-003 7.865625e-003 -6.453050e-001 8.903347e-001 4.897948e+000
1.550000e+000 9.949574e-003 1.607282e-004 -6.956019e-005 5.592940e-003 -6.273972e-001 5.157335e-001 4.368989e+000
1.560000e+000 9.133041e-003 1.358375e-004 1.318981e-003 5.956771e-003 -6.302010e-001 6.262873e-001 3.726350e+000
1.570000e+000 9.904032e-003 1.668388e-004 2.673611e-004 6.310243e-003 -6.315081e-001 6.318920e-001 4.475003e+000
1.580000e+000 1.002574e-002 1.592745e-004 7.079630e-003 5.402257e-003 -5.964978e-001 6.035354e-001 4.559374e+000
1.590000e+000 8.263182e-003 1.098757e-004 -9.118056e-004 8.326389e-004 -6.110196e-001 7.173048e-001 3.915240e+000
1.600000e+000 9.506448e-003 1.552272e-004 3.233912e-003 3.349884e-003 -5.990939e-001 5.301406e-001 4.309877e+000
1.610000e+000 8.270867e-003 1.093570e-004 3.047569e-003 -6.054398e-004 -5.973763e-001 7.324061e-001 3.927301e+000
1.620000e+000 7.216970e-003 8.890727e-005 -5.340509e-003 5.647512e-003 -5.672674e-001 5.820977e-001 3.809116e+000
1.630000e+000 7.764067e-003 1.042412e-004 7.416435e-003 7.290509e-004 -5.828580e-001 4.817067e-001 4.013518e+000
1.640000e+000 7.933102e-003 1.046999e-004 1.309954e-003 6.672454e-004 -5.788012e-001 4.652044e-001 4.133697e+000
1.650000e+000 8.014910e-003 1.019620e-004 4.335185e-003 4.033333e-003 -5.658763e-001 4.754634e-001 4.225822e+000
1.660000e+000 7.877813e-003 1.119015e-004 -4.608333e-003 -2.248785e-003 -5.491524e-001 7.919986e-001 4.475373e+000
1.670000e+000 7.949033e-003 1.089553e-004 -2.787269e-003 -1.875000e-005 -5.578662e-001 5.330037e-001 4.596534e+000
1.680000e+000 7.529796e-003 9.312429e-005 3.523611e-003 2.304803e-003 -5.588324e-001 4.969641e-001 4.003604e+000
1.690000e+000 7.807548e-003 1.072270e-004 2.076505e-003 7.073495e-004 -5.350310e-001 4.730592e-001 4.580053e+000
1.700000e+000 6.893846e-003 8.030208e-005 5.781250e-004 3.766609e-003 -5.369245e-001 5.235289e-001 4.247512e+000
1.710000e+000 6.073338e-003 6.175590e-005 1.885417e-003 -5.148611e-003 -5.433894e-001 4.420086e-001 3.663893e+000
1.720000e+000 6.857722e-003 7.922854e-005 5.356481e-004 9.490741e-006 -5.398583e-001 4.025159e-001 3.834888e+000
1.730000e+000 6.757846e-003 8.130401e-005 -2.407407e-003 3.314005e-003 -5.121400e-001 6.876438e-001 4.014549e+000
1.740000e+000 6.640130e-003 7.139883e-005 4.279167e-003 5.472801e-004 -5.280295e-001 3.812364e-001 3.937266e+000
1.750000e+000 6.780559e-003 7.541784e-005 -2.778935e-004 9.475694e-004 -5.065639e-001 4.140209e-001 4.103439e+000
1.760000e+000 5.725448e-003 5.833211e-005 1.391204e-003 -2.933854e-003 -5.058493e-001 3.846153e-001 3.753939e+000
1.770000e+000 6.332602e-003 6.947696e-005 2.006713e-003 -3.570949e-003 -4.991936e-001 3.246716e-001 3.966059e+000
1.780000e+000 6.048510e-003 5.923024e-005 -4.122106e-003 6.163194e-004 -4.942889e-001 5.130541e-001 3.875020e+000
1.790000e+000 6.472549e-003 7.126875e-005 -3.136921e-003 2.331019e-004 -4.859685e-001 4.235986e-001 4.483668e+000
1.800000e+000 6.606077e-003 7.559265e-005 2.046991e-003 -1.860012e-003 -4.855108e-001 4.187404e-001 4.421588e+000
1.810000e+000 5.456774e-003 4.697500e-005 5.185648e-003 8.258102e-005 -4.913634e-001 3.246983e-001 3.836571e+000
1.820000e+000 6.719145e-003 7.303281e-005 1.207176e-004 4.100116e-004 -4.862396e-001 3.127293e-001 4.402057e+000
1.830000e+000 6.469375e-003 6.611008e-005 6.868403e-003 5.287037e-004 -4.734053e-001 3.499187e-001 4.516907e+000
1.840000e+000 5.616699e-003 5.169426e-005 4.306019e-003 -1.194155e-003 -4.659186e-001 3.734274e-001 3.902037e+000
1.850000e+000 5.426354e-003 4.807400e-005 -1.644097e-003 1.483044e-003 -4.686961e-001 4.336496e-001 3.739811e+000
1.860000e+000 6.121142e-003 6.775384e-005 -1.251157e-004 4.267361e-003 -4.751424e-001 3.420282e-001 4.281550e+000
1.870000e+000 5.956529e-003 5.312975e-005 3.500000e-003 1.439294e-003 -4.719898e-001 3.132730e-001 4.021735e+000
1.880000e+000 5.334078e-003 5.561392e-005 -2.547222e-003 2.516493e-003 -4.540979e-001 4.103697e-001 3.572653e+000
1.890000e+000 4.887076e-003 3.868504e-005 1.103241e-003 -1.030035e-003 -4.553845e-001 2.698556e-001 3.579527e+000
1.900000e+000 6.128023e-003 6.592685e-005 4.090046e-003 1.869387e-003 -4.625995e-001 3.002339e-001 4.614084e+000
1.910000e+000 5.903947e-003 6.091923e-005 8.094907e-004 1.983218e-003 -4.520007e-001 3.240131e-001 4.389666e+000
1.920000e+000 4.747809e-003 3.772036e-005 -1.837847e-003 7.583912e-004 -4.459171e-001 2.783457e-001 3.559242e+000
1.930000e+000 4.752321e-003 3.536859e-005 -2.052431e-003 -2.483275e-003 -4.470748e-001 3.238797e-001 3.775181e+000
1.940000e+000 5.244021e-003 4.640450e-005 9.997685e-004 4.282407e-005 -4.496771e-001 2.318852e-001 3.860855e+000
1.950000e+000 5.862020e-003 5.274928e-005 2.446065e-003 5.520255e-004 -4.515791e-001 3.373083e-001 4.462276e+000
1.960000e+000 5.585971e-003 5.349944e-005 4.553009e-003 -2.537326e-003 -4.462971e-001 3.066629e-001 4.399493e+000
1.970000e+000 5.102933e-003 4.689499e-005 6.957523e-003 1.765451e-003 -4.432449e-001 2.303063e-001 3.828621e+000
1.980000e+000 5.275637e-003 4.523144e-005 2.496528e-004 6.168981e-004 -4.120832e-001 3.526018e-001 4.644786e+000
1.990000e+000 5.557602e-003 4.831350e-005 -1.380903e-003 7.079745e-003 -4.236751e-001 3.256501e-001 4.453121e+000
2.000000e+000 5.619003e-003 5.028912e-005 -7.107639e-003 2.125637e-003 -4.141539e-001 2.635444e-001 4.607793e+000
