# Enhanced Quasi-3D Monte Carlo Simulation
# Timestamp: 20250716_042222
# Spin model: icosahedral (13 states)
# Algorithm: hybrid (hybrid Metropolis+Wolff)
# Theoretical Tc (8-state Potts): ~0.751
# Temperature range: 0.1-1.5 (optimized for critical region)
# Layer: 3/3
# System size: 8x8x3, Total sites: 192
# Void parameter D: 0.500
#
# Temperature          M^2          M^4          G^2          G^4       Energy           Cv         Corr
 1.000000e-01  1.000000e+00  1.000000e+00  1.000000e+00  1.000000e+00 -4.000000e+00  0.000000e+00  0.000000e+00
 1.080000e-01  1.000000e+00  1.000000e+00  1.000000e+00  1.000000e+00 -4.000000e+00  0.000000e+00  0.000000e+00
 1.160000e-01  1.000000e+00  1.000000e+00  1.000000e+00  1.000000e+00 -4.000000e+00  0.000000e+00  0.000000e+00
 1.240000e-01  1.000000e+00  1.000000e+00  1.000000e+00  1.000000e+00 -4.000000e+00  0.000000e+00  0.000000e+00
 1.320000e-01  1.000000e+00  1.000000e+00  1.000000e+00  1.000000e+00 -4.000000e+00  0.000000e+00  0.000000e+00
 1.400000e-01  1.000000e+00  1.000000e+00  1.000000e+00  1.000000e+00 -4.000000e+00  0.000000e+00  0.000000e+00
 1.480000e-01  1.000000e+00  1.000000e+00  1.000000e+00  1.000000e+00 -4.000000e+00  0.000000e+00  0.000000e+00
 1.560000e-01  1.000000e+00  1.000000e+00  1.000000e+00  1.000000e+00 -4.000000e+00  0.000000e+00  0.000000e+00
 1.640000e-01  1.000000e+00  1.000000e+00  1.000000e+00  1.000000e+00 -4.000000e+00  0.000000e+00  0.000000e+00
 1.720000e-01  1.000000e+00  1.000000e+00  1.000000e+00  1.000000e+00 -4.000000e+00  0.000000e+00  0.000000e+00
 1.800000e-01  1.000000e+00  1.000000e+00  1.000000e+00  1.000000e+00 -4.000000e+00  0.000000e+00  0.000000e+00
 1.880000e-01  1.000000e+00  1.000000e+00  1.000000e+00  1.000000e+00 -4.000000e+00  0.000000e+00  0.000000e+00
 1.960000e-01  1.000000e+00  1.000000e+00  1.000000e+00  1.000000e+00 -4.000000e+00  0.000000e+00  0.000000e+00
 2.040000e-01  1.000000e+00  1.000000e+00  1.000000e+00  1.000000e+00 -4.000000e+00  0.000000e+00  0.000000e+00
 2.120000e-01  1.000000e+00  1.000000e+00  1.000000e+00  1.000000e+00 -4.000000e+00  0.000000e+00  0.000000e+00
 2.200000e-01  1.000000e+00  1.000000e+00  1.000000e+00  1.000000e+00 -4.000000e+00  0.000000e+00  0.000000e+00
 2.280000e-01  1.000000e+00  1.000000e+00  1.000000e+00  1.000000e+00 -4.000000e+00  0.000000e+00  0.000000e+00
 2.360000e-01  1.000000e+00  1.000000e+00  9.999914e-01  1.000000e+00 -3.999983e+00  1.711084e-04  0.000000e+00
 2.440000e-01  1.000000e+00  1.000000e+00  9.999827e-01  1.000000e+00 -3.999965e+00  3.195026e-04  0.000000e+00
 2.520000e-01  1.000000e+00  1.000000e+00  1.000000e+00  1.000000e+00 -4.000000e+00  0.000000e+00  0.000000e+00
 2.600000e-01  1.000000e+00  1.000000e+00  1.000000e+00  1.000000e+00 -4.000000e+00  0.000000e+00  0.000000e+00
 2.680000e-01  1.000000e+00  1.000000e+00  1.000000e+00  1.000000e+00 -4.000000e+00  0.000000e+00  0.000000e+00
 2.760000e-01  1.000000e+00  1.000000e+00  9.999827e-01  1.000000e+00 -3.999965e+00  2.497100e-04  0.000000e+00
 2.840000e-01  9.998810e-01  9.997640e-01  9.998920e-01  9.999007e-01 -3.999585e+00  1.513638e-02  1.344177e+03
 2.920000e-01  9.999830e-01  9.999663e-01  9.999655e-01  9.999482e-01 -3.999827e+00  2.777478e-03  3.556542e+03
 3.000000e-01  9.998640e-01  9.997302e-01  9.998877e-01  9.998964e-01 -3.999568e+00  1.525212e-02  1.257352e+03
 3.080000e-01  9.999320e-01  9.998651e-01  9.999093e-01  9.999395e-01 -3.999698e+00  7.739609e-03  1.778225e+03
 3.160000e-01  9.998300e-01  9.996628e-01  9.998359e-01  9.997970e-01 -3.999266e+00  1.806316e-02  1.124591e+03
 3.240000e-01  9.997959e-01  9.995954e-01  9.997668e-01  9.997970e-01 -3.999128e+00  2.050348e-02  1.026588e+03
 3.320000e-01  9.998810e-01  9.997640e-01  9.998273e-01  9.998143e-01 -3.999283e+00  1.248011e-02  1.344177e+03
 3.400000e-01  9.996599e-01  9.993256e-01  9.996027e-01  9.996588e-01 -3.998523e+00  3.071915e-02  7.951374e+02
 3.480000e-01  9.995749e-01  9.991570e-01  9.995811e-01  9.995465e-01 -3.998255e+00  3.592428e-02  7.111620e+02
 3.560000e-01  9.994218e-01  9.988535e-01  9.994213e-01  9.994515e-01 -3.997746e+00  4.795367e-02  6.097694e+02
 3.640000e-01  9.995409e-01  9.990896e-01  9.994990e-01  9.994602e-01 -3.997918e+00  3.671738e-02  6.843043e+02
 3.720000e-01  9.994559e-01  9.989210e-01  9.993997e-01  9.993392e-01 -3.997478e+00  4.129022e-02  6.285467e+02
 3.800000e-01  9.991838e-01  9.983814e-01  9.991060e-01  9.991320e-01 -3.996476e+00  5.804667e-02  5.131358e+02
 3.880000e-01  9.993198e-01  9.986512e-01  9.993522e-01  9.992097e-01 -3.997124e+00  4.605440e-02  5.621507e+02
 3.960000e-01  9.983000e-01  9.966336e-01  9.983114e-01  9.984745e-01 -3.993582e+00  1.212689e-01  3.558927e+02
 4.040000e-01  9.981814e-01  9.963960e-01  9.982380e-01  9.983244e-01 -3.993151e+00  1.099376e-01  3.385907e+02
 4.120000e-01  9.982337e-01  9.965007e-01  9.981775e-01  9.983071e-01 -3.993012e+00  1.051574e-01  3.403936e+02
 4.200000e-01  9.974842e-01  9.950151e-01  9.975902e-01  9.974822e-01 -3.990162e+00  1.398182e-01  2.931870e+02
 4.280000e-01  9.976370e-01  9.953234e-01  9.975125e-01  9.977128e-01 -3.990450e+00  1.552945e-01  2.975025e+02
 4.360000e-01  9.969918e-01  9.940451e-01  9.969726e-01  9.969208e-01 -3.987821e+00  1.675758e-01  2.631802e+02
 4.440000e-01  9.970806e-01  9.942180e-01  9.969510e-01  9.970029e-01 -3.987925e+00  1.535916e-01  2.670641e+02
 4.520000e-01  9.965231e-01  9.931303e-01  9.965796e-01  9.965105e-01 -3.986249e+00  2.155536e-01  2.404516e+02
 4.600000e-01  9.956179e-01  9.913309e-01  9.955621e-01  9.955432e-01 -3.982262e+00  2.198806e-01  2.192462e+02
 4.680000e-01  9.948080e-01  9.897376e-01  9.948522e-01  9.950206e-01 -3.979864e+00  2.562859e-01  2.015391e+02
 4.760000e-01  9.944319e-01  9.889914e-01  9.943794e-01  9.943303e-01 -3.977484e+00  2.684025e-01  1.938277e+02
 4.840000e-01  9.942649e-01  9.886612e-01  9.941569e-01  9.941741e-01 -3.976783e+00  2.569064e-01  1.891477e+02
 4.920000e-01  9.931302e-01  9.864259e-01  9.931247e-01  9.931944e-01 -3.972813e+00  3.003742e-01  1.697331e+02
 5.050000e-01  9.919064e-01  9.840183e-01  9.920111e-01  9.918869e-01 -3.968184e+00  3.355772e-01  1.555812e+02
 5.100000e-01  9.911603e-01  9.825415e-01  9.910129e-01  9.911626e-01 -3.964576e+00  3.362471e-01  1.521826e+02
 5.150000e-01  9.907439e-01  9.817363e-01  9.908398e-01  9.908262e-01 -3.963788e+00  3.668940e-01  1.456115e+02
 5.200000e-01  9.898409e-01  9.799442e-01  9.899362e-01  9.898319e-01 -3.959874e+00  3.565732e-01  1.414568e+02
 5.250000e-01  9.890530e-01  9.784091e-01  9.890436e-01  9.886469e-01 -3.955806e+00  4.037766e-01  1.350276e+02
 5.300000e-01  9.889068e-01  9.781364e-01  9.886685e-01  9.888552e-01 -3.955327e+00  4.337836e-01  1.354376e+02
 5.350000e-01  9.875394e-01  9.754515e-01  9.873520e-01  9.876629e-01 -3.950478e+00  4.629407e-01  1.271125e+02
 5.400000e-01  9.868871e-01  9.741673e-01  9.866523e-01  9.867656e-01 -3.947307e+00  4.347168e-01  1.223741e+02
 5.450000e-01  9.866678e-01  9.737673e-01  9.864245e-01  9.864936e-01 -3.946549e+00  5.039157e-01  1.209646e+02
 5.500000e-01  9.860615e-01  9.725712e-01  9.857504e-01  9.856294e-01 -3.943568e+00  5.026125e-01  1.188628e+02
 5.550000e-01  9.840981e-01  9.687467e-01  9.843534e-01  9.840677e-01 -3.937594e+00  5.564699e-01  1.105462e+02
 5.600000e-01  9.839684e-01  9.684777e-01  9.835024e-01  9.836196e-01 -3.934903e+00  5.388896e-01  1.099949e+02
 5.650000e-01  9.837488e-01  9.680614e-01  9.830090e-01  9.831585e-01 -3.933065e+00  5.780548e-01  1.086825e+02
 5.700000e-01  9.803054e-01  9.613633e-01  9.805071e-01  9.800506e-01 -3.922390e+00  6.496234e-01  9.832105e+01
 5.750000e-01  9.810102e-01  9.627315e-01  9.806505e-01  9.808516e-01 -3.924418e+00  6.070093e-01  9.950447e+01
 5.800000e-01  9.787251e-01  9.582722e-01  9.787373e-01  9.786614e-01 -3.916051e+00  6.554454e-01  9.321882e+01
 5.850000e-01  9.781330e-01  9.571459e-01  9.781415e-01  9.775859e-01 -3.912767e+00  7.006789e-01  9.382474e+01
 5.900000e-01  9.771808e-01  9.553062e-01  9.773867e-01  9.772610e-01 -3.910717e+00  7.066801e-01  9.051556e+01
 5.950000e-01  9.744144e-01  9.500114e-01  9.745404e-01  9.747188e-01 -3.900880e+00  8.345025e-01  8.397359e+01
 6.000000e-01  9.758036e-01  9.525990e-01  9.753713e-01  9.756261e-01 -3.903467e+00  6.737895e-01  8.717970e+01
 6.050000e-01  9.726505e-01  9.465479e-01  9.731112e-01  9.728514e-01 -3.894315e+00  7.708911e-01  8.233376e+01
 6.100000e-01  9.698822e-01  9.412390e-01  9.704691e-01  9.710339e-01 -3.885505e+00  8.687305e-01  7.796999e+01
 6.150000e-01  9.711110e-01  9.436511e-01  9.706825e-01  9.710739e-01 -3.885270e+00  9.139874e-01  8.050269e+01
 6.200000e-01  9.680104e-01  9.376546e-01  9.682951e-01  9.684432e-01 -3.875602e+00  8.899907e-01  7.612369e+01
 6.250000e-01  9.679534e-01  9.375323e-01  9.679313e-01  9.678348e-01 -3.873923e+00  8.646808e-01  7.444437e+01
 6.300000e-01  9.652678e-01  9.324125e-01  9.658235e-01  9.648979e-01 -3.863932e+00  9.851201e-01  7.365543e+01
 6.350000e-01  9.626933e-01  9.274674e-01  9.630668e-01  9.633054e-01 -3.856206e+00  9.351852e-01  6.806050e+01
 6.400000e-01  9.618684e-01  9.259536e-01  9.625611e-01  9.630205e-01 -3.854247e+00  1.077360e+00  6.784362e+01
 6.450000e-01  9.612608e-01  9.247533e-01  9.610182e-01  9.618110e-01 -3.848941e+00  9.865034e-01  6.786858e+01
 6.500000e-01  9.564182e-01  9.155279e-01  9.571855e-01  9.568006e-01 -3.832312e+00  1.029589e+00  6.303880e+01
 6.550000e-01  9.562758e-01  9.153329e-01  9.569671e-01  9.563082e-01 -3.830141e+00  1.136790e+00  6.312897e+01
 6.600000e-01  9.548841e-01  9.126783e-01  9.551343e-01  9.552886e-01 -3.824522e+00  1.104445e+00  6.261830e+01
 6.650000e-01  9.511943e-01  9.056699e-01  9.522859e-01  9.515749e-01 -3.813431e+00  1.165520e+00  5.922769e+01
 6.700000e-01  9.496164e-01  9.026447e-01  9.498691e-01  9.503333e-01 -3.805303e+00  1.034044e+00  5.873529e+01
 6.750000e-01  9.457550e-01  8.955595e-01  9.464602e-01  9.470281e-01 -3.793407e+00  1.297866e+00  5.499175e+01
 6.800000e-01  9.436842e-01  8.915373e-01  9.446945e-01  9.451874e-01 -3.785687e+00  1.154274e+00  5.409051e+01
 6.850000e-01  9.423903e-01  8.890989e-01  9.440253e-01  9.432354e-01 -3.780098e+00  1.201160e+00  5.448625e+01
 6.900000e-01  9.433635e-01  8.910184e-01  9.422907e-01  9.438691e-01 -3.778614e+00  1.231912e+00  5.452619e+01
 6.950000e-01  9.394788e-01  8.836632e-01  9.391532e-01  9.404782e-01 -3.765697e+00  1.188898e+00  5.251616e+01
 7.000000e-01  9.341738e-01  8.739585e-01  9.348403e-01  9.363012e-01 -3.750211e+00  1.418220e+00  4.961396e+01
 7.050000e-01  9.321110e-01  8.701887e-01  9.333753e-01  9.333804e-01 -3.742040e+00  1.503604e+00  4.844812e+01
 7.100000e-01  9.327230e-01  8.713328e-01  9.335512e-01  9.338317e-01 -3.743158e+00  1.422696e+00  4.913761e+01
 7.150000e-01  9.307768e-01  8.676272e-01  9.309286e-01  9.313075e-01 -3.733484e+00  1.286575e+00  4.789663e+01
 7.200000e-01  9.246880e-01  8.564601e-01  9.261682e-01  9.261655e-01 -3.714097e+00  1.406613e+00  4.495573e+01
 7.250000e-01  9.210322e-01  8.496940e-01  9.237618e-01  9.223043e-01 -3.702986e+00  1.441436e+00  4.412085e+01
 7.300000e-01  9.208292e-01  8.495890e-01  9.220184e-01  9.220869e-01 -3.698473e+00  1.672665e+00  4.423926e+01
 7.350000e-01  9.179636e-01  8.441460e-01  9.195499e-01  9.191731e-01 -3.688991e+00  1.476563e+00  4.298115e+01
 7.400000e-01  9.178854e-01  8.442781e-01  9.185852e-01  9.184361e-01 -3.685185e+00  1.679707e+00  4.289315e+01
 7.450000e-01  9.119558e-01  8.335214e-01  9.139680e-01  9.137026e-01 -3.668692e+00  1.783488e+00  4.112157e+01
 7.500000e-01  9.047146e-01  8.201096e-01  9.077276e-01  9.078027e-01 -3.645455e+00  1.431302e+00  3.849235e+01
 7.550000e-01  9.037633e-01  8.187158e-01  9.069712e-01  9.059483e-01 -3.640870e+00  1.706999e+00  3.862975e+01
 7.600000e-01  8.988991e-01  8.099453e-01  9.012366e-01  9.016275e-01 -3.621238e+00  1.710707e+00  3.785184e+01
 7.650000e-01  8.980580e-01  8.089494e-01  9.004229e-01  9.003409e-01 -3.618887e+00  2.123674e+00  3.771530e+01
 7.700000e-01  8.945843e-01  8.023750e-01  8.968778e-01  8.979007e-01 -3.606748e+00  1.740566e+00  3.691809e+01
 7.750000e-01  8.895770e-01  7.935045e-01  8.920536e-01  8.941297e-01 -3.590521e+00  1.792518e+00  3.518794e+01
 7.800000e-01  8.847889e-01  7.850801e-01  8.879297e-01  8.886555e-01 -3.572592e+00  1.906556e+00  3.470286e+01
 7.850000e-01  8.739831e-01  7.662158e-01  8.783430e-01  8.790267e-01 -3.537548e+00  1.912816e+00  3.225442e+01
 7.900000e-01  8.773810e-01  7.722833e-01  8.811913e-01  8.815385e-01 -3.545173e+00  2.077917e+00  3.356853e+01
 7.950000e-01  8.725217e-01  7.638182e-01  8.777922e-01  8.757991e-01 -3.529186e+00  2.051590e+00  3.206800e+01
 8.000000e-01  8.656691e-01  7.518440e-01  8.711241e-01  8.707398e-01 -3.508349e+00  1.867275e+00  3.072834e+01
 8.050000e-01  8.592485e-01  7.412886e-01  8.656574e-01  8.662823e-01 -3.492476e+00  2.266828e+00  2.982859e+01
 8.100000e-01  8.547375e-01  7.336642e-01  8.612283e-01  8.617450e-01 -3.474949e+00  2.163678e+00  2.895556e+01
 8.150000e-01  8.524658e-01  7.298832e-01  8.568217e-01  8.573068e-01 -3.456175e+00  2.270451e+00  2.911597e+01
 8.200000e-01  8.550664e-01  7.337569e-01  8.606978e-01  8.593479e-01 -3.469010e+00  1.828922e+00  2.961454e+01
 8.250000e-01  8.426459e-01  7.130716e-01  8.480288e-01  8.492424e-01 -3.427381e+00  2.067069e+00  2.763675e+01
 8.300000e-01  8.372624e-01  7.041564e-01  8.443936e-01  8.454898e-01 -3.416456e+00  2.041483e+00  2.656499e+01
 8.350000e-01  8.334870e-01  6.979333e-01  8.408168e-01  8.408962e-01 -3.399464e+00  2.178945e+00  2.633408e+01
 8.400000e-01  8.315562e-01  6.947178e-01  8.387996e-01  8.381405e-01 -3.389224e+00  2.028171e+00  2.650156e+01
 8.450000e-01  8.206498e-01  6.767591e-01  8.292866e-01  8.312333e-01 -3.361016e+00  2.046816e+00  2.492657e+01
 8.500000e-01  8.208115e-01  6.775554e-01  8.295632e-01  8.295974e-01 -3.360004e+00  2.278469e+00  2.485903e+01
 8.550000e-01  8.043592e-01  6.513470e-01  8.151866e-01  8.161587e-01 -3.308990e+00  2.625265e+00  2.355562e+01
 8.600000e-01  8.041589e-01  6.504713e-01  8.147356e-01  8.166258e-01 -3.307816e+00  2.357979e+00  2.331797e+01
 8.650000e-01  7.917778e-01  6.311253e-01  8.038872e-01  8.063706e-01 -3.271328e+00  2.370103e+00  2.237713e+01
 8.700000e-01  7.891992e-01  6.275203e-01  8.015166e-01  8.042781e-01 -3.266833e+00  2.686215e+00  2.115800e+01
 8.750000e-01  7.840990e-01  6.191798e-01  7.955073e-01  7.996461e-01 -3.249666e+00  2.432088e+00  2.121637e+01
 8.800000e-01  7.851297e-01  6.207688e-01  7.971816e-01  7.978359e-01 -3.245272e+00  2.417994e+00  2.160598e+01
 8.850000e-01  7.729155e-01  6.024931e-01  7.856428e-01  7.896329e-01 -3.209337e+00  2.705745e+00  2.045346e+01
 8.900000e-01  7.685586e-01  5.951207e-01  7.826489e-01  7.864674e-01 -3.201704e+00  2.458969e+00  1.988713e+01
 8.950000e-01  7.555975e-01  5.760074e-01  7.704864e-01  7.755733e-01 -3.167279e+00  2.514833e+00  1.885086e+01
 9.000000e-01  7.501810e-01  5.690026e-01  7.657816e-01  7.691803e-01 -3.143779e+00  3.024227e+00  1.886657e+01
 9.050000e-01  7.402930e-01  5.534694e-01  7.594592e-01  7.629018e-01 -3.119650e+00  2.706240e+00  1.798548e+01
 9.100000e-01  7.378181e-01  5.497002e-01  7.547597e-01  7.587019e-01 -3.108354e+00  2.555723e+00  1.766101e+01
 9.150000e-01  7.313399e-01  5.401202e-01  7.497909e-01  7.552819e-01 -3.086336e+00  2.672154e+00  1.786873e+01
 9.200000e-01  7.169652e-01  5.206989e-01  7.375750e-01  7.437980e-01 -3.056699e+00  2.983891e+00  1.629080e+01
 9.250000e-01  7.011405e-01  4.979257e-01  7.242350e-01  7.309446e-01 -3.016140e+00  2.779909e+00  1.529600e+01
 9.300000e-01  7.011084e-01  4.979194e-01  7.249830e-01  7.297806e-01 -3.005711e+00  2.674458e+00  1.584257e+01
 9.350000e-01  6.978224e-01  4.937100e-01  7.216993e-01  7.286001e-01 -3.001979e+00  2.900979e+00  1.540937e+01
 9.400000e-01  7.006470e-01  4.968287e-01  7.249038e-01  7.282407e-01 -2.999996e+00  2.673104e+00  1.594141e+01
 9.450000e-01  6.754163e-01  4.635550e-01  7.030004e-01  7.116702e-01 -2.944614e+00  2.574338e+00  1.398082e+01
 9.500000e-01  6.787951e-01  4.672946e-01  7.075192e-01  7.117384e-01 -2.947825e+00  2.476609e+00  1.446929e+01
 9.550000e-01  6.738950e-01  4.621055e-01  7.002581e-01  7.070580e-01 -2.933280e+00  2.996736e+00  1.411161e+01
 9.600000e-01  6.380891e-01  4.150518e-01  6.749668e-01  6.861308e-01 -2.861883e+00  2.735129e+00  1.226268e+01
 9.650000e-01  6.378779e-01  4.149083e-01  6.705406e-01  6.825427e-01 -2.840618e+00  2.893113e+00  1.263940e+01
 9.700000e-01  6.452751e-01  4.229420e-01  6.753781e-01  6.851855e-01 -2.854381e+00  2.359538e+00  1.312190e+01
 9.750000e-01  6.314425e-01  4.057715e-01  6.644826e-01  6.748294e-01 -2.820223e+00  2.389147e+00  1.242860e+01
 9.800000e-01  6.053990e-01  3.743745e-01  6.443633e-01  6.562971e-01 -2.769953e+00  2.529677e+00  1.142282e+01
 9.850000e-01  5.915802e-01  3.572963e-01  6.354235e-01  6.471423e-01 -2.734330e+00  2.314242e+00  1.080212e+01
 9.900000e-01  5.852700e-01  3.507861e-01  6.309536e-01  6.428240e-01 -2.720573e+00  2.611553e+00  1.072441e+01
 9.950000e-01  5.974454e-01  3.655600e-01  6.356190e-01  6.491783e-01 -2.736498e+00  2.768700e+00  1.131522e+01
 1.000000e+00  5.954870e-01  3.634273e-01  6.354506e-01  6.472492e-01 -2.729700e+00  2.828934e+00  1.113705e+01
 1.010000e+00  5.495086e-01  3.087835e-01  6.007012e-01  6.173695e-01 -2.629514e+00  2.085334e+00  9.606878e+00
 1.020000e+00  5.577115e-01  3.183176e-01  6.045742e-01  6.194015e-01 -2.633067e+00  2.173227e+00  9.959456e+00
 1.030000e+00  5.300021e-01  2.888232e-01  5.834768e-01  6.027665e-01 -2.578687e+00  2.238840e+00  9.205938e+00
 1.040000e+00  5.197072e-01  2.779050e-01  5.721306e-01  5.909503e-01 -2.545185e+00  2.275386e+00  9.109650e+00
 1.050000e+00  4.968947e-01  2.538895e-01  5.576455e-01  5.762331e-01 -2.489417e+00  2.064574e+00  8.387600e+00
 1.060000e+00  5.004596e-01  2.568884e-01  5.550069e-01  5.737977e-01 -2.476662e+00  1.858488e+00  8.812466e+00
 1.070000e+00  4.841490e-01  2.411177e-01  5.414526e-01  5.654660e-01 -2.450637e+00  1.944713e+00  8.367698e+00
 1.080000e+00  4.778091e-01  2.358927e-01  5.362052e-01  5.587985e-01 -2.422247e+00  1.987462e+00  8.167161e+00
 1.090000e+00  4.701101e-01  2.276445e-01  5.325125e-01  5.523531e-01 -2.404287e+00  1.946719e+00  8.096491e+00
 1.100000e+00  4.539117e-01  2.128722e-01  5.180223e-01  5.415038e-01 -2.367325e+00  1.790983e+00  7.773438e+00
 1.110000e+00  4.524476e-01  2.113783e-01  5.147714e-01  5.348449e-01 -2.351077e+00  1.896990e+00  7.741883e+00
 1.120000e+00  4.439057e-01  2.032679e-01  5.069980e-01  5.283648e-01 -2.324749e+00  1.736497e+00  7.636993e+00
 1.130000e+00  4.235875e-01  1.860110e-01  4.894795e-01  5.145279e-01 -2.274795e+00  1.823929e+00  7.190055e+00
 1.140000e+00  4.184255e-01  1.815161e-01  4.896450e-01  5.133227e-01 -2.263772e+00  1.746182e+00  7.078468e+00
 1.150000e+00  4.058108e-01  1.717425e-01  4.743653e-01  5.037848e-01 -2.236560e+00  1.749452e+00  6.872201e+00
 1.160000e+00  3.959982e-01  1.640423e-01  4.682556e-01  4.922599e-01 -2.194596e+00  1.707673e+00  6.818739e+00
 1.170000e+00  3.940752e-01  1.617507e-01  4.638943e-01  4.888930e-01 -2.185186e+00  1.475527e+00  6.712011e+00
 1.180000e+00  3.949010e-01  1.626414e-01  4.613314e-01  4.836843e-01 -2.165004e+00  1.601280e+00  7.017842e+00
 1.190000e+00  3.801855e-01  1.514515e-01  4.519810e-01  4.772939e-01 -2.140867e+00  1.736434e+00  6.586971e+00
 1.200000e+00  3.631554e-01  1.404258e-01  4.354329e-01  4.651784e-01 -2.105053e+00  1.835056e+00  6.242824e+00
 1.210000e+00  3.613381e-01  1.372862e-01  4.332080e-01  4.605465e-01 -2.082893e+00  1.715390e+00  6.358327e+00
 1.220000e+00  3.422622e-01  1.246933e-01  4.182145e-01  4.462241e-01 -2.036398e+00  1.893084e+00  6.058461e+00
 1.230000e+00  3.468309e-01  1.282030e-01  4.222815e-01  4.494060e-01 -2.031660e+00  1.789296e+00  6.136782e+00
 1.240000e+00  3.229540e-01  1.117895e-01  4.023094e-01  4.295408e-01 -1.980049e+00  1.667394e+00  5.755929e+00
 1.250000e+00  3.163214e-01  1.078874e-01  3.948731e-01  4.237018e-01 -1.958075e+00  1.729932e+00  5.650569e+00
 1.260000e+00  3.065656e-01  1.026058e-01  3.901263e-01  4.212606e-01 -1.936634e+00  1.767500e+00  5.457042e+00
 1.270000e+00  3.065590e-01  1.013136e-01  3.901649e-01  4.138059e-01 -1.922017e+00  1.648614e+00  5.518412e+00
 1.280000e+00  2.961502e-01  9.557097e-02  3.753538e-01  4.084893e-01 -1.886148e+00  1.720229e+00  5.452808e+00
 1.290000e+00  2.923283e-01  9.341899e-02  3.724542e-01  4.033717e-01 -1.875778e+00  1.699217e+00  5.387648e+00
 1.300000e+00  2.776836e-01  8.539840e-02  3.668478e-01  3.954495e-01 -1.836433e+00  1.776458e+00  5.155664e+00
 1.310000e+00  2.652330e-01  7.861077e-02  3.527707e-01  3.826086e-01 -1.800816e+00  1.770075e+00  4.947062e+00
 1.320000e+00  2.584692e-01  7.476251e-02  3.450346e-01  3.743328e-01 -1.772902e+00  1.502912e+00  4.882483e+00
 1.330000e+00  2.581241e-01  7.470555e-02  3.449166e-01  3.718297e-01 -1.760416e+00  1.729386e+00  4.992582e+00
 1.340000e+00  2.401664e-01  6.623204e-02  3.330820e-01  3.594052e-01 -1.725514e+00  1.651754e+00  4.638737e+00
 1.350000e+00  2.308846e-01  6.142399e-02  3.181500e-01  3.563599e-01 -1.700679e+00  1.752649e+00  4.539500e+00
 1.360000e+00  2.318253e-01  6.200673e-02  3.213126e-01  3.496593e-01 -1.683750e+00  1.932718e+00  4.548724e+00
 1.370000e+00  2.100845e-01  5.283107e-02  2.978197e-01  3.339901e-01 -1.626360e+00  1.800615e+00  4.232507e+00
 1.380000e+00  2.010116e-01  4.824674e-02  2.940142e-01  3.289447e-01 -1.598224e+00  1.558889e+00  4.130889e+00
 1.390000e+00  2.026170e-01  4.769435e-02  2.945996e-01  3.248711e-01 -1.586549e+00  1.688587e+00  4.214812e+00
 1.400000e+00  1.910122e-01  4.458218e-02  2.841024e-01  3.181426e-01 -1.575907e+00  1.510080e+00  3.940490e+00
 1.410000e+00  1.742933e-01  3.851535e-02  2.690660e-01  3.046424e-01 -1.529082e+00  1.669395e+00  3.731394e+00
 1.420000e+00  1.804687e-01  3.960895e-02  2.737812e-01  3.079002e-01 -1.532192e+00  1.621675e+00  3.843236e+00
 1.430000e+00  1.668763e-01  3.597121e-02  2.643377e-01  2.981161e-01 -1.495544e+00  1.642686e+00  3.643720e+00
 1.440000e+00  1.548343e-01  3.146537e-02  2.519720e-01  2.827492e-01 -1.446234e+00  1.598028e+00  3.511389e+00
 1.450000e+00  1.420080e-01  2.711496e-02  2.396848e-01  2.753379e-01 -1.413695e+00  1.479638e+00  3.277378e+00
 1.460000e+00  1.464722e-01  2.853593e-02  2.488692e-01  2.760193e-01 -1.423802e+00  1.571580e+00  3.335855e+00
 1.470000e+00  1.438850e-01  2.743102e-02  2.433048e-01  2.718229e-01 -1.395633e+00  1.570053e+00  3.359741e+00
 1.480000e+00  1.306711e-01  2.259619e-02  2.313903e-01  2.593084e-01 -1.357158e+00  1.218068e+00  3.118619e+00
 1.490000e+00  1.316866e-01  2.299041e-02  2.290974e-01  2.588937e-01 -1.357437e+00  1.258655e+00  3.158528e+00
 1.500000e+00  1.249202e-01  2.128170e-02  2.193629e-01  2.537144e-01 -1.326903e+00  1.316001e+00  3.090963e+00
 1.510000e+00  1.128506e-01  1.771414e-02  2.110181e-01  2.530065e-01 -1.308525e+00  1.308308e+00  2.856658e+00
