# Enhanced Quasi-3D Monte Carlo Simulation
# Timestamp: 20250716_042222
# Spin model: icosahedral (13 states)
# Algorithm: hybrid (hybrid Metropolis+Wolff)
# Theoretical Tc (8-state Potts): ~0.751
# Temperature range: 0.1-1.5 (optimized for critical region)
# Layer: 1/3
# System size: 8x8x3, Total sites: 192
# Void parameter D: 0.500
#
# Temperature          M^2          M^4          G^2          G^4       Energy           Cv         Corr
 1.000000e-01  1.000000e+00  1.000000e+00  1.000000e+00  1.000000e+00 -4.000000e+00  0.000000e+00  0.000000e+00
 1.080000e-01  1.000000e+00  1.000000e+00  1.000000e+00  1.000000e+00 -4.000000e+00  0.000000e+00  0.000000e+00
 1.160000e-01  1.000000e+00  1.000000e+00  1.000000e+00  1.000000e+00 -4.000000e+00  0.000000e+00  0.000000e+00
 1.240000e-01  1.000000e+00  1.000000e+00  1.000000e+00  1.000000e+00 -4.000000e+00  0.000000e+00  0.000000e+00
 1.320000e-01  1.000000e+00  1.000000e+00  1.000000e+00  1.000000e+00 -4.000000e+00  0.000000e+00  0.000000e+00
 1.400000e-01  1.000000e+00  1.000000e+00  1.000000e+00  1.000000e+00 -4.000000e+00  0.000000e+00  0.000000e+00
 1.480000e-01  1.000000e+00  1.000000e+00  1.000000e+00  1.000000e+00 -4.000000e+00  0.000000e+00  0.000000e+00
 1.560000e-01  1.000000e+00  1.000000e+00  1.000000e+00  1.000000e+00 -4.000000e+00  0.000000e+00  0.000000e+00
 1.640000e-01  1.000000e+00  1.000000e+00  1.000000e+00  1.000000e+00 -4.000000e+00  0.000000e+00  0.000000e+00
 1.720000e-01  1.000000e+00  1.000000e+00  1.000000e+00  1.000000e+00 -4.000000e+00  0.000000e+00  0.000000e+00
 1.800000e-01  1.000000e+00  1.000000e+00  1.000000e+00  1.000000e+00 -4.000000e+00  0.000000e+00  0.000000e+00
 1.880000e-01  1.000000e+00  1.000000e+00  1.000000e+00  1.000000e+00 -4.000000e+00  0.000000e+00  0.000000e+00
 1.960000e-01  1.000000e+00  1.000000e+00  1.000000e+00  1.000000e+00 -4.000000e+00  0.000000e+00  0.000000e+00
 2.040000e-01  1.000000e+00  1.000000e+00  1.000000e+00  1.000000e+00 -4.000000e+00  0.000000e+00  0.000000e+00
 2.120000e-01  1.000000e+00  1.000000e+00  1.000000e+00  1.000000e+00 -4.000000e+00  0.000000e+00  0.000000e+00
 2.200000e-01  1.000000e+00  1.000000e+00  1.000000e+00  1.000000e+00 -4.000000e+00  0.000000e+00  0.000000e+00
 2.280000e-01  1.000000e+00  1.000000e+00  1.000000e+00  1.000000e+00 -4.000000e+00  0.000000e+00  0.000000e+00
 2.360000e-01  9.999660e-01  9.999326e-01  9.999741e-01  9.999741e-01 -3.999896e+00  6.159901e-03  2.514833e+03
 2.440000e-01  9.999320e-01  9.998651e-01  9.999482e-01  9.999482e-01 -3.999793e+00  1.150209e-02  1.778225e+03
 2.520000e-01  1.000000e+00  1.000000e+00  1.000000e+00  1.000000e+00 -4.000000e+00  0.000000e+00  0.000000e+00
 2.600000e-01  1.000000e+00  1.000000e+00  1.000000e+00  1.000000e+00 -4.000000e+00  0.000000e+00  0.000000e+00
 2.680000e-01  1.000000e+00  1.000000e+00  1.000000e+00  1.000000e+00 -4.000000e+00  0.000000e+00  0.000000e+00
 2.760000e-01  9.999320e-01  9.998651e-01  9.999482e-01  9.999482e-01 -3.999793e+00  8.989559e-03  1.778225e+03
 2.840000e-01  9.999320e-01  9.998651e-01  9.999395e-01  9.999179e-01 -3.999715e+00  8.992641e-03  1.778225e+03
 2.920000e-01  9.999150e-01  9.998314e-01  9.998964e-01  9.999309e-01 -3.999655e+00  1.054994e-02  1.590479e+03
 3.000000e-01  9.999660e-01  9.999326e-01  9.999741e-01  9.999395e-01 -3.999827e+00  4.222846e-03  2.514833e+03
 3.080000e-01  9.998470e-01  9.996965e-01  9.998748e-01  9.998661e-01 -3.999482e+00  1.642795e-02  1.185433e+03
 3.160000e-01  9.998640e-01  9.997302e-01  9.998229e-01  9.998532e-01 -3.999352e+00  1.479264e-02  1.257352e+03
 3.240000e-01  9.996939e-01  9.993930e-01  9.997193e-01  9.997150e-01 -3.998869e+00  2.973826e-02  8.381628e+02
 3.320000e-01  9.996767e-01  9.993596e-01  9.996588e-01  9.997236e-01 -3.998765e+00  3.311807e-02  8.158007e+02
 3.400000e-01  9.994561e-01  9.989221e-01  9.995034e-01  9.994990e-01 -3.998005e+00  4.996118e-02  6.285467e+02
 3.480000e-01  9.996259e-01  9.992582e-01  9.995854e-01  9.996070e-01 -3.998385e+00  3.201466e-02  7.581208e+02
 3.560000e-01  9.994559e-01  9.989210e-01  9.994774e-01  9.994386e-01 -3.997832e+00  4.362575e-02  6.285467e+02
 3.640000e-01  9.994048e-01  9.988198e-01  9.993565e-01  9.994299e-01 -3.997573e+00  4.533421e-02  6.009901e+02
 3.720000e-01  9.992688e-01  9.985500e-01  9.991967e-01  9.993047e-01 -3.997003e+00  5.405109e-02  5.421723e+02
 3.800000e-01  9.989290e-01  9.978767e-01  9.989463e-01  9.989765e-01 -3.995845e+00  7.478092e-02  4.509091e+02
 3.880000e-01  9.994224e-01  9.988557e-01  9.992917e-01  9.994127e-01 -3.997392e+00  4.372918e-02  6.009954e+02
 3.960000e-01  9.984199e-01  9.968706e-01  9.985662e-01  9.983805e-01 -3.993876e+00  1.120546e-01  3.656911e+02
 4.040000e-01  9.984014e-01  9.968306e-01  9.985014e-01  9.983503e-01 -3.993698e+00  9.738676e-02  3.675696e+02
 4.120000e-01  9.981316e-01  9.962996e-01  9.982121e-01  9.981343e-01 -3.992693e+00  1.159520e-01  3.357479e+02
 4.200000e-01  9.980622e-01  9.961613e-01  9.979227e-01  9.978839e-01 -3.991656e+00  1.135408e-01  3.261166e+02
 4.280000e-01  9.971969e-01  9.944524e-01  9.974175e-01  9.972826e-01 -3.989445e+00  1.678211e-01  2.776506e+02
 4.360000e-01  9.970956e-01  9.942490e-01  9.969985e-01  9.970245e-01 -3.988072e+00  1.625509e-01  2.700039e+02
 4.440000e-01  9.967744e-01  9.936161e-01  9.967643e-01  9.967956e-01 -3.987148e+00  1.766066e-01  2.540631e+02
 4.520000e-01  9.967905e-01  9.936451e-01  9.967437e-01  9.966833e-01 -3.986849e+00  1.734538e-01  2.652192e+02
 4.600000e-01  9.954641e-01  9.910259e-01  9.954152e-01  9.954930e-01 -3.981932e+00  2.149160e-01  2.114011e+02
 4.680000e-01  9.951427e-01  9.903890e-01  9.952754e-01  9.950292e-01 -3.980720e+00  2.192696e-01  2.036596e+02
 4.760000e-01  9.945524e-01  9.892313e-01  9.944505e-01  9.944678e-01 -3.977889e+00  2.729424e-01  1.966621e+02
 4.840000e-01  9.940345e-01  9.882061e-01  9.939237e-01  9.940489e-01 -3.976204e+00  2.642097e-01  1.814603e+02
 4.920000e-01  9.933030e-01  9.867674e-01  9.932802e-01  9.932111e-01 -3.973190e+00  2.914716e-01  1.716554e+02
 5.050000e-01  9.924947e-01  9.851931e-01  9.922696e-01  9.923101e-01 -3.969427e+00  3.437888e-01  1.644827e+02
 5.100000e-01  9.908291e-01  9.818973e-01  9.909325e-01  9.908229e-01 -3.963822e+00  3.582058e-01  1.471220e+02
 5.150000e-01  9.915671e-01  9.833767e-01  9.914680e-01  9.912823e-01 -3.965778e+00  3.814194e-01  1.544562e+02
 5.200000e-01  9.905285e-01  9.813144e-01  9.903521e-01  9.902940e-01 -3.961818e+00  3.583828e-01  1.429908e+02
 5.250000e-01  9.894446e-01  9.791724e-01  9.889422e-01  9.892482e-01 -3.956756e+00  3.842229e-01  1.384788e+02
 5.300000e-01  9.880288e-01  9.764101e-01  9.880890e-01  9.882389e-01 -3.953146e+00  4.525629e-01  1.286834e+02
 5.350000e-01  9.875163e-01  9.754289e-01  9.875646e-01  9.873602e-01 -3.950412e+00  5.226635e-01  1.278458e+02
 5.400000e-01  9.861956e-01  9.728627e-01  9.861496e-01  9.863494e-01 -3.945486e+00  5.592583e-01  1.217066e+02
 5.450000e-01  9.860393e-01  9.725344e-01  9.859317e-01  9.861175e-01 -3.944873e+00  5.098716e-01  1.174388e+02
 5.500000e-01  9.851624e-01  9.708158e-01  9.849016e-01  9.853175e-01 -3.941490e+00  5.264238e-01  1.119403e+02
 5.550000e-01  9.853018e-01  9.710848e-01  9.850588e-01  9.850139e-01 -3.940727e+00  5.167696e-01  1.146834e+02
 5.600000e-01  9.817350e-01  9.641204e-01  9.819635e-01  9.823154e-01 -3.929591e+00  5.985920e-01  1.010811e+02
 5.650000e-01  9.812371e-01  9.631439e-01  9.811105e-01  9.817184e-01 -3.926700e+00  5.956204e-01  1.014838e+02
 5.700000e-01  9.814832e-01  9.636223e-01  9.808987e-01  9.811241e-01 -3.925029e+00  5.688392e-01  1.024754e+02
 5.750000e-01  9.803156e-01  9.613870e-01  9.803118e-01  9.803474e-01 -3.922388e+00  6.486229e-01  9.860330e+01
 5.800000e-01  9.789231e-01  9.586976e-01  9.788587e-01  9.788515e-01 -3.916597e+00  7.221759e-01  9.447022e+01
 5.850000e-01  9.783180e-01  9.575000e-01  9.779275e-01  9.783246e-01 -3.913568e+00  6.732945e-01  9.428475e+01
 5.900000e-01  9.784337e-01  9.577164e-01  9.782907e-01  9.780003e-01 -3.913744e+00  6.553240e-01  9.537193e+01
 5.950000e-01  9.751231e-01  9.513280e-01  9.753694e-01  9.749135e-01 -3.902060e+00  7.402907e-01  8.751355e+01
 6.000000e-01  9.741172e-01  9.494110e-01  9.743013e-01  9.745263e-01 -3.899454e+00  8.215123e-01  8.429221e+01
 6.050000e-01  9.742820e-01  9.496739e-01  9.741616e-01  9.739922e-01 -3.897446e+00  7.589848e-01  8.682489e+01
 6.100000e-01  9.718297e-01  9.449413e-01  9.723787e-01  9.714498e-01 -3.889545e+00  7.614535e-01  8.218247e+01
 6.150000e-01  9.682261e-01  9.380918e-01  9.690686e-01  9.691224e-01 -3.878315e+00  9.798073e-01  7.648123e+01
 6.200000e-01  9.686673e-01  9.388632e-01  9.688266e-01  9.686969e-01 -3.876993e+00  8.101600e-01  7.763608e+01
 6.250000e-01  9.676232e-01  9.368459e-01  9.674162e-01  9.678125e-01 -3.872810e+00  8.143514e-01  7.609651e+01
 6.300000e-01  9.668431e-01  9.354256e-01  9.660334e-01  9.666680e-01 -3.868276e+00  9.412614e-01  7.429693e+01
 6.350000e-01  9.630117e-01  9.280449e-01  9.636675e-01  9.631824e-01 -3.856941e+00  9.089226e-01  6.957830e+01
 6.400000e-01  9.635106e-01  9.291075e-01  9.637787e-01  9.634607e-01 -3.857551e+00  1.059886e+00  7.020486e+01
 6.450000e-01  9.590726e-01  9.205287e-01  9.597335e-01  9.599347e-01 -3.843012e+00  9.632376e-01  6.608441e+01
 6.500000e-01  9.593452e-01  9.210984e-01  9.590969e-01  9.587878e-01 -3.839374e+00  1.001199e+00  6.479924e+01
 6.550000e-01  9.569569e-01  9.165253e-01  9.569301e-01  9.572349e-01 -3.832431e+00  9.573323e-01  6.416990e+01
 6.600000e-01  9.542667e-01  9.114848e-01  9.546284e-01  9.548096e-01 -3.823299e+00  1.074080e+00  6.169792e+01
 6.650000e-01  9.541440e-01  9.111617e-01  9.538261e-01  9.539357e-01 -3.819512e+00  1.029248e+00  6.212433e+01
 6.700000e-01  9.472631e-01  8.982796e-01  9.484374e-01  9.486614e-01 -3.799087e+00  1.189814e+00  5.617169e+01
 6.750000e-01  9.473060e-01  8.983650e-01  9.483252e-01  9.474491e-01 -3.796345e+00  1.183144e+00  5.865164e+01
 6.800000e-01  9.449566e-01  8.939910e-01  9.461175e-01  9.454648e-01 -3.788491e+00  1.211203e+00  5.586748e+01
 6.850000e-01  9.469582e-01  8.977879e-01  9.464516e-01  9.465081e-01 -3.791783e+00  1.259175e+00  5.650634e+01
 6.900000e-01  9.376732e-01  8.805631e-01  9.396153e-01  9.394550e-01 -3.765476e+00  1.503141e+00  5.023876e+01
 6.950000e-01  9.361429e-01  8.774879e-01  9.380162e-01  9.375127e-01 -3.758445e+00  1.258552e+00  5.039580e+01
 7.000000e-01  9.332160e-01  8.722091e-01  9.355206e-01  9.345087e-01 -3.747203e+00  1.437859e+00  4.978267e+01
 7.050000e-01  9.326138e-01  8.711206e-01  9.335323e-01  9.337385e-01 -3.742822e+00  1.517916e+00  4.856680e+01
 7.100000e-01  9.322171e-01  8.702920e-01  9.333210e-01  9.333464e-01 -3.741547e+00  1.323111e+00  4.827837e+01
 7.150000e-01  9.252095e-01  8.574245e-01  9.266609e-01  9.283120e-01 -3.719698e+00  1.492895e+00  4.609185e+01
 7.200000e-01  9.245274e-01  8.561715e-01  9.254723e-01  9.262654e-01 -3.712355e+00  1.451767e+00  4.567184e+01
 7.250000e-01  9.247122e-01  8.565956e-01  9.252221e-01  9.255149e-01 -3.710918e+00  1.467906e+00  4.576200e+01
 7.300000e-01  9.188439e-01  8.458856e-01  9.199319e-01  9.212288e-01 -3.692689e+00  1.604106e+00  4.374848e+01
 7.350000e-01  9.164878e-01  8.414670e-01  9.186510e-01  9.183399e-01 -3.685933e+00  1.525476e+00  4.273262e+01
 7.400000e-01  9.140005e-01  8.370687e-01  9.154123e-01  9.168363e-01 -3.676995e+00  1.609816e+00  4.177224e+01
 7.450000e-01  9.119896e-01  8.334937e-01  9.135601e-01  9.142567e-01 -3.668077e+00  1.650169e+00  4.136783e+01
 7.500000e-01  9.068901e-01  8.242751e-01  9.090358e-01  9.089240e-01 -3.649748e+00  1.693094e+00  4.007367e+01
 7.550000e-01  9.043733e-01  8.195992e-01  9.054705e-01  9.073211e-01 -3.639088e+00  1.543653e+00  3.918324e+01
 7.600000e-01  8.978415e-01  8.079460e-01  9.000745e-01  9.011221e-01 -3.617468e+00  1.637615e+00  3.779372e+01
 7.650000e-01  8.957034e-01  8.043866e-01  8.987734e-01  8.998188e-01 -3.613916e+00  1.874037e+00  3.668637e+01
 7.700000e-01  8.929963e-01  7.996999e-01  8.953999e-01  8.967499e-01 -3.602897e+00  1.821694e+00  3.635309e+01
 7.750000e-01  8.852832e-01  7.859748e-01  8.900072e-01  8.904913e-01 -3.580491e+00  1.832113e+00  3.497905e+01
 7.800000e-01  8.845264e-01  7.848519e-01  8.876094e-01  8.882358e-01 -3.571885e+00  2.089644e+00  3.439692e+01
 7.850000e-01  8.713965e-01  7.618175e-01  8.768288e-01  8.772945e-01 -3.531048e+00  1.979445e+00  3.210528e+01
 7.900000e-01  8.741469e-01  7.667642e-01  8.782981e-01  8.799962e-01 -3.539880e+00  2.072667e+00  3.187880e+01
 7.950000e-01  8.760703e-01  7.700374e-01  8.784024e-01  8.797155e-01 -3.538581e+00  2.107552e+00  3.285692e+01
 8.000000e-01  8.657422e-01  7.522226e-01  8.697689e-01  8.722615e-01 -3.506943e+00  1.992953e+00  3.098411e+01
 8.050000e-01  8.648503e-01  7.507643e-01  8.685601e-01  8.696129e-01 -3.506095e+00  2.102922e+00  2.997150e+01
 8.100000e-01  8.573888e-01  7.377841e-01  8.616155e-01  8.631411e-01 -3.480638e+00  1.930502e+00  2.951099e+01
 8.150000e-01  8.468821e-01  7.202375e-01  8.522945e-01  8.548931e-01 -3.444563e+00  2.191695e+00  2.828813e+01
 8.200000e-01  8.540744e-01  7.322462e-01  8.575488e-01  8.612631e-01 -3.466101e+00  1.934924e+00  2.912033e+01
 8.250000e-01  8.377101e-01  7.049179e-01  8.449460e-01  8.463807e-01 -3.418955e+00  2.134915e+00  2.679571e+01
 8.300000e-01  8.409459e-01  7.099763e-01  8.468775e-01  8.475679e-01 -3.424626e+00  1.948786e+00  2.715261e+01
 8.350000e-01  8.327024e-01  6.964867e-01  8.401024e-01  8.416757e-01 -3.398538e+00  2.005179e+00  2.648957e+01
 8.400000e-01  8.295407e-01  6.915145e-01  8.355794e-01  8.381961e-01 -3.383522e+00  2.272484e+00  2.624234e+01
 8.450000e-01  8.217128e-01  6.788315e-01  8.298181e-01  8.310691e-01 -3.363301e+00  2.173886e+00  2.487200e+01
 8.500000e-01  8.168731e-01  6.707366e-01  8.256509e-01  8.292628e-01 -3.351756e+00  2.180083e+00  2.440139e+01
 8.550000e-01  8.065190e-01  6.541410e-01  8.156264e-01  8.178254e-01 -3.317167e+00  2.147956e+00  2.335392e+01
 8.600000e-01  8.031610e-01  6.497068e-01  8.140270e-01  8.149557e-01 -3.303741e+00  2.724339e+00  2.334122e+01
 8.650000e-01  7.950751e-01  6.362200e-01  8.073168e-01  8.073680e-01 -3.277670e+00  2.352858e+00  2.247687e+01
 8.700000e-01  7.867332e-01  6.234671e-01  8.000524e-01  8.019558e-01 -3.260190e+00  2.453003e+00  2.131103e+01
 8.750000e-01  7.846041e-01  6.203457e-01  7.988918e-01  7.991178e-01 -3.250242e+00  2.511262e+00  2.141481e+01
 8.800000e-01  7.804232e-01  6.132715e-01  7.919182e-01  7.970996e-01 -3.237513e+00  2.346191e+00  2.098195e+01
 8.850000e-01  7.662670e-01  5.918692e-01  7.821579e-01  7.848124e-01 -3.197608e+00  2.404447e+00  2.000780e+01
 8.900000e-01  7.716206e-01  5.998030e-01  7.846268e-01  7.871122e-01 -3.207565e+00  2.493274e+00  2.026415e+01
 8.950000e-01  7.516528e-01  5.711797e-01  7.692827e-01  7.724628e-01 -3.159577e+00  2.830541e+00  1.841450e+01
 9.000000e-01  7.448220e-01  5.602377e-01  7.613190e-01  7.666899e-01 -3.132291e+00  2.719338e+00  1.862056e+01
 9.050000e-01  7.444927e-01  5.602279e-01  7.608570e-01  7.650388e-01 -3.126248e+00  2.857532e+00  1.814572e+01
 9.100000e-01  7.357996e-01  5.467322e-01  7.540499e-01  7.579118e-01 -3.104636e+00  2.610251e+00  1.770454e+01
 9.150000e-01  7.344858e-01  5.448886e-01  7.538127e-01  7.556774e-01 -3.093913e+00  2.540165e+00  1.779483e+01
 9.200000e-01  7.167428e-01  5.206797e-01  7.386069e-01  7.435480e-01 -3.048639e+00  3.116821e+00  1.657213e+01
 9.250000e-01  7.034348e-01  5.018699e-01  7.259606e-01  7.322036e-01 -3.020286e+00  3.002453e+00  1.540066e+01
 9.300000e-01  6.977568e-01  4.926475e-01  7.199907e-01  7.292165e-01 -2.999793e+00  2.353229e+00  1.586143e+01
 9.350000e-01  6.972440e-01  4.925155e-01  7.229549e-01  7.280990e-01 -3.004109e+00  2.655980e+00  1.537866e+01
 9.400000e-01  7.049164e-01  5.025538e-01  7.265091e-01  7.309798e-01 -3.008768e+00  2.392753e+00  1.595255e+01
 9.450000e-01  6.787958e-01  4.677658e-01  7.056474e-01  7.145485e-01 -2.950383e+00  2.565468e+00  1.415404e+01
 9.500000e-01  6.791971e-01  4.680362e-01  7.050871e-01  7.132013e-01 -2.946633e+00  2.514474e+00  1.455446e+01
 9.550000e-01  6.670161e-01  4.529084e-01  6.944834e-01  7.051609e-01 -2.917028e+00  3.146312e+00  1.409057e+01
 9.600000e-01  6.442416e-01  4.227536e-01  6.783830e-01  6.863761e-01 -2.864800e+00  2.779972e+00  1.279257e+01
 9.650000e-01  6.404334e-01  4.172963e-01  6.725646e-01  6.811374e-01 -2.843102e+00  2.625899e+00  1.283437e+01
 9.700000e-01  6.459963e-01  4.249075e-01  6.754447e-01  6.874491e-01 -2.855338e+00  2.661173e+00  1.296598e+01
 9.750000e-01  6.276305e-01  4.013749e-01  6.627193e-01  6.749890e-01 -2.814852e+00  2.469937e+00  1.225325e+01
 9.800000e-01  6.050483e-01  3.734133e-01  6.443627e-01  6.573695e-01 -2.775291e+00  2.443048e+00  1.118811e+01
 9.850000e-01  5.904977e-01  3.561914e-01  6.334825e-01  6.467010e-01 -2.733403e+00  2.352067e+00  1.074581e+01
 9.900000e-01  5.859942e-01  3.512329e-01  6.283241e-01  6.448200e-01 -2.721866e+00  2.557463e+00  1.064296e+01
 9.950000e-01  6.034713e-01  3.729059e-01  6.387075e-01  6.520176e-01 -2.740947e+00  2.866483e+00  1.156702e+01
 1.000000e+00  5.879715e-01  3.537039e-01  6.317333e-01  6.456452e-01 -2.716823e+00  2.496623e+00  1.086141e+01
 1.010000e+00  5.465353e-01  3.069220e-01  5.981670e-01  6.156694e-01 -2.631925e+00  2.438746e+00  9.432201e+00
 1.020000e+00  5.562895e-01  3.162255e-01  6.039105e-01  6.179201e-01 -2.636635e+00  2.178062e+00  9.857012e+00
 1.030000e+00  5.296740e-01  2.878429e-01  5.851752e-01  6.007914e-01 -2.582387e+00  2.198479e+00  9.164837e+00
 1.040000e+00  5.257222e-01  2.844423e-01  5.771518e-01  5.957807e-01 -2.557140e+00  2.362161e+00  9.043680e+00
 1.050000e+00  4.975617e-01  2.548815e-01  5.577068e-01  5.779253e-01 -2.491511e+00  2.091842e+00  8.391910e+00
 1.060000e+00  4.986133e-01  2.552023e-01  5.545324e-01  5.725939e-01 -2.476241e+00  1.865321e+00  8.574627e+00
 1.070000e+00  4.873523e-01  2.438801e-01  5.454809e-01  5.649709e-01 -2.448013e+00  1.863436e+00  8.423343e+00
 1.080000e+00  4.744386e-01  2.330956e-01  5.340251e-01  5.558748e-01 -2.416192e+00  2.198707e+00  8.115271e+00
 1.090000e+00  4.730682e-01  2.306289e-01  5.327824e-01  5.524789e-01 -2.408207e+00  1.930528e+00  8.161228e+00
 1.100000e+00  4.548175e-01  2.133513e-01  5.192035e-01  5.406543e-01 -2.366009e+00  1.920968e+00  7.767138e+00
 1.110000e+00  4.511055e-01  2.101598e-01  5.140361e-01  5.372000e-01 -2.352306e+00  1.756713e+00  7.760359e+00
 1.120000e+00  4.417402e-01  2.016849e-01  5.032069e-01  5.284712e-01 -2.319547e+00  1.711100e+00  7.569302e+00
 1.130000e+00  4.194128e-01  1.825920e-01  4.878413e-01  5.107167e-01 -2.264142e+00  1.760979e+00  7.115123e+00
 1.140000e+00  4.203832e-01  1.832491e-01  4.892409e-01  5.134013e-01 -2.265772e+00  1.757861e+00  7.121834e+00
 1.150000e+00  4.037195e-01  1.699758e-01  4.744831e-01  5.011893e-01 -2.229845e+00  1.602436e+00  6.878723e+00
 1.160000e+00  3.972554e-01  1.642633e-01  4.678716e-01  4.910532e-01 -2.199249e+00  1.806791e+00  6.835919e+00
 1.170000e+00  3.882620e-01  1.580796e-01  4.584468e-01  4.845490e-01 -2.168277e+00  1.741084e+00  6.727629e+00
 1.180000e+00  3.820881e-01  1.532141e-01  4.570793e-01  4.815864e-01 -2.151908e+00  1.684868e+00  6.668112e+00
 1.190000e+00  3.727908e-01  1.452721e-01  4.497158e-01  4.731233e-01 -2.128097e+00  1.738563e+00  6.485817e+00
 1.200000e+00  3.575140e-01  1.356428e-01  4.331171e-01  4.618382e-01 -2.091057e+00  1.783048e+00  6.157414e+00
 1.210000e+00  3.601338e-01  1.366979e-01  4.364128e-01  4.589729e-01 -2.078943e+00  1.751966e+00  6.337343e+00
 1.220000e+00  3.488498e-01  1.293082e-01  4.248961e-01  4.496822e-01 -2.043497e+00  1.686228e+00  6.095755e+00
 1.230000e+00  3.416322e-01  1.242086e-01  4.197872e-01  4.469206e-01 -2.027208e+00  1.632483e+00  6.018595e+00
 1.240000e+00  3.288304e-01  1.157810e-01  4.077116e-01  4.321567e-01 -1.993983e+00  1.712597e+00  5.850119e+00
 1.250000e+00  3.142316e-01  1.065071e-01  3.942887e-01  4.233772e-01 -1.953213e+00  1.623593e+00  5.623063e+00
 1.260000e+00  3.132945e-01  1.065062e-01  3.932093e-01  4.221419e-01 -1.944473e+00  1.713303e+00  5.601669e+00
 1.270000e+00  3.098145e-01  1.033791e-01  3.895131e-01  4.215162e-01 -1.930955e+00  1.780563e+00  5.562765e+00
 1.280000e+00  2.890067e-01  9.172535e-02  3.743624e-01  4.011113e-01 -1.872281e+00  1.764102e+00  5.362451e+00
 1.290000e+00  2.934797e-01  9.493976e-02  3.708966e-01  4.010871e-01 -1.867943e+00  1.752135e+00  5.414391e+00
 1.300000e+00  2.788696e-01  8.642115e-02  3.621183e-01  3.913819e-01 -1.836666e+00  1.793263e+00  5.184654e+00
 1.310000e+00  2.701847e-01  8.063562e-02  3.533168e-01  3.832598e-01 -1.813449e+00  1.713252e+00  5.038332e+00
 1.320000e+00  2.550941e-01  7.356666e-02  3.443763e-01  3.731922e-01 -1.776271e+00  1.639881e+00  4.845399e+00
 1.330000e+00  2.586929e-01  7.459762e-02  3.420313e-01  3.712696e-01 -1.765720e+00  1.658853e+00  4.946272e+00
 1.340000e+00  2.421503e-01  6.703186e-02  3.313926e-01  3.645000e-01 -1.736486e+00  1.555463e+00  4.633268e+00
 1.350000e+00  2.321451e-01  6.205200e-02  3.233461e-01  3.527131e-01 -1.707055e+00  1.675541e+00  4.556512e+00
 1.360000e+00  2.328086e-01  6.208045e-02  3.212851e-01  3.513205e-01 -1.686927e+00  1.712307e+00  4.602858e+00
 1.370000e+00  2.090987e-01  5.190987e-02  3.026880e-01  3.321359e-01 -1.630942e+00  1.774928e+00  4.211113e+00
 1.380000e+00  1.966818e-01  4.694029e-02  2.884949e-01  3.231377e-01 -1.599269e+00  1.594342e+00  4.031385e+00
 1.390000e+00  2.003415e-01  4.770361e-02  2.940814e-01  3.232822e-01 -1.588207e+00  1.635810e+00  4.124247e+00
 1.400000e+00  1.937552e-01  4.497939e-02  2.826353e-01  3.181777e-01 -1.567852e+00  1.621375e+00  4.049075e+00
 1.410000e+00  1.765379e-01  3.932497e-02  2.714800e-01  3.082200e-01 -1.532454e+00  1.612983e+00  3.745942e+00
 1.420000e+00  1.783788e-01  3.881816e-02  2.712573e-01  3.069868e-01 -1.530554e+00  1.636374e+00  3.807020e+00
 1.430000e+00  1.645655e-01  3.456672e-02  2.634639e-01  2.942742e-01 -1.479018e+00  1.698304e+00  3.672518e+00
 1.440000e+00  1.586374e-01  3.248672e-02  2.511660e-01  2.866183e-01 -1.458088e+00  1.539499e+00  3.512376e+00
 1.450000e+00  1.454315e-01  2.775119e-02  2.428888e-01  2.780865e-01 -1.425782e+00  1.417466e+00  3.315874e+00
 1.460000e+00  1.482557e-01  2.903028e-02  2.472203e-01  2.797851e-01 -1.422296e+00  1.467160e+00  3.378298e+00
 1.470000e+00  1.436413e-01  2.720234e-02  2.336554e-01  2.725476e-01 -1.400203e+00  1.418034e+00  3.343063e+00
 1.480000e+00  1.308865e-01  2.309202e-02  2.306854e-01  2.641636e-01 -1.362697e+00  1.347402e+00  3.117689e+00
 1.490000e+00  1.306478e-01  2.318990e-02  2.300742e-01  2.627955e-01 -1.359443e+00  1.372035e+00  3.121330e+00
 1.500000e+00  1.254154e-01  2.144172e-02  2.245580e-01  2.549599e-01 -1.326983e+00  1.365938e+00  3.063141e+00
 1.510000e+00  1.120278e-01  1.811373e-02  2.113772e-01  2.433648e-01 -1.296140e+00  1.317768e+00  2.843770e+00
