# Enhanced Quasi-3D Monte Carlo Simulation
# Timestamp: 20250716_042222
# Spin model: icosahedral (13 states)
# Algorithm: hybrid (hybrid Metropolis+Wolff)
# Theoretical Tc (8-state Potts): ~0.751
# Temperature range: 0.1-1.5 (optimized for critical region)
# Layer: 2/3
# System size: 8x8x3, Total sites: 192
# Void parameter D: 0.500
#
# Temperature          M^2          M^4          G^2          G^4       Energy           Cv         Corr
 1.000000e-01  1.000000e+00  1.000000e+00  1.000000e+00  1.000000e+00 -4.000000e+00  0.000000e+00  0.000000e+00
 1.080000e-01  1.000000e+00  1.000000e+00  1.000000e+00  1.000000e+00 -4.000000e+00  0.000000e+00  0.000000e+00
 1.160000e-01  1.000000e+00  1.000000e+00  1.000000e+00  1.000000e+00 -4.000000e+00  0.000000e+00  0.000000e+00
 1.240000e-01  1.000000e+00  1.000000e+00  1.000000e+00  1.000000e+00 -4.000000e+00  0.000000e+00  0.000000e+00
 1.320000e-01  1.000000e+00  1.000000e+00  1.000000e+00  1.000000e+00 -4.000000e+00  0.000000e+00  0.000000e+00
 1.400000e-01  1.000000e+00  1.000000e+00  1.000000e+00  1.000000e+00 -4.000000e+00  0.000000e+00  0.000000e+00
 1.480000e-01  1.000000e+00  1.000000e+00  1.000000e+00  1.000000e+00 -4.000000e+00  0.000000e+00  0.000000e+00
 1.560000e-01  1.000000e+00  1.000000e+00  1.000000e+00  1.000000e+00 -4.000000e+00  0.000000e+00  0.000000e+00
 1.640000e-01  1.000000e+00  1.000000e+00  1.000000e+00  1.000000e+00 -4.000000e+00  0.000000e+00  0.000000e+00
 1.720000e-01  1.000000e+00  1.000000e+00  1.000000e+00  1.000000e+00 -4.000000e+00  0.000000e+00  0.000000e+00
 1.800000e-01  1.000000e+00  1.000000e+00  1.000000e+00  1.000000e+00 -4.000000e+00  0.000000e+00  0.000000e+00
 1.880000e-01  1.000000e+00  1.000000e+00  1.000000e+00  1.000000e+00 -4.000000e+00  0.000000e+00  0.000000e+00
 1.960000e-01  1.000000e+00  1.000000e+00  1.000000e+00  1.000000e+00 -4.000000e+00  0.000000e+00  0.000000e+00
 2.040000e-01  1.000000e+00  1.000000e+00  1.000000e+00  1.000000e+00 -4.000000e+00  0.000000e+00  0.000000e+00
 2.120000e-01  1.000000e+00  1.000000e+00  1.000000e+00  1.000000e+00 -4.000000e+00  0.000000e+00  0.000000e+00
 2.200000e-01  1.000000e+00  1.000000e+00  1.000000e+00  1.000000e+00 -4.000000e+00  0.000000e+00  0.000000e+00
 2.280000e-01  1.000000e+00  1.000000e+00  1.000000e+00  1.000000e+00 -4.000000e+00  0.000000e+00  0.000000e+00
 2.360000e-01  1.000000e+00  1.000000e+00  1.000000e+00  9.999914e-01 -3.999983e+00  1.711084e-04  0.000000e+00
 2.440000e-01  1.000000e+00  1.000000e+00  1.000000e+00  9.999827e-01 -3.999965e+00  3.195026e-04  0.000000e+00
 2.520000e-01  1.000000e+00  1.000000e+00  1.000000e+00  1.000000e+00 -4.000000e+00  0.000000e+00  0.000000e+00
 2.600000e-01  1.000000e+00  1.000000e+00  1.000000e+00  1.000000e+00 -4.000000e+00  0.000000e+00  0.000000e+00
 2.680000e-01  1.000000e+00  1.000000e+00  1.000000e+00  1.000000e+00 -4.000000e+00  0.000000e+00  0.000000e+00
 2.760000e-01  1.000000e+00  1.000000e+00  1.000000e+00  9.999827e-01 -3.999965e+00  2.497100e-04  0.000000e+00
 2.840000e-01  9.999660e-01  9.999326e-01  9.999439e-01  9.999568e-01 -3.999801e+00  4.882017e-03  2.514833e+03
 2.920000e-01  9.998470e-01  9.996965e-01  9.998791e-01  9.998618e-01 -3.999482e+00  1.827760e-02  1.185433e+03
 3.000000e-01  1.000000e+00  1.000000e+00  9.999655e-01  9.999914e-01 -3.999914e+00  5.252033e-04  0.000000e+00
 3.080000e-01  9.999660e-01  9.999326e-01  9.999568e-01  9.999352e-01 -3.999784e+00  4.246656e-03  2.514833e+03
 3.160000e-01  9.997109e-01  9.994268e-01  9.997366e-01  9.997452e-01 -3.998964e+00  2.943467e-02  8.624698e+02
 3.240000e-01  9.998129e-01  9.996291e-01  9.998057e-01  9.997797e-01 -3.999171e+00  1.895640e-02  1.072246e+03
 3.320000e-01  9.996259e-01  9.992582e-01  9.996847e-01  9.996329e-01 -3.998635e+00  3.443859e-02  7.581208e+02
 3.400000e-01  9.996769e-01  9.993593e-01  9.996675e-01  9.996156e-01 -3.998566e+00  2.934315e-02  8.158008e+02
 3.480000e-01  9.994899e-01  9.989884e-01  9.995034e-01  9.995163e-01 -3.998039e+00  4.240089e-02  6.491713e+02
 3.560000e-01  9.995749e-01  9.991570e-01  9.995293e-01  9.995379e-01 -3.998134e+00  3.689521e-02  7.111620e+02
 3.640000e-01  9.992516e-01  9.985166e-01  9.993133e-01  9.992788e-01 -3.997184e+00  5.894432e-02  5.346453e+02
 3.720000e-01  9.990310e-01  9.980791e-01  9.991233e-01  9.990758e-01 -3.996407e+00  7.007237e-02  4.673631e+02
 3.800000e-01  9.990308e-01  9.980793e-01  9.990542e-01  9.989981e-01 -3.996105e+00  7.206828e-02  4.712236e+02
 3.880000e-01  9.989287e-01  9.978756e-01  9.990110e-01  9.990413e-01 -3.996105e+00  7.033222e-02  4.478440e+02
 3.960000e-01  9.990987e-01  9.982144e-01  9.988858e-01  9.989117e-01 -3.995604e+00  6.649376e-02  4.854114e+02
 4.040000e-01  9.988610e-01  9.977418e-01  9.986699e-01  9.987346e-01 -3.994809e+00  7.265884e-02  4.342550e+02
 4.120000e-01  9.985721e-01  9.971691e-01  9.984798e-01  9.984367e-01 -3.993833e+00  8.540263e-02  3.910806e+02
 4.200000e-01  9.976380e-01  9.953189e-01  9.975600e-01  9.977068e-01 -3.990534e+00  1.327024e-01  3.013052e+02
 4.280000e-01  9.980636e-01  9.961635e-01  9.979287e-01  9.978580e-01 -3.991582e+00  1.153635e-01  3.302277e+02
 4.360000e-01  9.968907e-01  9.938451e-01  9.968647e-01  9.968949e-01 -3.987562e+00  1.745205e-01  2.590560e+02
 4.440000e-01  9.969082e-01  9.938762e-01  9.968992e-01  9.968215e-01 -3.987462e+00  1.570467e-01  2.605687e+02
 4.520000e-01  9.967061e-01  9.934887e-01  9.966012e-01  9.966995e-01 -3.986699e+00  1.964104e-01  2.520959e+02
 4.600000e-01  9.953857e-01  9.908770e-01  9.954179e-01  9.953721e-01 -3.981770e+00  2.306860e-01  2.095778e+02
 4.680000e-01  9.958414e-01  9.917711e-01  9.955421e-01  9.956295e-01 -3.982423e+00  2.020748e-01  2.253894e+02
 4.760000e-01  9.942956e-01  9.887218e-01  9.942794e-01  9.943210e-01 -3.977216e+00  2.742310e-01  1.934951e+02
 4.840000e-01  9.939914e-01  9.881265e-01  9.940187e-01  9.939080e-01 -3.976057e+00  2.762154e-01  1.841781e+02
 4.920000e-01  9.934336e-01  9.870196e-01  9.933207e-01  9.933337e-01 -3.973565e+00  2.787783e-01  1.739739e+02
 5.050000e-01  9.917560e-01  9.837372e-01  9.918378e-01  9.918875e-01 -3.967678e+00  3.708615e-01  1.583791e+02
 5.100000e-01  9.912299e-01  9.827004e-01  9.912424e-01  9.911225e-01 -3.965095e+00  3.634845e-01  1.488810e+02
 5.150000e-01  9.913644e-01  9.829599e-01  9.911727e-01  9.913228e-01 -3.965165e+00  3.595662e-01  1.534609e+02
 5.200000e-01  9.901614e-01  9.805821e-01  9.900056e-01  9.901741e-01 -3.960543e+00  3.612031e-01  1.452111e+02
 5.250000e-01  9.877777e-01  9.759162e-01  9.880121e-01  9.881104e-01 -3.952706e+00  4.473713e-01  1.272025e+02
 5.300000e-01  9.889054e-01  9.781290e-01  9.888299e-01  9.885721e-01 -3.955140e+00  4.298050e-01  1.348772e+02
 5.350000e-01  9.882661e-01  9.768781e-01  9.880061e-01  9.879592e-01 -3.952307e+00  4.487501e-01  1.329832e+02
 5.400000e-01  9.866281e-01  9.736685e-01  9.865949e-01  9.863597e-01 -3.946369e+00  4.741106e-01  1.233737e+02
 5.450000e-01  9.860722e-01  9.725966e-01  9.861364e-01  9.860500e-01 -3.944812e+00  5.099160e-01  1.196351e+02
 5.500000e-01  9.846072e-01  9.697338e-01  9.848957e-01  9.846189e-01 -3.940013e+00  5.610648e-01  1.120579e+02
 5.550000e-01  9.842456e-01  9.690124e-01  9.841130e-01  9.845033e-01 -3.937892e+00  5.377113e-01  1.129233e+02
 5.600000e-01  9.827304e-01  9.661033e-01  9.829308e-01  9.825040e-01 -3.931817e+00  6.511905e-01  1.051982e+02
 5.650000e-01  9.814499e-01  9.635813e-01  9.819862e-01  9.812602e-01 -3.927207e+00  6.326711e-01  1.028425e+02
 5.700000e-01  9.790857e-01  9.589999e-01  9.794517e-01  9.797157e-01 -3.919542e+00  6.985294e-01  9.488009e+01
 5.750000e-01  9.804831e-01  9.617185e-01  9.805912e-01  9.803786e-01 -3.923091e+00  6.474467e-01  9.915075e+01
 5.800000e-01  9.788669e-01  9.585549e-01  9.787163e-01  9.788225e-01 -3.916100e+00  6.688634e-01  9.647519e+01
 5.850000e-01  9.765536e-01  9.540893e-01  9.768161e-01  9.770635e-01 -3.908907e+00  7.437985e-01  9.077044e+01
 5.900000e-01  9.771648e-01  9.552711e-01  9.771049e-01  9.776293e-01 -3.910926e+00  6.913555e-01  9.304225e+01
 5.950000e-01  9.756993e-01  9.524420e-01  9.753034e-01  9.755979e-01 -3.902932e+00  7.415045e-01  8.926469e+01
 6.000000e-01  9.753899e-01  9.518102e-01  9.755639e-01  9.749511e-01 -3.901877e+00  7.123616e-01  8.834676e+01
 6.050000e-01  9.737572e-01  9.487275e-01  9.734441e-01  9.738503e-01 -3.896347e+00  8.581995e-01  8.350114e+01
 6.100000e-01  9.739838e-01  9.491599e-01  9.731393e-01  9.735340e-01 -3.895118e+00  8.134178e-01  8.359415e+01
 6.150000e-01  9.711411e-01  9.436792e-01  9.710762e-01  9.705468e-01 -3.885457e+00  8.682499e-01  7.916450e+01
 6.200000e-01  9.691805e-01  9.398837e-01  9.690147e-01  9.690073e-01 -3.878234e+00  8.720674e-01  7.798213e+01
 6.250000e-01  9.663912e-01  9.346005e-01  9.669633e-01  9.667140e-01 -3.870336e+00  9.797479e-01  7.319805e+01
 6.300000e-01  9.631706e-01  9.284790e-01  9.639267e-01  9.642307e-01 -3.859726e+00  1.121645e+00  7.011958e+01
 6.350000e-01  9.648607e-01  9.315751e-01  9.644698e-01  9.646089e-01 -3.860618e+00  8.628505e-01  7.195911e+01
 6.400000e-01  9.646182e-01  9.310722e-01  9.642282e-01  9.645203e-01 -3.860244e+00  8.224128e-01  7.165802e+01
 6.450000e-01  9.616613e-01  9.255354e-01  9.620060e-01  9.610576e-01 -3.849380e+00  1.041400e+00  6.790879e+01
 6.500000e-01  9.574705e-01  9.175645e-01  9.572435e-01  9.582630e-01 -3.834975e+00  1.088357e+00  6.433477e+01
 6.550000e-01  9.548443e-01  9.125172e-01  9.554407e-01  9.558234e-01 -3.827324e+00  1.005563e+00  6.187954e+01
 6.600000e-01  9.534528e-01  9.099825e-01  9.544917e-01  9.542018e-01 -3.821336e+00  1.150617e+00  6.107527e+01
 6.650000e-01  9.506693e-01  9.046423e-01  9.513306e-01  9.519299e-01 -3.811847e+00  1.131780e+00  5.882910e+01
 6.700000e-01  9.500280e-01  9.035211e-01  9.504070e-01  9.498048e-01 -3.806009e+00  1.161509e+00  5.886744e+01
 6.750000e-01  9.485755e-01  9.007715e-01  9.483969e-01  9.489455e-01 -3.800977e+00  1.121648e+00  5.662927e+01
 6.800000e-01  9.463450e-01  8.966468e-01  9.465581e-01  9.468223e-01 -3.792276e+00  1.225887e+00  5.599887e+01
 6.850000e-01  9.424690e-01  8.893525e-01  9.431462e-01  9.441618e-01 -3.781390e+00  1.252641e+00  5.411759e+01
 6.900000e-01  9.417542e-01  8.880448e-01  9.429332e-01  9.416529e-01 -3.775770e+00  1.315557e+00  5.272129e+01
 6.950000e-01  9.393814e-01  8.836258e-01  9.401690e-01  9.397718e-01 -3.767090e+00  1.312846e+00  5.245098e+01
 7.000000e-01  9.404566e-01  8.855414e-01  9.394032e-01  9.389287e-01 -3.764138e+00  1.209264e+00  5.254088e+01
 7.050000e-01  9.332315e-01  8.723641e-01  9.338373e-01  9.341073e-01 -3.743835e+00  1.556029e+00  4.855293e+01
 7.100000e-01  9.312442e-01  8.684932e-01  9.329397e-01  9.331384e-01 -3.739628e+00  1.357763e+00  4.905316e+01
 7.150000e-01  9.265120e-01  8.599121e-01  9.289777e-01  9.277048e-01 -3.722064e+00  1.517941e+00  4.683626e+01
 7.200000e-01  9.228485e-01  8.532148e-01  9.246971e-01  9.249697e-01 -3.709441e+00  1.568227e+00  4.520342e+01
 7.250000e-01  9.196683e-01  8.476004e-01  9.214675e-01  9.228905e-01 -3.700070e+00  1.720927e+00  4.267808e+01
 7.300000e-01  9.175101e-01  8.434483e-01  9.200902e-01  9.197480e-01 -3.691628e+00  1.625901e+00  4.226045e+01
 7.350000e-01  9.181584e-01  8.444790e-01  9.192196e-01  9.194908e-01 -3.687746e+00  1.478103e+00  4.394302e+01
 7.400000e-01  9.130853e-01  8.353667e-01  9.154407e-01  9.152886e-01 -3.673994e+00  1.582595e+00  4.116217e+01
 7.450000e-01  9.107645e-01  8.311328e-01  9.128888e-01  9.134627e-01 -3.664626e+00  1.567754e+00  4.112636e+01
 7.500000e-01  9.044283e-01  8.198848e-01  9.072609e-01  9.081251e-01 -3.644255e+00  1.730402e+00  3.915715e+01
 7.550000e-01  9.006457e-01  8.129562e-01  9.039106e-01  9.038311e-01 -3.631377e+00  1.579051e+00  3.804201e+01
 7.600000e-01  8.946577e-01  8.025105e-01  8.988598e-01  8.984945e-01 -3.612622e+00  1.781739e+00  3.614100e+01
 7.650000e-01  8.949576e-01  8.029873e-01  8.986145e-01  8.984377e-01 -3.611527e+00  1.789794e+00  3.646025e+01
 7.700000e-01  8.935042e-01  8.003011e-01  8.968969e-01  8.964291e-01 -3.603526e+00  1.657531e+00  3.668113e+01
 7.750000e-01  8.905459e-01  7.951941e-01  8.936294e-01  8.936151e-01 -3.592522e+00  1.759357e+00  3.572578e+01
 7.800000e-01  8.839474e-01  7.838453e-01  8.875886e-01  8.879720e-01 -3.570572e+00  2.088922e+00  3.448269e+01
 7.850000e-01  8.746082e-01  7.676073e-01  8.788720e-01  8.790603e-01 -3.538468e+00  2.076413e+00  3.246863e+01
 7.900000e-01  8.760674e-01  7.701061e-01  8.802609e-01  8.801162e-01 -3.541043e+00  2.100583e+00  3.322178e+01
 7.950000e-01  8.676096e-01  7.555245e-01  8.732152e-01  8.747892e-01 -3.519681e+00  2.190301e+00  3.162142e+01
 8.000000e-01  8.626670e-01  7.470342e-01  8.684108e-01  8.686695e-01 -3.499244e+00  2.164169e+00  3.066094e+01
 8.050000e-01  8.615129e-01  7.451748e-01  8.665676e-01  8.681772e-01 -3.497497e+00  2.310631e+00  2.974805e+01
 8.100000e-01  8.570278e-01  7.373877e-01  8.617099e-01  8.633658e-01 -3.479716e+00  2.077451e+00  2.916331e+01
 8.150000e-01  8.459551e-01  7.186398e-01  8.527475e-01  8.526543e-01 -3.442334e+00  2.144129e+00  2.790479e+01
 8.200000e-01  8.445870e-01  7.166864e-01  8.524733e-01  8.534326e-01 -3.445764e+00  2.274382e+00  2.806792e+01
 8.250000e-01  8.385193e-01  7.063436e-01  8.465724e-01  8.468597e-01 -3.419890e+00  2.290368e+00  2.706305e+01
 8.300000e-01  8.373220e-01  7.044586e-01  8.442592e-01  8.469706e-01 -3.419524e+00  2.153085e+00  2.638542e+01
 8.350000e-01  8.307599e-01  6.936475e-01  8.383595e-01  8.394847e-01 -3.393297e+00  2.294842e+00  2.629381e+01
 8.400000e-01  8.248541e-01  6.839178e-01  8.334494e-01  8.342556e-01 -3.374155e+00  2.301803e+00  2.622986e+01
 8.450000e-01  8.200058e-01  6.755305e-01  8.289002e-01  8.306206e-01 -3.363151e+00  1.973004e+00  2.482239e+01
 8.500000e-01  8.131659e-01  6.649867e-01  8.237721e-01  8.252643e-01 -3.343751e+00  2.335646e+00  2.400824e+01
 8.550000e-01  8.037971e-01  6.504872e-01  8.139335e-01  8.165492e-01 -3.310572e+00  2.493402e+00  2.283581e+01
 8.600000e-01  8.051663e-01  6.520769e-01  8.144671e-01  8.160736e-01 -3.308595e+00  2.278922e+00  2.330519e+01
 8.650000e-01  7.952843e-01  6.368129e-01  8.061855e-01  8.088374e-01 -3.280992e+00  2.503672e+00  2.242591e+01
 8.700000e-01  7.887602e-01  6.265188e-01  8.011772e-01  8.038174e-01 -3.265172e+00  2.528565e+00  2.162754e+01
 8.750000e-01  7.886713e-01  6.261888e-01  8.001579e-01  8.038901e-01 -3.262135e+00  2.222352e+00  2.137594e+01
 8.800000e-01  7.758109e-01  6.059438e-01  7.908610e-01  7.925573e-01 -3.224986e+00  2.395506e+00  2.087965e+01
 8.850000e-01  7.705415e-01  5.988788e-01  7.863035e-01  7.870868e-01 -3.206474e+00  2.713911e+00  2.041498e+01
 8.900000e-01  7.712136e-01  5.995618e-01  7.855874e-01  7.877886e-01 -3.206168e+00  2.532044e+00  2.041823e+01
 8.950000e-01  7.561150e-01  5.773037e-01  7.726478e-01  7.755371e-01 -3.169045e+00  2.747638e+00  1.861624e+01
 9.000000e-01  7.505568e-01  5.686632e-01  7.649008e-01  7.689413e-01 -3.144401e+00  2.548631e+00  1.855331e+01
 9.050000e-01  7.399844e-01  5.530495e-01  7.585817e-01  7.630431e-01 -3.121950e+00  2.506553e+00  1.759245e+01
 9.100000e-01  7.335845e-01  5.435364e-01  7.527311e-01  7.570760e-01 -3.099528e+00  2.507110e+00  1.767854e+01
 9.150000e-01  7.348989e-01  5.458098e-01  7.526298e-01  7.569571e-01 -3.099349e+00  2.537575e+00  1.797023e+01
 9.200000e-01  7.184422e-01  5.232726e-01  7.403762e-01  7.435149e-01 -3.054137e+00  3.069608e+00  1.648127e+01
 9.250000e-01  7.037251e-01  5.024603e-01  7.267801e-01  7.321923e-01 -3.019592e+00  2.943509e+00  1.552149e+01
 9.300000e-01  6.971862e-01  4.917954e-01  7.205129e-01  7.266956e-01 -2.996827e+00  2.438835e+00  1.564053e+01
 9.350000e-01  7.002595e-01  4.977128e-01  7.241958e-01  7.307092e-01 -3.010372e+00  2.863374e+00  1.544564e+01
 9.400000e-01  7.004607e-01  4.966867e-01  7.221688e-01  7.295365e-01 -2.999327e+00  2.489113e+00  1.583049e+01
 9.450000e-01  6.756121e-01  4.641981e-01  7.045056e-01  7.116928e-01 -2.943475e+00  2.830598e+00  1.417086e+01
 9.500000e-01  6.732731e-01  4.601465e-01  7.026885e-01  7.098239e-01 -2.937666e+00  2.641377e+00  1.422515e+01
 9.550000e-01  6.663000e-01  4.515597e-01  6.968430e-01  7.025351e-01 -2.916360e+00  2.967574e+00  1.384613e+01
 9.600000e-01  6.373451e-01  4.142995e-01  6.743817e-01  6.837957e-01 -2.855860e+00  2.872325e+00  1.244237e+01
 9.650000e-01  6.441502e-01  4.221479e-01  6.754848e-01  6.850863e-01 -2.857193e+00  2.605474e+00  1.280519e+01
 9.700000e-01  6.379034e-01  4.133954e-01  6.718583e-01  6.800572e-01 -2.840954e+00  2.432007e+00  1.284395e+01
 9.750000e-01  6.239326e-01  3.961650e-01  6.608042e-01  6.705003e-01 -2.807201e+00  2.287026e+00  1.220878e+01
 9.800000e-01  6.075010e-01  3.767467e-01  6.455886e-01  6.585896e-01 -2.777760e+00  2.316887e+00  1.127382e+01
 9.850000e-01  5.882558e-01  3.530462e-01  6.314722e-01  6.442685e-01 -2.729884e+00  2.260250e+00  1.066565e+01
 9.900000e-01  5.852904e-01  3.506327e-01  6.279355e-01  6.427146e-01 -2.721168e+00  2.534134e+00  1.070932e+01
 9.950000e-01  5.995603e-01  3.692084e-01  6.364247e-01  6.505523e-01 -2.738860e+00  3.084289e+00  1.134347e+01
 1.000000e+00  5.881007e-01  3.545855e-01  6.315185e-01  6.424362e-01 -2.715414e+00  2.755265e+00  1.093293e+01
 1.010000e+00  5.446897e-01  3.048107e-01  5.972015e-01  6.169316e-01 -2.628922e+00  2.343841e+00  9.344127e+00
 1.020000e+00  5.593873e-01  3.201651e-01  6.032432e-01  6.209338e-01 -2.636850e+00  2.364521e+00  1.005938e+01
 1.030000e+00  5.334619e-01  2.913423e-01  5.867007e-01  6.039217e-01 -2.592134e+00  1.974557e+00  9.218573e+00
 1.040000e+00  5.216504e-01  2.807826e-01  5.762777e-01  5.946449e-01 -2.552505e+00  2.509783e+00  9.052487e+00
 1.050000e+00  4.975076e-01  2.543212e-01  5.557209e-01  5.761284e-01 -2.494735e+00  1.903164e+00  8.376173e+00
 1.060000e+00  4.978879e-01  2.542086e-01  5.553908e-01  5.730105e-01 -2.476428e+00  1.843395e+00  8.645366e+00
 1.070000e+00  4.860000e-01  2.431443e-01  5.446805e-01  5.636823e-01 -2.453433e+00  1.889519e+00  8.361136e+00
 1.080000e+00  4.774179e-01  2.352540e-01  5.366419e-01  5.555111e-01 -2.421423e+00  1.993918e+00  8.201911e+00
 1.090000e+00  4.732361e-01  2.311691e-01  5.346061e-01  5.528050e-01 -2.408325e+00  2.010964e+00  8.174513e+00
 1.100000e+00  4.547228e-01  2.134193e-01  5.217013e-01  5.441516e-01 -2.372810e+00  1.738569e+00  7.707828e+00
 1.110000e+00  4.510303e-01  2.098514e-01  5.126209e-01  5.354090e-01 -2.342274e+00  1.859197e+00  7.794876e+00
 1.120000e+00  4.369641e-01  1.978536e-01  5.035645e-01  5.246390e-01 -2.317999e+00  1.826991e+00  7.442808e+00
 1.130000e+00  4.195467e-01  1.827141e-01  4.858175e-01  5.092151e-01 -2.268760e+00  1.879927e+00  7.138186e+00
 1.140000e+00  4.177406e-01  1.809646e-01  4.877498e-01  5.109049e-01 -2.261804e+00  1.707082e+00  7.125722e+00
 1.150000e+00  4.098879e-01  1.751454e-01  4.789696e-01  5.034587e-01 -2.235250e+00  1.678053e+00  7.052433e+00
 1.160000e+00  4.047317e-01  1.718873e-01  4.719841e-01  4.994912e-01 -2.208799e+00  1.952779e+00  6.918235e+00
 1.170000e+00  3.877152e-01  1.573535e-01  4.609044e-01  4.857760e-01 -2.171285e+00  1.704584e+00  6.648174e+00
 1.180000e+00  3.879197e-01  1.574694e-01  4.586767e-01  4.831846e-01 -2.153198e+00  1.697940e+00  6.752024e+00
 1.190000e+00  3.773243e-01  1.493084e-01  4.517035e-01  4.758420e-01 -2.141006e+00  1.647332e+00  6.513926e+00
 1.200000e+00  3.594891e-01  1.373246e-01  4.328127e-01  4.619332e-01 -2.103992e+00  1.763563e+00  6.183286e+00
 1.210000e+00  3.671115e-01  1.419977e-01  4.354191e-01  4.628059e-01 -2.086998e+00  1.747869e+00  6.537880e+00
 1.220000e+00  3.536652e-01  1.330516e-01  4.275845e-01  4.563672e-01 -2.063709e+00  1.715782e+00  6.137945e+00
 1.230000e+00  3.410881e-01  1.241891e-01  4.202503e-01  4.460593e-01 -2.029372e+00  1.621157e+00  5.939453e+00
 1.240000e+00  3.268338e-01  1.139034e-01  3.999837e-01  4.336109e-01 -1.991247e+00  1.726430e+00  5.822058e+00
 1.250000e+00  3.136208e-01  1.062716e-01  3.929958e-01  4.203706e-01 -1.945362e+00  1.806740e+00  5.686688e+00
 1.260000e+00  3.083794e-01  1.029115e-01  3.940641e-01  4.172602e-01 -1.941914e+00  1.597508e+00  5.536197e+00
 1.270000e+00  3.082062e-01  1.025088e-01  3.870239e-01  4.165340e-01 -1.919785e+00  1.635532e+00  5.579197e+00
 1.280000e+00  2.934432e-01  9.425213e-02  3.781342e-01  4.022380e-01 -1.888202e+00  1.747111e+00  5.393234e+00
 1.290000e+00  2.910673e-01  9.247402e-02  3.759390e-01  3.995756e-01 -1.871595e+00  1.717301e+00  5.377366e+00
 1.300000e+00  2.762111e-01  8.549611e-02  3.605312e-01  3.904476e-01 -1.834925e+00  1.764169e+00  5.155650e+00
 1.310000e+00  2.625278e-01  7.729992e-02  3.511727e-01  3.793705e-01 -1.796445e+00  1.595780e+00  4.955419e+00
 1.320000e+00  2.559383e-01  7.400608e-02  3.454158e-01  3.777156e-01 -1.776079e+00  1.657203e+00  4.829774e+00
 1.330000e+00  2.596654e-01  7.526169e-02  3.431785e-01  3.720270e-01 -1.765004e+00  1.616788e+00  4.942112e+00
 1.340000e+00  2.364303e-01  6.385043e-02  3.252671e-01  3.597680e-01 -1.722568e+00  1.566013e+00  4.609481e+00
 1.350000e+00  2.362653e-01  6.454552e-02  3.302109e-01  3.576651e-01 -1.716192e+00  1.729117e+00  4.608327e+00
 1.360000e+00  2.308208e-01  6.136346e-02  3.204745e-01  3.504825e-01 -1.687040e+00  1.719645e+00  4.552502e+00
 1.370000e+00  2.097696e-01  5.208340e-02  3.024378e-01  3.352484e-01 -1.629252e+00  1.834485e+00  4.247378e+00
 1.380000e+00  1.988297e-01  4.722098e-02  2.937793e-01  3.236123e-01 -1.599165e+00  1.632841e+00  4.069039e+00
 1.390000e+00  2.036946e-01  4.872036e-02  2.966096e-01  3.261970e-01 -1.594517e+00  1.550026e+00  4.205316e+00
 1.400000e+00  1.900974e-01  4.381332e-02  2.848267e-01  3.151035e-01 -1.565145e+00  1.498513e+00  3.983039e+00
 1.410000e+00  1.775792e-01  3.930550e-02  2.739477e-01  3.051325e-01 -1.524895e+00  1.690436e+00  3.797272e+00
 1.420000e+00  1.811635e-01  4.002567e-02  2.720129e-01  3.072619e-01 -1.529681e+00  1.565396e+00  3.845051e+00
 1.430000e+00  1.691955e-01  3.659993e-02  2.636137e-01  2.983435e-01 -1.497323e+00  1.572597e+00  3.683273e+00
 1.440000e+00  1.579593e-01  3.189548e-02  2.510015e-01  2.848970e-01 -1.456776e+00  1.522268e+00  3.516916e+00
 1.450000e+00  1.448341e-01  2.734384e-02  2.418920e-01  2.784205e-01 -1.415178e+00  1.485067e+00  3.297552e+00
 1.460000e+00  1.487305e-01  2.913041e-02  2.414780e-01  2.808903e-01 -1.434039e+00  1.595515e+00  3.359937e+00
 1.470000e+00  1.412916e-01  2.653230e-02  2.353907e-01  2.733828e-01 -1.390675e+00  1.443915e+00  3.266436e+00
 1.480000e+00  1.332696e-01  2.410569e-02  2.299063e-01  2.639024e-01 -1.357223e+00  1.468629e+00  3.146927e+00
 1.490000e+00  1.276630e-01  2.190885e-02  2.281060e-01  2.621768e-01 -1.349714e+00  1.398309e+00  3.111692e+00
 1.500000e+00  1.269822e-01  2.211389e-02  2.211041e-01  2.532074e-01 -1.329558e+00  1.461148e+00  3.101947e+00
 1.510000e+00  1.153438e-01  1.868208e-02  2.222880e-01  2.486768e-01 -1.318360e+00  1.337571e+00  2.851878e+00
