# Enhanced Quasi-3D Monte Carlo Simulation
# Timestamp: 20250719_000924
# Spin model: cube (8 states - cube vertices)
# Algorithm: wolff
# Theoretical Tc (8-state Potts): ~0.751
# Temperature range: 0.1-1.5 (optimized for critical region)
# Layer: 2/3
# System size: 24x24x3, Total sites: 1728
# Spin vectors: 8 cube vertices (±1,±1,±1)/√3
#
# Temperature          M^2          M^4          G^2          G^4       Energy           Cv         Corr
5.000000e-001 9.999868e-001 9.999737e-001 4.999934e-001 4.999934e-001 -3.999947e+000 2.324446e-003 3.564249e+004
5.100000e-001 9.999720e-001 9.999442e-001 4.999860e-001 4.999860e-001 -3.999888e+000 4.566827e-003 2.456641e+004
5.200000e-001 9.999663e-001 9.999327e-001 4.999831e-001 4.999831e-001 -3.999865e+000 5.293820e-003 2.236437e+004
5.300000e-001 9.999774e-001 9.999548e-001 4.999887e-001 4.999887e-001 -3.999909e+000 3.428830e-003 2.729748e+004
5.400000e-001 9.999376e-001 9.998755e-001 4.999688e-001 4.999688e-001 -3.999750e+000 9.021490e-003 1.644542e+004
5.500000e-001 9.999672e-001 9.999345e-001 4.999836e-001 4.999836e-001 -3.999869e+000 4.603344e-003 2.267719e+004
5.600000e-001 9.999457e-001 9.998916e-001 4.999728e-001 4.999728e-001 -3.999782e+000 7.314145e-003 1.762766e+004
5.700000e-001 9.999411e-001 9.998824e-001 4.999705e-001 4.999705e-001 -3.999764e+000 7.652839e-003 1.692223e+004
5.800000e-001 9.999101e-001 9.998207e-001 4.999550e-001 4.999550e-001 -3.999640e+000 1.160975e-002 1.372058e+004
5.900000e-001 9.998646e-001 9.997298e-001 4.999322e-001 4.999322e-001 -3.999459e+000 1.621977e-002 1.109877e+004
6.000000e-001 9.998637e-001 9.997280e-001 4.999317e-001 4.999317e-001 -3.999454e+000 1.570905e-002 1.112461e+004
6.100000e-001 9.998292e-001 9.996594e-001 4.999145e-001 4.999145e-001 -3.999321e+000 1.977031e-002 9.816070e+003
6.200000e-001 9.998133e-001 9.996275e-001 4.999065e-001 4.999065e-001 -3.999258e+000 2.078930e-002 9.385922e+003
6.300000e-001 9.998149e-001 9.996307e-001 4.999073e-001 4.999073e-001 -3.999258e+000 1.988049e-002 9.570974e+003
6.400000e-001 9.996876e-001 9.993768e-001 4.998435e-001 4.998435e-001 -3.998761e+000 3.143055e-002 7.199474e+003
6.500000e-001 9.997255e-001 9.994524e-001 4.998625e-001 4.998625e-001 -3.998900e+000 2.883326e-002 7.843314e+003
6.600000e-001 9.996691e-001 9.993400e-001 4.998343e-001 4.998343e-001 -3.998681e+000 3.310977e-002 7.052630e+003
6.700000e-001 9.996324e-001 9.992666e-001 4.998159e-001 4.998159e-001 -3.998531e+000 3.498820e-002 6.738906e+003
6.800000e-001 9.995813e-001 9.991648e-001 4.997905e-001 4.997903e-001 -3.998327e+000 3.887901e-002 6.373214e+003
6.900000e-001 9.995296e-001 9.990617e-001 4.997644e-001 4.997644e-001 -3.998127e+000 4.240679e-002 5.900085e+003
7.000000e-001 9.994480e-001 9.988991e-001 4.997235e-001 4.997235e-001 -3.997793e+000 5.032898e-002 5.471336e+003
7.100000e-001 9.994698e-001 9.989423e-001 4.997344e-001 4.997344e-001 -3.997883e+000 4.508406e-002 5.659305e+003
7.200000e-001 9.994361e-001 9.988752e-001 4.997175e-001 4.997175e-001 -3.997744e+000 4.903115e-002 5.490357e+003
7.300000e-001 9.994083e-001 9.988198e-001 4.997036e-001 4.997036e-001 -3.997638e+000 4.752931e-002 5.252275e+003
7.400000e-001 9.993579e-001 9.987191e-001 4.996784e-001 4.996784e-001 -3.997431e+000 4.825302e-002 5.051824e+003
7.500000e-001 9.993399e-001 9.986835e-001 4.996693e-001 4.996693e-001 -3.997369e+000 5.060409e-002 4.902637e+003
7.600000e-001 9.993076e-001 9.986190e-001 4.996531e-001 4.996531e-001 -3.997242e+000 5.142717e-002 4.853835e+003
7.700000e-001 9.992568e-001 9.985179e-001 4.996277e-001 4.996277e-001 -3.997038e+000 5.656794e-002 4.667078e+003
7.800000e-001 9.992831e-001 9.985702e-001 4.996413e-001 4.996409e-001 -3.997144e+000 5.098422e-002 4.797603e+003
7.900000e-001 9.992018e-001 9.984079e-001 4.996002e-001 4.996001e-001 -3.996819e+000 5.366691e-002 4.485622e+003
8.000000e-001 9.993140e-001 9.986317e-001 4.996576e-001 4.996564e-001 -3.997269e+000 4.501964e-002 4.893242e+003
8.100000e-001 9.992499e-001 9.985039e-001 4.996242e-001 4.996244e-001 -3.997003e+000 5.043811e-002 4.601702e+003
8.200000e-001 9.994102e-001 9.988234e-001 4.997045e-001 4.997049e-001 -3.997653e+000 3.719408e-002 5.198125e+003
8.300000e-001 9.993559e-001 9.987152e-001 4.996773e-001 4.996773e-001 -3.997436e+000 4.006387e-002 4.963781e+003
8.400000e-001 9.992277e-001 9.984597e-001 4.996135e-001 4.996131e-001 -3.996929e+000 4.745194e-002 4.522957e+003
8.500000e-001 9.991662e-001 9.983374e-001 4.995822e-001 4.995826e-001 -3.996717e+000 5.335380e-002 4.232792e+003
8.600000e-001 9.990000e-001 9.980060e-001 4.995002e-001 4.994992e-001 -3.996044e+000 5.931792e-002 3.922664e+003
8.700000e-001 9.990000e-001 9.980057e-001 4.994992e-001 4.994994e-001 -3.996040e+000 5.552849e-002 3.931026e+003
8.800000e-001 9.988306e-001 9.976685e-001 4.994144e-001 4.994145e-001 -3.995373e+000 6.746760e-002 3.565888e+003
8.900000e-001 9.987630e-001 9.975333e-001 4.993803e-001 4.993806e-001 -3.995094e+000 6.506349e-002 3.546919e+003
9.000000e-001 9.986711e-001 9.973503e-001 4.993344e-001 4.993344e-001 -3.994743e+000 6.877574e-002 3.392306e+003
9.100000e-001 9.985707e-001 9.971503e-001 4.992861e-001 4.992840e-001 -3.994333e+000 7.394216e-002 3.244818e+003
9.200000e-001 9.984434e-001 9.968967e-001 4.992208e-001 4.992200e-001 -3.993850e+000 7.753201e-002 3.112365e+003
9.300000e-001 9.982064e-001 9.964247e-001 4.991027e-001 4.991023e-001 -3.992904e+000 8.953623e-002 2.864268e+003
9.400000e-001 9.980804e-001 9.961738e-001 4.990380e-001 4.990392e-001 -3.992438e+000 9.234078e-002 2.756683e+003
9.500000e-001 9.978963e-001 9.958079e-001 4.989495e-001 4.989459e-001 -3.991700e+000 1.049321e-001 2.594287e+003
9.600000e-001 9.976616e-001 9.953406e-001 4.988318e-001 4.988309e-001 -3.990779e+000 1.130305e-001 2.444588e+003
9.700000e-001 9.973605e-001 9.947419e-001 4.986780e-001 4.986795e-001 -3.989614e+000 1.278443e-001 2.313614e+003
9.800000e-001 9.971719e-001 9.943660e-001 4.985831e-001 4.985849e-001 -3.988902e+000 1.256682e-001 2.256607e+003
9.900000e-001 9.970414e-001 9.941060e-001 4.985218e-001 4.985182e-001 -3.988362e+000 1.269813e-001 2.199419e+003
1.000000e+000 9.966227e-001 9.932732e-001 4.983073e-001 4.983101e-001 -3.986719e+000 1.412523e-001 2.019884e+003
1.010000e+000 9.962813e-001 9.925950e-001 4.981414e-001 4.981427e-001 -3.985422e+000 1.580923e-001 1.940824e+003
1.020000e+000 9.960250e-001 9.920852e-001 4.980117e-001 4.980138e-001 -3.984394e+000 1.613784e-001 1.856911e+003
1.030000e+000 9.959692e-001 9.919744e-001 4.979911e-001 4.979807e-001 -3.984132e+000 1.607376e-001 1.874465e+003
1.040000e+000 9.955050e-001 9.910529e-001 4.977528e-001 4.977510e-001 -3.982350e+000 1.811997e-001 1.745117e+003
1.050000e+000 9.953154e-001 9.906767e-001 4.976554e-001 4.976535e-001 -3.981663e+000 1.853762e-001 1.693925e+003
1.060000e+000 9.947659e-001 9.895851e-001 4.973786e-001 4.973833e-001 -3.979502e+000 1.961395e-001 1.599358e+003
1.070000e+000 9.943469e-001 9.887558e-001 4.971705e-001 4.971770e-001 -3.977933e+000 2.201947e-001 1.505423e+003
1.080000e+000 9.938997e-001 9.878708e-001 4.969479e-001 4.969549e-001 -3.976347e+000 2.393396e-001 1.424095e+003
1.090000e+000 9.940452e-001 9.881568e-001 4.970197e-001 4.970251e-001 -3.976746e+000 2.200300e-001 1.467214e+003
1.100000e+000 9.935943e-001 9.872635e-001 4.968071e-001 4.967984e-001 -3.975066e+000 2.351368e-001 1.403009e+003
1.110000e+000 9.929477e-001 9.859810e-001 4.964741e-001 4.964858e-001 -3.972449e+000 2.419306e-001 1.319321e+003
1.120000e+000 9.927958e-001 9.856810e-001 4.964030e-001 4.963998e-001 -3.971991e+000 2.449861e-001 1.291596e+003
1.130000e+000 9.923150e-001 9.847297e-001 4.961612e-001 4.961658e-001 -3.970090e+000 2.653412e-001 1.248756e+003
1.140000e+000 9.919681e-001 9.840439e-001 4.960001e-001 4.959978e-001 -3.968712e+000 2.786639e-001 1.231187e+003
1.150000e+000 9.912727e-001 9.826674e-001 4.956366e-001 4.956466e-001 -3.966263e+000 2.827992e-001 1.147638e+003
1.160000e+000 9.905969e-001 9.813299e-001 4.953225e-001 4.953029e-001 -3.963522e+000 2.923019e-001 1.100799e+003
1.170000e+000 9.904074e-001 9.809579e-001 4.952080e-001 4.952144e-001 -3.963032e+000 3.001092e-001 1.077167e+003
1.180000e+000 9.899244e-001 9.800043e-001 4.949852e-001 4.949617e-001 -3.960948e+000 3.155897e-001 1.055952e+003
1.190000e+000 9.894558e-001 9.790767e-001 4.947324e-001 4.947351e-001 -3.959250e+000 3.107714e-001 1.025568e+003
1.200000e+000 9.889245e-001 9.780324e-001 4.944655e-001 4.944707e-001 -3.957309e+000 3.364969e-001 9.924683e+002
1.210000e+000 9.881540e-001 9.765117e-001 4.941066e-001 4.940918e-001 -3.954410e+000 3.465732e-001 9.375030e+002
1.220000e+000 9.870225e-001 9.742862e-001 4.935351e-001 4.935264e-001 -3.950228e+000 3.871062e-001 8.888097e+002
1.230000e+000 9.865639e-001 9.733834e-001 4.932957e-001 4.933142e-001 -3.948428e+000 3.964613e-001 8.600778e+002
1.240000e+000 9.847713e-001 9.698572e-001 4.924273e-001 4.924098e-001 -3.941734e+000 4.177834e-001 8.174899e+002
1.250000e+000 9.848041e-001 9.699160e-001 4.924266e-001 4.924273e-001 -3.941712e+000 3.880222e-001 8.250176e+002
1.260000e+000 9.830630e-001 9.665092e-001 4.915647e-001 4.915730e-001 -3.935478e+000 4.735445e-001 7.502044e+002
1.270000e+000 9.826950e-001 9.657833e-001 4.913972e-001 4.913859e-001 -3.933867e+000 4.538786e-001 7.447816e+002
1.280000e+000 9.816723e-001 9.637843e-001 4.908861e-001 4.908715e-001 -3.929987e+000 4.946048e-001 7.244428e+002
1.290000e+000 9.787214e-001 9.580122e-001 4.893897e-001 4.893996e-001 -3.918586e+000 5.487451e-001 6.876525e+002
1.300000e+000 9.780910e-001 9.567881e-001 4.890845e-001 4.890943e-001 -3.916649e+000 5.715263e-001 6.545828e+002
1.310000e+000 9.741497e-001 9.491124e-001 4.871269e-001 4.870939e-001 -3.901259e+000 6.565405e-001 6.271885e+002
1.320000e+000 9.725983e-001 9.460987e-001 4.863257e-001 4.863220e-001 -3.895413e+000 6.725055e-001 6.010199e+002
1.330000e+000 9.708958e-001 9.428106e-001 4.855116e-001 4.855321e-001 -3.889183e+000 7.439705e-001 5.725002e+002
1.340000e+000 9.701358e-001 9.413363e-001 4.851336e-001 4.851179e-001 -3.886365e+000 7.409886e-001 5.565837e+002
1.350000e+000 9.689076e-001 9.389476e-001 4.845035e-001 4.845145e-001 -3.881631e+000 7.018302e-001 5.561720e+002
1.360000e+000 9.675051e-001 9.362489e-001 4.838344e-001 4.838204e-001 -3.877056e+000 7.433858e-001 5.278859e+002
1.370000e+000 9.525320e-001 9.075704e-001 4.762882e-001 4.762790e-001 -3.819391e+000 1.035250e+000 4.767318e+002
1.380000e+000 9.515618e-001 9.057333e-001 4.758014e-001 4.757937e-001 -3.816181e+000 1.058143e+000 4.658277e+002
1.390000e+000 9.478964e-001 8.987936e-001 4.739780e-001 4.739592e-001 -3.803156e+000 1.106370e+000 4.453044e+002
1.400000e+000 9.370645e-001 8.784733e-001 4.684889e-001 4.684920e-001 -3.762651e+000 1.466072e+000 4.109270e+002
1.410000e+000 9.350460e-001 8.746716e-001 4.675584e-001 4.674996e-001 -3.754715e+000 1.368192e+000 4.083165e+002
1.420000e+000 9.324768e-001 8.699100e-001 4.662372e-001 4.663034e-001 -3.746527e+000 1.466242e+000 3.883658e+002
1.430000e+000 9.252867e-001 8.565997e-001 4.626410e-001 4.626222e-001 -3.720445e+000 1.568479e+000 3.701092e+002
1.440000e+000 9.228874e-001 8.521618e-001 4.614304e-001 4.614292e-001 -3.711306e+000 1.548299e+000 3.610550e+002
1.450000e+000 9.198467e-001 8.465844e-001 4.598591e-001 4.598836e-001 -3.700252e+000 1.607832e+000 3.496644e+002
1.460000e+000 9.132240e-001 8.344683e-001 4.565302e-001 4.565155e-001 -3.676070e+000 1.649101e+000 3.469978e+002
1.470000e+000 9.099770e-001 8.286069e-001 4.549891e-001 4.548976e-001 -3.664660e+000 1.851218e+000 3.353737e+002
1.480000e+000 9.066124e-001 8.225436e-001 4.532856e-001 4.533245e-001 -3.653262e+000 1.906889e+000 3.244703e+002
1.490000e+000 8.951645e-001 8.019229e-001 4.475168e-001 4.474991e-001 -3.612714e+000 1.881065e+000 3.033689e+002
1.500000e+000 8.908117e-001 7.942331e-001 4.454247e-001 4.453564e-001 -3.597180e+000 2.125730e+000 2.917080e+002
1.510000e+000 8.881532e-001 7.895287e-001 4.440255e-001 4.439470e-001 -3.587754e+000 2.170366e+000 2.880045e+002
1.520000e+000 8.752355e-001 7.668772e-001 4.375162e-001 4.375068e-001 -3.543084e+000 2.469806e+000 2.688966e+002
1.530000e+000 8.707097e-001 7.589410e-001 4.353623e-001 4.352503e-001 -3.527257e+000 2.351245e+000 2.693078e+002
1.540000e+000 8.666928e-001 7.519892e-001 4.333300e-001 4.332505e-001 -3.513205e+000 2.373219e+000 2.606837e+002
1.550000e+000 8.608378e-001 7.419444e-001 4.304890e-001 4.303371e-001 -3.492005e+000 2.536095e+000 2.520739e+002
1.560000e+000 8.451209e-001 7.152089e-001 4.225310e-001 4.225147e-001 -3.440153e+000 2.613514e+000 2.313513e+002
1.570000e+000 8.401222e-001 7.068350e-001 4.200405e-001 4.199315e-001 -3.422656e+000 2.726769e+000 2.273864e+002
1.580000e+000 8.330643e-001 6.951076e-001 4.164529e-001 4.164381e-001 -3.400327e+000 2.877451e+000 2.186123e+002
1.590000e+000 8.165042e-001 6.679697e-001 4.080950e-001 4.080443e-001 -3.343777e+000 3.262308e+000 2.058918e+002
1.600000e+000 8.083213e-001 6.546457e-001 4.040808e-001 4.039454e-001 -3.315898e+000 3.107301e+000 1.986443e+002
1.610000e+000 8.015657e-001 6.438299e-001 4.008562e-001 4.005752e-001 -3.295412e+000 3.162730e+000 1.941018e+002
1.620000e+000 7.815932e-001 6.124094e-001 3.903521e-001 3.906381e-001 -3.229275e+000 3.486109e+000 1.824803e+002
1.630000e+000 7.683343e-001 5.920422e-001 3.838906e-001 3.840337e-001 -3.185094e+000 3.849654e+000 1.711593e+002
1.640000e+000 7.595294e-001 5.786253e-001 3.796878e-001 3.793494e-001 -3.159467e+000 3.721388e+000 1.652720e+002
1.650000e+000 7.512522e-001 5.661633e-001 3.751346e-001 3.752897e-001 -3.131477e+000 3.834999e+000 1.596994e+002
1.660000e+000 7.160939e-001 5.150371e-001 3.574969e-001 3.574267e-001 -3.024402e+000 4.515466e+000 1.439452e+002
1.670000e+000 7.083773e-001 5.041234e-001 3.537303e-001 3.535692e-001 -3.000684e+000 4.606024e+000 1.397319e+002
1.680000e+000 6.895213e-001 4.778906e-001 3.443931e-001 3.443562e-001 -2.942782e+000 4.641245e+000 1.292835e+002
1.690000e+000 6.797709e-001 4.645952e-001 3.391471e-001 3.393405e-001 -2.912002e+000 4.847104e+000 1.278135e+002
1.700000e+000 6.652608e-001 4.452484e-001 3.322309e-001 3.323948e-001 -2.868615e+000 5.005016e+000 1.213535e+002
1.710000e+000 6.545428e-001 4.312067e-001 3.264941e-001 3.268623e-001 -2.837872e+000 4.888578e+000 1.170500e+002
1.720000e+000 6.364250e-001 4.079287e-001 3.171719e-001 3.177441e-001 -2.781128e+000 4.954040e+000 1.095124e+002
1.730000e+000 6.197728e-001 3.871918e-001 3.091420e-001 3.094289e-001 -2.731534e+000 5.056031e+000 1.038966e+002
1.740000e+000 6.015544e-001 3.648917e-001 2.996921e-001 3.003450e-001 -2.683783e+000 4.828574e+000 9.833481e+001
1.750000e+000 5.861813e-001 3.469368e-001 2.921567e-001 2.922783e-001 -2.637356e+000 5.309013e+000 9.502522e+001
1.760000e+000 5.683334e-001 3.270358e-001 2.830748e-001 2.831351e-001 -2.588344e+000 5.978395e+000 8.724871e+001
1.770000e+000 5.481847e-001 3.045810e-001 2.728144e-001 2.734927e-001 -2.530722e+000 5.883254e+000 8.258672e+001
1.780000e+000 5.267551e-001 2.818299e-001 2.625414e-001 2.627681e-001 -2.472062e+000 5.817233e+000 7.668443e+001
1.790000e+000 5.039723e-001 2.589057e-001 2.509734e-001 2.515017e-001 -2.415306e+000 6.503694e+000 7.153768e+001
1.800000e+000 4.721622e-001 2.285102e-001 2.343980e-001 2.352995e-001 -2.327195e+000 6.970488e+000 6.447501e+001
1.810000e+000 4.443581e-001 2.037350e-001 2.212986e-001 2.224389e-001 -2.256883e+000 7.357064e+000 5.732698e+001
1.820000e+000 3.979550e-001 1.686452e-001 1.965369e-001 1.993312e-001 -2.147099e+000 1.030354e+001 4.733788e+001
1.830000e+000 3.190609e-001 1.173545e-001 1.564887e-001 1.611084e-001 -1.980570e+000 1.271717e+001 3.464731e+001
1.840000e+000 2.213331e-001 6.514450e-002 1.045749e-001 1.144694e-001 -1.760330e+000 1.504632e+001 2.406469e+001
1.850000e+000 1.694557e-001 4.458564e-002 7.806076e-002 8.931806e-002 -1.647861e+000 1.356305e+001 1.953969e+001
1.860000e+000 3.580230e-002 2.976059e-003 1.342546e-002 2.017008e-002 -1.293568e+000 4.523380e+000 7.879773e+000
1.870000e+000 3.994098e-002 3.807076e-003 1.253090e-002 2.198513e-002 -1.307936e+000 5.778536e+000 8.349970e+000
1.880000e+000 2.330068e-002 1.122783e-003 4.641435e-003 1.517402e-002 -1.217149e+000 3.500895e+000 6.366475e+000
1.890000e+000 1.985469e-002 8.416107e-004 2.651620e-003 1.253727e-002 -1.198859e+000 3.004781e+000 6.001759e+000
1.900000e+000 1.702735e-002 5.558198e-004 5.940972e-004 9.670139e-003 -1.206896e+000 2.371417e+000 5.491043e+000
1.910000e+000 1.375719e-002 3.811504e-004 1.943171e-003 7.699248e-003 -1.134314e+000 1.636656e+000 5.196217e+000
1.920000e+000 1.324713e-002 3.241497e-004 2.655671e-003 7.446759e-003 -1.115317e+000 2.500050e+000 5.006148e+000
1.930000e+000 1.191756e-002 2.405408e-004 5.606944e-003 4.824537e-003 -1.119125e+000 1.843395e+000 4.934291e+000
1.940000e+000 1.066941e-002 1.984266e-004 5.260880e-003 1.569502e-003 -1.106690e+000 1.768670e+000 4.740640e+000
1.950000e+000 9.189114e-003 1.549335e-004 1.148148e-003 4.321875e-003 -1.045613e+000 2.098287e+000 4.489588e+000
1.960000e+000 8.117770e-003 1.150318e-004 3.264352e-003 2.198437e-003 -9.904234e-001 2.296304e+000 4.139221e+000
1.970000e+000 1.046425e-002 1.873806e-004 -2.911690e-003 7.840856e-004 -1.072056e+000 1.723325e+000 4.823286e+000
1.980000e+000 8.305465e-003 1.287369e-004 4.947917e-004 3.225926e-003 -1.014940e+000 2.424944e+000 4.281824e+000
1.990000e+000 7.911875e-003 1.051870e-004 1.248032e-003 8.641204e-004 -9.723935e-001 1.561104e+000 4.452403e+000
2.000000e+000 6.724440e-003 7.881281e-005 1.536111e-003 2.703241e-003 -9.879933e-001 8.806684e-001 3.832991e+000
2.010000e+000 7.041425e-003 9.371732e-005 -1.000579e-003 2.605556e-003 -9.850421e-001 1.895980e+000 3.903294e+000
2.020000e+000 5.871465e-003 5.664427e-005 1.978588e-003 2.049190e-003 -9.672940e-001 1.272866e+000 3.482310e+000
2.030000e+000 6.041774e-003 6.013207e-005 -2.562037e-003 -4.252315e-004 -9.283178e-001 9.685123e-001 3.772208e+000
2.040000e+000 6.652937e-003 6.967684e-005 1.765856e-003 -1.166493e-003 -9.498817e-001 8.521984e-001 4.060799e+000
2.050000e+000 5.587070e-003 5.175137e-005 2.596065e-004 -2.648148e-004 -9.115558e-001 1.505694e+000 3.690938e+000
2.060000e+000 6.505351e-003 7.445473e-005 1.811343e-004 4.745949e-004 -9.008227e-001 1.115800e+000 4.294250e+000
2.070000e+000 6.339982e-003 6.796601e-005 -2.103009e-003 -1.107639e-004 -8.951900e-001 1.798055e+000 4.412189e+000
2.080000e+000 4.731372e-003 4.231158e-005 -1.405324e-003 -4.710648e-004 -8.475350e-001 1.734783e+000 3.195821e+000
2.090000e+000 5.438760e-003 5.201129e-005 -2.513889e-004 -1.297396e-003 -8.772144e-001 1.597276e+000 4.081524e+000
2.100000e+000 6.083250e-003 6.010944e-005 -3.994213e-004 -1.223380e-003 -8.990850e-001 1.165350e+000 4.113622e+000
2.110000e+000 5.119164e-003 4.138788e-005 -1.569213e-003 1.438252e-003 -8.754213e-001 9.572770e-001 3.894541e+000
2.120000e+000 5.852646e-003 5.668297e-005 6.018519e-004 2.155440e-003 -8.474144e-001 1.142624e+000 4.400961e+000
2.130000e+000 5.710130e-003 5.151142e-005 -2.027778e-004 -6.049826e-003 -8.744062e-001 6.826653e-001 4.240397e+000
2.140000e+000 4.880563e-003 4.011509e-005 -1.682407e-003 -6.333333e-004 -8.750060e-001 1.269502e+000 3.421384e+000
2.150000e+000 6.134132e-003 6.422754e-005 4.511574e-004 5.953704e-004 -8.404007e-001 1.055650e+000 4.700977e+000
2.160000e+000 5.456889e-003 4.491764e-005 -1.160417e-003 -2.263831e-003 -8.317211e-001 6.977877e-001 4.142398e+000
2.170000e+000 4.513522e-003 3.061753e-005 3.666898e-003 3.786458e-004 -8.125394e-001 1.099271e+000 3.235033e+000
2.180000e+000 5.987522e-003 5.976511e-005 -1.905324e-003 -2.810532e-003 -7.930789e-001 6.829680e-001 5.164686e+000
2.190000e+000 3.723742e-003 2.566689e-005 -6.418981e-004 9.225116e-004 -8.473016e-001 6.452394e-001 2.514440e+000
2.200000e+000 5.942370e-003 5.720065e-005 2.050694e-003 -1.932465e-003 -8.344025e-001 1.174570e+000 4.364222e+000
2.210000e+000 5.042300e-003 3.933541e-005 -1.871181e-003 2.469387e-003 -8.217125e-001 1.181354e+000 4.040771e+000
2.220000e+000 5.334109e-003 4.165225e-005 8.233449e-003 -1.860938e-003 -7.958620e-001 8.942626e-001 4.464833e+000
2.230000e+000 4.818817e-003 3.537173e-005 -1.502315e-004 -7.903356e-004 -8.246002e-001 1.040356e+000 3.857576e+000
2.240000e+000 5.112830e-003 4.247847e-005 3.917014e-003 3.635475e-003 -8.082560e-001 7.872512e-001 4.114457e+000
2.250000e+000 5.231478e-003 4.064616e-005 -5.122338e-003 1.736400e-003 -7.966671e-001 1.096707e+000 4.530759e+000
2.260000e+000 4.204222e-003 2.798134e-005 1.020833e-003 7.462384e-004 -7.678144e-001 7.310429e-001 4.060299e+000
2.270000e+000 4.129788e-003 2.755414e-005 8.635417e-004 -9.620370e-004 -7.450683e-001 8.728200e-001 3.781012e+000
2.280000e+000 4.891864e-003 4.024661e-005 -2.577894e-003 5.671123e-003 -8.277301e-001 7.250476e-001 4.138850e+000
2.290000e+000 5.181984e-003 3.983183e-005 7.429398e-003 -4.599942e-003 -7.877063e-001 9.730049e-001 4.585835e+000
2.300000e+000 3.786045e-003 2.179888e-005 -1.024537e-003 -8.978588e-004 -7.358530e-001 8.813896e-001 3.300299e+000
2.310000e+000 4.343877e-003 2.943260e-005 -1.535069e-003 2.574132e-003 -7.564708e-001 6.325719e-001 3.966849e+000
2.320000e+000 4.598986e-003 3.323268e-005 4.172917e-003 3.927720e-003 -7.628294e-001 7.184013e-001 3.908957e+000
2.330000e+000 3.680739e-003 2.210223e-005 -9.053241e-004 3.904919e-003 -7.399414e-001 5.184533e-001 3.771011e+000
2.340000e+000 4.854813e-003 3.628497e-005 -1.559954e-003 1.116898e-005 -7.149847e-001 8.314331e-001 4.622056e+000
2.350000e+000 4.078686e-003 2.772641e-005 2.485995e-003 5.865162e-004 -7.178002e-001 7.137053e-001 3.548496e+000
2.360000e+000 3.501627e-003 1.780305e-005 3.703935e-003 2.049653e-003 -7.354282e-001 8.885257e-001 3.382351e+000
2.370000e+000 4.981856e-003 3.928250e-005 -3.855787e-003 -9.245370e-004 -7.519039e-001 4.972670e-001 4.142150e+000
2.380000e+000 4.259101e-003 3.246662e-005 -1.090752e-002 -2.496065e-003 -7.119979e-001 6.525981e-001 4.287466e+000
2.390000e+000 4.615289e-003 3.690322e-005 -5.232176e-003 1.145428e-003 -7.049289e-001 5.993429e-001 4.702802e+000
2.400000e+000 4.126644e-003 2.756853e-005 -1.121875e-003 2.614931e-003 -7.181986e-001 7.905776e-001 3.527631e+000
2.410000e+000 3.384546e-003 1.918017e-005 1.641319e-003 1.016204e-003 -7.363081e-001 4.776978e-001 3.267507e+000
2.420000e+000 3.605853e-003 2.075371e-005 1.532407e-004 -3.334838e-003 -7.082637e-001 6.481111e-001 3.238909e+000
2.430000e+000 4.259051e-003 2.708472e-005 3.437847e-003 3.917824e-004 -7.341218e-001 5.520616e-001 4.358669e+000
2.440000e+000 3.873285e-003 2.831437e-005 -5.287500e-003 2.213542e-003 -6.786454e-001 4.644744e-001 3.631109e+000
2.450000e+000 4.484209e-003 3.256085e-005 8.943403e-003 4.775463e-004 -7.391806e-001 4.570481e-001 4.554028e+000
2.460000e+000 4.188958e-003 2.920167e-005 -5.324306e-003 5.537037e-004 -7.011301e-001 5.114729e-001 4.035438e+000
2.470000e+000 4.483183e-003 2.773274e-005 -2.456134e-003 1.644097e-004 -6.614444e-001 4.050251e-001 4.367973e+000
2.480000e+000 4.028944e-003 2.469570e-005 -5.939815e-004 1.276331e-003 -6.604262e-001 4.886762e-001 3.829981e+000
2.490000e+000 3.166714e-003 1.541645e-005 2.067130e-004 1.584896e-003 -6.739368e-001 9.910050e-001 2.996810e+000
2.500000e+000 4.194754e-003 2.901990e-005 -8.050694e-003 6.056134e-004 -6.857398e-001 6.131859e-001 3.799894e+000
