# Temperature Magnetization2 Magnetization4 Correlation2 Correlation4 Energy Energy2 HeatCapacity CorrelationLength
3.000000e-001 1.000000e+000 1.000000e+000 1.000000e+000 1.000000e+000 -2.000000e+000 0.000000e+000 4.382421e+016
3.050000e-001 1.000000e+000 1.000000e+000 1.000000e+000 1.000000e+000 -2.000000e+000 0.000000e+000 4.382421e+016
3.100000e-001 1.000000e+000 1.000000e+000 1.000000e+000 1.000000e+000 -2.000000e+000 0.000000e+000 4.382421e+016
3.150000e-001 1.000000e+000 1.000000e+000 1.000000e+000 1.000000e+000 -2.000000e+000 0.000000e+000 4.382421e+016
3.200000e-001 1.000000e+000 1.000000e+000 1.000000e+000 1.000000e+000 -2.000000e+000 0.000000e+000 4.382421e+016
3.250000e-001 1.000000e+000 1.000000e+000 1.000000e+000 1.000000e+000 -2.000000e+000 0.000000e+000 4.382421e+016
3.300000e-001 1.000000e+000 1.000000e+000 1.000000e+000 1.000000e+000 -2.000000e+000 0.000000e+000 4.382421e+016
3.350000e-001 1.000000e+000 1.000000e+000 1.000000e+000 1.000000e+000 -2.000000e+000 0.000000e+000 4.382421e+016
3.400000e-001 1.000000e+000 1.000000e+000 1.000000e+000 1.000000e+000 -2.000000e+000 0.000000e+000 4.382421e+016
3.450000e-001 9.999951e-001 9.999904e-001 9.999950e-001 9.999950e-001 -1.999990e+000 4.480314e-004 6.610727e+003
3.500000e-001 9.999988e-001 9.999976e-001 9.999988e-001 9.999988e-001 -1.999998e+000 1.088403e-004 1.322148e+004
3.550000e-001 9.999947e-001 9.999896e-001 9.999946e-001 9.999946e-001 -1.999989e+000 4.584032e-004 6.351380e+003
3.600000e-001 9.999934e-001 9.999871e-001 9.999933e-001 9.999933e-001 -1.999987e+000 5.486091e-004 5.725053e+003
3.650000e-001 9.999959e-001 9.999920e-001 9.999958e-001 9.999958e-001 -1.999992e+000 3.335710e-004 7.241692e+003
3.700000e-001 9.999938e-001 9.999879e-001 9.999937e-001 9.999937e-001 -1.999987e+000 4.869004e-004 5.912811e+003
3.750000e-001 9.999996e-001 9.999992e-001 9.999996e-001 9.999996e-001 -1.999999e+000 3.160462e-005 2.290028e+004
3.800000e-001 9.999926e-001 9.999855e-001 9.999925e-001 9.999925e-001 -1.999985e+000 5.539169e-004 5.397630e+003
3.850000e-001 9.999984e-001 9.999968e-001 9.999983e-001 9.999983e-001 -1.999997e+000 1.199330e-004 1.145013e+004
3.900000e-001 9.999975e-001 9.999952e-001 9.999975e-001 9.999975e-001 -1.999995e+000 1.753127e-004 9.348992e+003
3.950000e-001 9.999836e-001 9.999679e-001 9.999833e-001 9.999833e-001 -1.999967e+000 1.138963e-003 3.620824e+003
4.000000e-001 9.999963e-001 9.999928e-001 9.999963e-001 9.999963e-001 -1.999993e+000 2.499775e-004 7.633415e+003
4.050000e-001 9.999910e-001 9.999823e-001 9.999908e-001 9.999908e-001 -1.999982e+000 5.959839e-004 4.882336e+003
4.100000e-001 9.999680e-001 9.999373e-001 9.999675e-001 9.999675e-001 -1.999935e+000 2.060656e-003 2.592905e+003
4.150000e-001 9.999844e-001 9.999695e-001 9.999842e-001 9.999842e-001 -1.999968e+000 9.802567e-004 3.714888e+003
4.200000e-001 9.999836e-001 9.999679e-001 9.999833e-001 9.999833e-001 -1.999967e+000 1.007407e-003 3.620824e+003
4.250000e-001 9.999606e-001 9.999229e-001 9.999600e-001 9.999600e-001 -1.999920e+000 2.359901e-003 2.337205e+003
4.300000e-001 9.999602e-001 9.999221e-001 9.999596e-001 9.999596e-001 -1.999919e+000 2.329329e-003 2.325125e+003
4.350000e-001 9.999696e-001 9.999405e-001 9.999692e-001 9.999692e-001 -1.999938e+000 1.736798e-003 2.662064e+003
4.400000e-001 9.999558e-001 9.999135e-001 9.999550e-001 9.999550e-001 -1.999912e+000 2.505480e-003 2.121300e+003
4.450000e-001 9.999475e-001 9.998972e-001 9.999467e-001 9.999467e-001 -1.999893e+000 2.869136e-003 2.024065e+003
4.500000e-001 9.999315e-001 9.998658e-001 9.999304e-001 9.999304e-001 -1.999861e+000 3.659174e-003 1.772016e+003
4.550000e-001 9.999336e-001 9.998698e-001 9.999325e-001 9.999325e-001 -1.999865e+000 3.472207e-003 1.799156e+003
4.600000e-001 9.999148e-001 9.998332e-001 9.999133e-001 9.999133e-001 -1.999829e+000 4.391509e-003 1.550074e+003
4.650000e-001 9.999471e-001 9.998963e-001 9.999462e-001 9.999462e-001 -1.999892e+000 2.648138e-003 2.016204e+003
4.700000e-001 9.999012e-001 9.998064e-001 9.998996e-001 9.998996e-001 -1.999799e+000 4.837165e-003 1.475064e+003
4.750000e-001 9.998849e-001 9.997750e-001 9.998829e-001 9.998829e-001 -1.999770e+000 5.685264e-003 1.322561e+003
4.800000e-001 9.998966e-001 9.997975e-001 9.998950e-001 9.998950e-001 -1.999790e+000 4.848861e-003 1.442507e+003
4.850000e-001 9.998926e-001 9.997897e-001 9.998908e-001 9.998908e-001 -1.999783e+000 5.037873e-003 1.403325e+003
4.900000e-001 9.998429e-001 9.996923e-001 9.998404e-001 9.998404e-001 -1.999681e+000 7.062485e-003 1.170057e+003
4.950000e-001 9.998601e-001 9.997260e-001 9.998579e-001 9.998579e-001 -1.999716e+000 6.164218e-003 1.240033e+003
5.000000e-001 9.997048e-001 9.994221e-001 9.997000e-001 9.997000e-001 -1.999405e+000 1.275813e-002 8.424018e+002
5.050000e-001 9.997657e-001 9.995418e-001 9.997617e-001 9.997617e-001 -1.999531e+000 1.020084e-002 9.322192e+002
5.100000e-001 9.997365e-001 9.994845e-001 9.997321e-001 9.997329e-001 -1.999471e+000 1.112338e-002 8.817638e+002
5.150000e-001 9.997666e-001 9.995429e-001 9.997629e-001 9.997629e-001 -1.999526e+000 9.547657e-003 9.613603e+002
5.200000e-001 9.996801e-001 9.993738e-001 9.996750e-001 9.996750e-001 -1.999352e+000 1.291332e-002 8.149395e+002
5.250000e-001 9.996430e-001 9.993014e-001 9.996371e-001 9.996371e-001 -1.999283e+000 1.401010e-002 7.603179e+002
5.300000e-001 9.997293e-001 9.994697e-001 9.997250e-001 9.997250e-001 -1.999450e+000 1.039057e-002 8.906951e+002
5.350000e-001 9.995852e-001 9.991890e-001 9.995779e-001 9.995779e-001 -1.999177e+000 1.577622e-002 6.903056e+002
5.400000e-001 9.994948e-001 9.990114e-001 9.994862e-001 9.994862e-001 -1.998987e+000 1.879250e-002 6.367563e+002
5.450000e-001 9.995304e-001 9.990802e-001 9.995229e-001 9.995229e-001 -1.999047e+000 1.696441e-002 6.748468e+002
5.500000e-001 9.995168e-001 9.990547e-001 9.995087e-001 9.995087e-001 -1.999021e+000 1.805978e-002 6.635970e+002
5.550000e-001 9.995125e-001 9.990455e-001 9.995046e-001 9.995046e-001 -1.999015e+000 1.705874e-002 6.582356e+002
5.600000e-001 9.994957e-001 9.990136e-001 9.994871e-001 9.994875e-001 -1.998989e+000 1.773365e-002 6.364806e+002
5.650000e-001 9.993654e-001 9.987582e-001 9.993550e-001 9.993550e-001 -1.998722e+000 2.163529e-002 5.730769e+002
5.700000e-001 9.993385e-001 9.987056e-001 9.993275e-001 9.993277e-001 -1.998660e+000 2.263286e-002 5.718149e+002
5.750000e-001 9.992751e-001 9.985810e-001 9.992633e-001 9.992633e-001 -1.998535e+000 2.368969e-002 5.394276e+002
5.800000e-001 9.991226e-001 9.982843e-001 9.991075e-001 9.991081e-001 -1.998247e+000 2.845492e-002 4.799664e+002
5.850000e-001 9.990776e-001 9.981942e-001 9.990625e-001 9.990625e-001 -1.998137e+000 2.891893e-002 4.776118e+002
5.900000e-001 9.988734e-001 9.977967e-001 9.988542e-001 9.988544e-001 -1.997735e+000 3.561750e-002 4.259184e+002
5.950000e-001 9.989205e-001 9.978868e-001 9.989044e-001 9.989029e-001 -1.997816e+000 3.285051e-002 4.424517e+002
6.000000e-001 9.988547e-001 9.977598e-001 9.988354e-001 9.988396e-001 -1.997691e+000 3.508728e-002 4.257214e+002
