# Temperature Magnetization2 Magnetization4 Correlation2 Correlation4 Energy Energy2 HeatCapacity CorrelationLength
3.000000e-001 1.000000e+000 1.000000e+000 1.000000e+000 1.000000e+000 -2.000000e+000 0.000000e+000 4.382421e+016
3.050000e-001 1.000000e+000 1.000000e+000 1.000000e+000 1.000000e+000 -2.000000e+000 0.000000e+000 4.382421e+016
3.100000e-001 1.000000e+000 1.000000e+000 1.000000e+000 1.000000e+000 -2.000000e+000 0.000000e+000 4.382421e+016
3.150000e-001 1.000000e+000 1.000000e+000 1.000000e+000 1.000000e+000 -2.000000e+000 0.000000e+000 4.382421e+016
3.200000e-001 1.000000e+000 1.000000e+000 1.000000e+000 1.000000e+000 -2.000000e+000 0.000000e+000 4.382421e+016
3.250000e-001 1.000000e+000 1.000000e+000 1.000000e+000 1.000000e+000 -2.000000e+000 0.000000e+000 4.382421e+016
3.300000e-001 9.999955e-001 9.999912e-001 9.999954e-001 9.999954e-001 -1.999991e+000 4.488844e-004 6.904681e+003
3.350000e-001 1.000000e+000 1.000000e+000 1.000000e+000 1.000000e+000 -2.000000e+000 0.000000e+000 4.382421e+016
3.400000e-001 1.000000e+000 1.000000e+000 1.000000e+000 1.000000e+000 -2.000000e+000 0.000000e+000 4.382421e+016
3.450000e-001 9.999984e-001 9.999968e-001 9.999983e-001 9.999983e-001 -1.999997e+000 1.493557e-004 1.145013e+004
3.500000e-001 1.000000e+000 1.000000e+000 1.000000e+000 1.000000e+000 -2.000000e+000 0.000000e+000 4.382421e+016
3.550000e-001 9.999922e-001 9.999847e-001 9.999921e-001 9.999921e-001 -1.999984e+000 6.699337e-004 5.253666e+003
3.600000e-001 9.999988e-001 9.999976e-001 9.999988e-001 9.999988e-001 -1.999998e+000 1.028776e-004 1.322148e+004
3.650000e-001 9.999893e-001 9.999791e-001 9.999892e-001 9.999892e-001 -1.999978e+000 8.671459e-004 4.491092e+003
3.700000e-001 9.999943e-001 9.999888e-001 9.999942e-001 9.999942e-001 -1.999988e+000 4.544449e-004 6.120342e+003
3.750000e-001 9.999992e-001 9.999984e-001 9.999992e-001 9.999992e-001 -1.999998e+000 6.320861e-005 1.619294e+004
3.800000e-001 9.999971e-001 9.999944e-001 9.999971e-001 9.999971e-001 -1.999994e+000 2.154358e-004 8.655483e+003
3.850000e-001 9.999938e-001 9.999879e-001 9.999937e-001 9.999937e-001 -1.999987e+000 4.496992e-004 5.912811e+003
3.900000e-001 9.999893e-001 9.999791e-001 9.999892e-001 9.999892e-001 -1.999978e+000 7.595366e-004 4.491092e+003
3.950000e-001 9.999881e-001 9.999767e-001 9.999879e-001 9.999879e-001 -1.999976e+000 8.258389e-004 4.252451e+003
4.000000e-001 9.999934e-001 9.999871e-001 9.999933e-001 9.999933e-001 -1.999987e+000 4.443733e-004 5.725053e+003
4.050000e-001 1.000000e+000 1.000000e+000 1.000000e+000 1.000000e+000 -2.000000e+000 0.000000e+000 4.382421e+016
4.100000e-001 9.999779e-001 9.999566e-001 9.999775e-001 9.999775e-001 -1.999955e+000 1.426951e-003 3.116300e+003
4.150000e-001 9.999717e-001 9.999446e-001 9.999712e-001 9.999712e-001 -1.999942e+000 1.779388e-003 2.756831e+003
4.200000e-001 9.999840e-001 9.999687e-001 9.999837e-001 9.999837e-001 -1.999967e+000 9.822321e-004 3.666951e+003
4.250000e-001 9.999733e-001 9.999478e-001 9.999729e-001 9.999729e-001 -1.999946e+000 1.598345e-003 2.840393e+003
4.300000e-001 9.999610e-001 9.999237e-001 9.999604e-001 9.999604e-001 -1.999921e+000 2.281347e-003 2.349474e+003
4.350000e-001 9.999647e-001 9.999309e-001 9.999642e-001 9.999642e-001 -1.999928e+000 2.018198e-003 2.469358e+003
4.400000e-001 9.999648e-001 9.999312e-001 9.999642e-001 9.999642e-001 -1.999931e+000 2.007142e-003 2.334261e+003
4.450000e-001 9.999344e-001 9.998714e-001 9.999333e-001 9.999333e-001 -1.999867e+000 3.585271e-003 1.810367e+003
4.500000e-001 9.999426e-001 9.998875e-001 9.999417e-001 9.999417e-001 -1.999883e+000 3.068401e-003 1.935372e+003
4.550000e-001 9.999532e-001 9.999084e-001 9.999525e-001 9.999525e-001 -1.999905e+000 2.444579e-003 2.144758e+003
4.600000e-001 9.998860e-001 9.997766e-001 9.998842e-001 9.998842e-001 -1.999768e+000 5.822877e-003 1.373389e+003
4.650000e-001 9.999286e-001 9.998602e-001 9.999275e-001 9.999275e-001 -1.999855e+000 3.570298e-003 1.736004e+003
4.700000e-001 9.998445e-001 9.996961e-001 9.998417e-001 9.998417e-001 -1.999693e+000 7.738962e-003 1.116043e+003
4.750000e-001 9.998864e-001 9.997774e-001 9.998846e-001 9.998846e-001 -1.999769e+000 5.441334e-003 1.375866e+003
4.800000e-001 9.998741e-001 9.997533e-001 9.998721e-001 9.998721e-001 -1.999744e+000 5.903887e-003 1.306906e+003
4.850000e-001 9.999344e-001 9.998714e-001 9.999333e-001 9.999333e-001 -1.999867e+000 3.018273e-003 1.810367e+003
4.900000e-001 9.998648e-001 9.997355e-001 9.998625e-001 9.998625e-001 -1.999730e+000 6.139979e-003 1.226130e+003
4.950000e-001 9.998388e-001 9.996842e-001 9.998362e-001 9.998362e-001 -1.999672e+000 7.100509e-003 1.155073e+003
5.000000e-001 9.999000e-001 9.998045e-001 9.998983e-001 9.998983e-001 -1.999800e+000 4.367580e-003 1.421884e+003
5.050000e-001 9.998474e-001 9.997012e-001 9.998450e-001 9.998450e-001 -1.999691e+000 6.514555e-003 1.183168e+003
5.100000e-001 9.997798e-001 9.995687e-001 9.997762e-001 9.997762e-001 -1.999554e+000 9.139774e-003 9.834324e+002
5.150000e-001 9.997282e-001 9.994679e-001 9.997244e-001 9.997237e-001 -1.999451e+000 1.121633e-002 8.807878e+002
5.200000e-001 9.997383e-001 9.994875e-001 9.997342e-001 9.997342e-001 -1.999468e+000 1.051824e-002 9.074747e+002
5.250000e-001 9.996813e-001 9.993765e-001 9.996758e-001 9.996758e-001 -1.999363e+000 1.259623e-002 7.969424e+002
5.300000e-001 9.995891e-001 9.991952e-001 9.995825e-001 9.995825e-001 -1.999165e+000 1.591646e-002 7.232978e+002
5.350000e-001 9.996593e-001 9.993328e-001 9.996537e-001 9.996537e-001 -1.999311e+000 1.283247e-002 7.870236e+002
5.400000e-001 9.996179e-001 9.992524e-001 9.996117e-001 9.996117e-001 -1.999229e+000 1.449082e-002 7.407148e+002
5.450000e-001 9.995185e-001 9.990567e-001 9.995108e-001 9.995108e-001 -1.999022e+000 1.737655e-002 6.679496e+002
5.500000e-001 9.995749e-001 9.991680e-001 9.995679e-001 9.995683e-001 -1.999141e+000 1.542807e-002 7.024314e+002
5.550000e-001 9.995079e-001 9.990364e-001 9.995000e-001 9.995000e-001 -1.999004e+000 1.717955e-002 6.569504e+002
5.600000e-001 9.993283e-001 9.986855e-001 9.993171e-001 9.993171e-001 -1.998647e+000 2.331274e-002 5.595214e+002
5.650000e-001 9.993346e-001 9.986987e-001 9.993233e-001 9.993233e-001 -1.998662e+000 2.319394e-002 5.571362e+002
5.700000e-001 9.994276e-001 9.988800e-001 9.994187e-001 9.994179e-001 -1.998847e+000 1.929309e-002 6.007622e+002
5.750000e-001 9.991412e-001 9.983214e-001 9.991262e-001 9.991262e-001 -1.998286e+000 2.873794e-002 4.837398e+002
5.800000e-001 9.991836e-001 9.984041e-001 9.991700e-001 9.991706e-001 -1.998364e+000 2.704808e-002 5.007057e+002
5.850000e-001 9.991735e-001 9.983832e-001 9.991596e-001 9.991596e-001 -1.998339e+000 2.651033e-002 5.002434e+002
5.900000e-001 9.991269e-001 9.982927e-001 9.991127e-001 9.991127e-001 -1.998243e+000 2.806945e-002 4.872886e+002
5.950000e-001 9.988811e-001 9.978128e-001 9.988617e-001 9.988619e-001 -1.997761e+000 3.490619e-002 4.271692e+002
6.000000e-001 9.988332e-001 9.977172e-001 9.988137e-001 9.988137e-001 -1.997647e+000 3.531148e-002 4.234731e+002
