# Temperature Magnetization2 Magnetization4 Correlation2 Correlation4 Energy Energy2 HeatCapacity CorrelationLength
3.000000e-001 1.000000e+000 1.000000e+000 1.000000e+000 1.000000e+000 -2.000000e+000 0.000000e+000 4.382421e+016
3.050000e-001 1.000000e+000 1.000000e+000 1.000000e+000 1.000000e+000 -2.000000e+000 0.000000e+000 4.382421e+016
3.100000e-001 1.000000e+000 1.000000e+000 1.000000e+000 1.000000e+000 -2.000000e+000 0.000000e+000 4.382421e+016
3.150000e-001 1.000000e+000 1.000000e+000 1.000000e+000 1.000000e+000 -2.000000e+000 0.000000e+000 4.382421e+016
3.200000e-001 9.999988e-001 9.999976e-001 9.999987e-001 9.999987e-001 -1.999997e+000 1.302044e-004 1.322148e+004
3.250000e-001 1.000000e+000 1.000000e+000 1.000000e+000 1.000000e+000 -2.000000e+000 0.000000e+000 4.382421e+016
3.300000e-001 1.000000e+000 1.000000e+000 1.000000e+000 1.000000e+000 -2.000000e+000 0.000000e+000 4.382421e+016
3.350000e-001 1.000000e+000 1.000000e+000 1.000000e+000 1.000000e+000 -2.000000e+000 0.000000e+000 4.382421e+016
3.400000e-001 9.999889e-001 9.999783e-001 9.999887e-001 9.999887e-001 -1.999977e+000 1.037782e-003 4.407138e+003
3.450000e-001 9.999979e-001 9.999960e-001 9.999979e-001 9.999979e-001 -1.999996e+000 1.866928e-004 1.024131e+004
3.500000e-001 1.000000e+000 1.000000e+000 1.000000e+000 1.000000e+000 -2.000000e+000 0.000000e+000 4.382421e+016
3.550000e-001 9.999967e-001 9.999936e-001 9.999967e-001 9.999967e-001 -1.999993e+000 2.821084e-004 8.096461e+003
3.600000e-001 9.999967e-001 9.999936e-001 9.999967e-001 9.999967e-001 -1.999993e+000 2.743265e-004 8.096461e+003
3.650000e-001 9.999979e-001 9.999960e-001 9.999979e-001 9.999979e-001 -1.999996e+000 1.667939e-004 1.024131e+004
3.700000e-001 9.999959e-001 9.999920e-001 9.999958e-001 9.999958e-001 -1.999992e+000 3.246165e-004 7.241692e+003
3.750000e-001 9.999971e-001 9.999944e-001 9.999971e-001 9.999971e-001 -1.999994e+000 2.212191e-004 8.655483e+003
3.800000e-001 9.999975e-001 9.999952e-001 9.999975e-001 9.999975e-001 -1.999995e+000 1.846611e-004 9.348992e+003
3.850000e-001 9.999943e-001 9.999888e-001 9.999942e-001 9.999942e-001 -1.999988e+000 4.197235e-004 6.120342e+003
3.900000e-001 9.999955e-001 9.999912e-001 9.999954e-001 9.999954e-001 -1.999991e+000 3.213906e-004 6.904681e+003
3.950000e-001 9.999918e-001 9.999839e-001 9.999917e-001 9.999917e-001 -1.999983e+000 5.695953e-004 5.120639e+003
4.000000e-001 9.999865e-001 9.999735e-001 9.999862e-001 9.999862e-001 -1.999972e+000 9.163642e-004 3.986401e+003
4.050000e-001 9.999914e-001 9.999831e-001 9.999913e-001 9.999913e-001 -1.999983e+000 5.688995e-004 4.997231e+003
4.100000e-001 9.999774e-001 9.999558e-001 9.999771e-001 9.999771e-001 -1.999954e+000 1.453361e-003 3.087839e+003
4.150000e-001 9.999770e-001 9.999550e-001 9.999767e-001 9.999767e-001 -1.999953e+000 1.444329e-003 3.060144e+003
4.200000e-001 9.999701e-001 9.999413e-001 9.999696e-001 9.999696e-001 -1.999939e+000 1.837912e-003 2.680236e+003
4.250000e-001 9.999906e-001 9.999815e-001 9.999904e-001 9.999904e-001 -1.999981e+000 5.658060e-004 4.775017e+003
4.300000e-001 9.999762e-001 9.999534e-001 9.999758e-001 9.999758e-001 -1.999952e+000 1.393338e-003 3.006919e+003
4.350000e-001 9.999401e-001 9.998827e-001 9.999392e-001 9.999392e-001 -1.999878e+000 3.424186e-003 1.895184e+003
4.400000e-001 9.999212e-001 9.998457e-001 9.999200e-001 9.999200e-001 -1.999840e+000 4.399251e-003 1.652620e+003
4.450000e-001 9.999389e-001 9.998803e-001 9.999379e-001 9.999379e-001 -1.999876e+000 3.339152e-003 1.876007e+003
4.500000e-001 9.999454e-001 9.998931e-001 9.999446e-001 9.999446e-001 -1.999889e+000 2.915185e-003 1.985652e+003
4.550000e-001 9.999274e-001 9.998578e-001 9.999262e-001 9.999262e-001 -1.999852e+000 3.793137e-003 1.721228e+003
4.600000e-001 9.999233e-001 9.998497e-001 9.999221e-001 9.999221e-001 -1.999844e+000 3.920401e-003 1.674570e+003
4.650000e-001 9.999147e-001 9.998329e-001 9.999133e-001 9.999133e-001 -1.999827e+000 4.266489e-003 1.587781e+003
4.700000e-001 9.998815e-001 9.997680e-001 9.998796e-001 9.998796e-001 -1.999760e+000 5.813056e-003 1.335217e+003
4.750000e-001 9.998380e-001 9.996826e-001 9.998354e-001 9.998354e-001 -1.999671e+000 7.750121e-003 1.152144e+003
4.800000e-001 9.998778e-001 9.997606e-001 9.998758e-001 9.998758e-001 -1.999752e+000 5.731326e-003 1.326496e+003
4.850000e-001 9.998946e-001 9.997935e-001 9.998929e-001 9.998929e-001 -1.999786e+000 4.843391e-003 1.428405e+003
4.900000e-001 9.998798e-001 9.997647e-001 9.998779e-001 9.998779e-001 -1.999756e+000 5.447164e-003 1.333888e+003
4.950000e-001 9.998560e-001 9.997180e-001 9.998537e-001 9.998537e-001 -1.999707e+000 6.344350e-003 1.222238e+003
5.000000e-001 9.998413e-001 9.996890e-001 9.998387e-001 9.998387e-001 -1.999677e+000 6.853374e-003 1.163994e+003
5.050000e-001 9.997950e-001 9.995988e-001 9.997917e-001 9.997917e-001 -1.999586e+000 8.944046e-003 1.014837e+003
5.100000e-001 9.997576e-001 9.995251e-001 9.997537e-001 9.997537e-001 -1.999507e+000 1.003900e-002 9.418769e+002
5.150000e-001 9.997564e-001 9.995227e-001 9.997525e-001 9.997525e-001 -1.999505e+000 9.894687e-003 9.394948e+002
5.200000e-001 9.997707e-001 9.995508e-001 9.997671e-001 9.997671e-001 -1.999534e+000 9.136673e-003 9.684671e+002
5.250000e-001 9.996835e-001 9.993812e-001 9.996779e-001 9.996779e-001 -1.999371e+000 1.259452e-002 7.911507e+002
5.300000e-001 9.996317e-001 9.992786e-001 9.996258e-001 9.996258e-001 -1.999252e+000 1.408890e-002 7.626023e+002
5.350000e-001 9.995991e-001 9.992153e-001 9.995925e-001 9.995925e-001 -1.999190e+000 1.539662e-002 7.245733e+002
5.400000e-001 9.995826e-001 9.991828e-001 9.995775e-001 9.995758e-001 -1.999152e+000 1.578474e-002 7.181824e+002
5.450000e-001 9.995271e-001 9.990739e-001 9.995200e-001 9.995198e-001 -1.999040e+000 1.722131e-002 6.732141e+002
5.500000e-001 9.995352e-001 9.990902e-001 9.995275e-001 9.995275e-001 -1.999061e+000 1.686306e-002 6.728980e+002
5.550000e-001 9.993807e-001 9.987879e-001 9.993704e-001 9.993704e-001 -1.998752e+000 2.188502e-002 5.812106e+002
5.600000e-001 9.994698e-001 9.989625e-001 9.994608e-001 9.994608e-001 -1.998938e+000 1.824697e-002 6.206735e+002
5.650000e-001 9.993177e-001 9.986650e-001 9.993062e-001 9.993062e-001 -1.998625e+000 2.353803e-002 5.533727e+002
5.700000e-001 9.993378e-001 9.987033e-001 9.993271e-001 9.993271e-001 -1.998658e+000 2.200763e-002 5.673308e+002
5.750000e-001 9.992300e-001 9.984924e-001 9.992175e-001 9.992175e-001 -1.998441e+000 2.514110e-002 5.246990e+002
5.800000e-001 9.991310e-001 9.982991e-001 9.991167e-001 9.991167e-001 -1.998251e+000 2.765219e-002 4.890963e+002
5.850000e-001 9.991125e-001 9.982630e-001 9.990979e-001 9.990979e-001 -1.998206e+000 2.824909e-002 4.865156e+002
5.900000e-001 9.989398e-001 9.979266e-001 9.989217e-001 9.989219e-001 -1.997878e+000 3.314250e-002 4.387464e+002
5.950000e-001 9.988701e-001 9.977885e-001 9.988517e-001 9.988524e-001 -1.997715e+000 3.453288e-002 4.323761e+002
6.000000e-001 9.988009e-001 9.976541e-001 9.987808e-001 9.987808e-001 -1.997593e+000 3.581313e-002 4.144423e+002
