# Temperature Magnetization2 Magnetization4 Correlation2 Correlation4 Energy Energy2 HeatCapacity CorrelationLength
3.000000e-001 1.000000e+000 1.000000e+000 1.000000e+000 1.000000e+000 -2.000000e+000 0.000000e+000 4.382421e+016
3.050000e-001 9.999988e-001 9.999976e-001 9.999988e-001 9.999988e-001 -1.999998e+000 1.433263e-004 1.322148e+004
3.100000e-001 9.999955e-001 9.999912e-001 9.999954e-001 9.999954e-001 -1.999991e+000 5.086734e-004 6.904681e+003
3.150000e-001 1.000000e+000 1.000000e+000 1.000000e+000 1.000000e+000 -2.000000e+000 0.000000e+000 4.382421e+016
3.200000e-001 1.000000e+000 1.000000e+000 1.000000e+000 1.000000e+000 -2.000000e+000 0.000000e+000 4.382421e+016
3.250000e-001 1.000000e+000 1.000000e+000 1.000000e+000 1.000000e+000 -2.000000e+000 0.000000e+000 4.382421e+016
3.300000e-001 1.000000e+000 1.000000e+000 1.000000e+000 1.000000e+000 -2.000000e+000 0.000000e+000 4.382421e+016
3.350000e-001 1.000000e+000 1.000000e+000 1.000000e+000 1.000000e+000 -2.000000e+000 0.000000e+000 4.382421e+016
3.400000e-001 1.000000e+000 1.000000e+000 1.000000e+000 1.000000e+000 -2.000000e+000 0.000000e+000 4.382421e+016
3.450000e-001 1.000000e+000 1.000000e+000 1.000000e+000 1.000000e+000 -2.000000e+000 0.000000e+000 4.382421e+016
3.500000e-001 1.000000e+000 1.000000e+000 1.000000e+000 1.000000e+000 -2.000000e+000 0.000000e+000 4.382421e+016
3.550000e-001 9.999889e-001 9.999783e-001 9.999887e-001 9.999887e-001 -1.999977e+000 9.519349e-004 4.407138e+003
3.600000e-001 1.000000e+000 1.000000e+000 1.000000e+000 1.000000e+000 -2.000000e+000 0.000000e+000 4.382421e+016
3.650000e-001 9.999955e-001 9.999912e-001 9.999954e-001 9.999954e-001 -1.999991e+000 3.669245e-004 6.904681e+003
3.700000e-001 9.999848e-001 9.999703e-001 9.999846e-001 9.999846e-001 -1.999969e+000 1.200757e-003 3.764755e+003
3.750000e-001 9.999959e-001 9.999920e-001 9.999958e-001 9.999958e-001 -1.999992e+000 3.160178e-004 7.241692e+003
3.800000e-001 1.000000e+000 1.000000e+000 1.000000e+000 1.000000e+000 -2.000000e+000 0.000000e+000 4.382421e+016
3.850000e-001 1.000000e+000 1.000000e+000 1.000000e+000 1.000000e+000 -2.000000e+000 0.000000e+000 4.382421e+016
3.900000e-001 9.999918e-001 9.999839e-001 9.999917e-001 9.999917e-001 -1.999983e+000 5.842940e-004 5.120639e+003
3.950000e-001 9.999963e-001 9.999928e-001 9.999962e-001 9.999962e-001 -1.999992e+000 2.563461e-004 7.633415e+003
4.000000e-001 9.999922e-001 9.999847e-001 9.999921e-001 9.999921e-001 -1.999984e+000 5.276775e-004 5.253666e+003
4.050000e-001 9.999774e-001 9.999558e-001 9.999771e-001 9.999771e-001 -1.999954e+000 1.489468e-003 3.087839e+003
4.100000e-001 9.999897e-001 9.999799e-001 9.999896e-001 9.999896e-001 -1.999979e+000 6.608170e-004 4.580034e+003
4.150000e-001 9.999791e-001 9.999590e-001 9.999787e-001 9.999787e-001 -1.999957e+000 1.315437e-003 3.206648e+003
4.200000e-001 9.999807e-001 9.999622e-001 9.999804e-001 9.999804e-001 -1.999961e+000 1.183621e-003 3.340318e+003
4.250000e-001 9.999844e-001 9.999695e-001 9.999842e-001 9.999842e-001 -1.999968e+000 9.346697e-004 3.714888e+003
4.300000e-001 9.999770e-001 9.999550e-001 9.999767e-001 9.999767e-001 -1.999953e+000 1.345319e-003 3.060144e+003
4.350000e-001 9.999779e-001 9.999566e-001 9.999775e-001 9.999775e-001 -1.999955e+000 1.267646e-003 3.116300e+003
4.400000e-001 9.999545e-001 9.999108e-001 9.999537e-001 9.999537e-001 -1.999907e+000 2.545381e-003 2.173549e+003
4.450000e-001 9.999610e-001 9.999237e-001 9.999604e-001 9.999604e-001 -1.999921e+000 2.130141e-003 2.349474e+003
4.500000e-001 9.999434e-001 9.998891e-001 9.999425e-001 9.999425e-001 -1.999885e+000 3.024627e-003 1.949346e+003
4.550000e-001 9.999430e-001 9.998883e-001 9.999421e-001 9.999421e-001 -1.999884e+000 2.979925e-003 1.942321e+003
4.600000e-001 9.998966e-001 9.997975e-001 9.998950e-001 9.998950e-001 -1.999790e+000 5.279667e-003 1.442507e+003
4.650000e-001 9.999016e-001 9.998072e-001 9.999000e-001 9.999000e-001 -1.999800e+000 4.921293e-003 1.478134e+003
4.700000e-001 9.999003e-001 9.998048e-001 9.998987e-001 9.998987e-001 -1.999797e+000 4.877210e-003 1.468980e+003
4.750000e-001 9.999073e-001 9.998184e-001 9.999058e-001 9.999058e-001 -1.999812e+000 4.441770e-003 1.523233e+003
4.800000e-001 9.998433e-001 9.996931e-001 9.998408e-001 9.998408e-001 -1.999682e+000 7.340678e-003 1.171588e+003
4.850000e-001 9.999111e-001 9.998264e-001 9.999096e-001 9.999096e-001 -1.999824e+000 4.199123e-003 1.488624e+003
4.900000e-001 9.998483e-001 9.997029e-001 9.998458e-001 9.998458e-001 -1.999693e+000 6.837745e-003 1.182284e+003
4.950000e-001 9.998076e-001 9.996232e-001 9.998046e-001 9.998046e-001 -1.999609e+000 8.467170e-003 1.057335e+003
5.000000e-001 9.998039e-001 9.996159e-001 9.998008e-001 9.998008e-001 -1.999602e+000 8.457158e-003 1.047331e+003
5.050000e-001 9.997974e-001 9.996033e-001 9.997942e-001 9.997942e-001 -1.999588e+000 8.706068e-003 1.030227e+003
5.100000e-001 9.997724e-001 9.995542e-001 9.997687e-001 9.997687e-001 -1.999537e+000 9.499248e-003 9.722082e+002
5.150000e-001 9.996469e-001 9.993086e-001 9.996412e-001 9.996412e-001 -1.999284e+000 1.442165e-002 7.772249e+002
5.200000e-001 9.997655e-001 9.995414e-001 9.997617e-001 9.997617e-001 -1.999524e+000 9.980927e-003 9.568678e+002
5.250000e-001 9.995920e-001 9.992023e-001 9.995850e-001 9.995850e-001 -1.999178e+000 1.681879e-002 7.185483e+002
5.300000e-001 9.996276e-001 9.992718e-001 9.996212e-001 9.996212e-001 -1.999257e+000 1.447125e-002 7.352966e+002
5.350000e-001 9.996134e-001 9.992432e-001 9.996071e-001 9.996071e-001 -1.999217e+000 1.481442e-002 7.429058e+002
5.400000e-001 9.995781e-001 9.991739e-001 9.995712e-001 9.995712e-001 -1.999147e+000 1.564760e-002 7.078936e+002
5.450000e-001 9.994685e-001 9.989609e-001 9.994592e-001 9.994592e-001 -1.998945e+000 1.951160e-002 6.107531e+002
5.500000e-001 9.994922e-001 9.990054e-001 9.994842e-001 9.994842e-001 -1.998968e+000 1.802275e-002 6.506830e+002
5.550000e-001 9.995388e-001 9.990972e-001 9.995312e-001 9.995312e-001 -1.999067e+000 1.638987e-002 6.770995e+002
5.600000e-001 9.993810e-001 9.987892e-001 9.993704e-001 9.993704e-001 -1.998763e+000 2.137865e-002 5.719167e+002
5.650000e-001 9.994388e-001 9.989013e-001 9.994296e-001 9.994296e-001 -1.998869e+000 1.889476e-002 6.102500e+002
5.700000e-001 9.993074e-001 9.986437e-001 9.992979e-001 9.992962e-001 -1.998596e+000 2.289496e-002 5.546235e+002
5.750000e-001 9.992181e-001 9.984714e-001 9.992046e-001 9.992046e-001 -1.998428e+000 2.668803e-002 5.205024e+002
5.800000e-001 9.991522e-001 9.983424e-001 9.991375e-001 9.991375e-001 -1.998301e+000 2.763503e-002 4.881959e+002
5.850000e-001 9.991470e-001 9.983317e-001 9.991325e-001 9.991325e-001 -1.998289e+000 2.727126e-002 4.907482e+002
5.900000e-001 9.990446e-001 9.981311e-001 9.990283e-001 9.990323e-001 -1.998078e+000 2.975009e-002 4.630544e+002
5.950000e-001 9.989046e-001 9.978567e-001 9.988862e-001 9.988873e-001 -1.997800e+000 3.325914e-002 4.332676e+002
6.000000e-001 9.988585e-001 9.977683e-001 9.988387e-001 9.988387e-001 -1.997720e+000 3.467246e-002 4.215707e+002
