# Temperature Magnetization2 Magnetization4 Correlation2 Correlation4 Energy Energy2 HeatCapacity CorrelationLength
3.000000e-001 1.000000e+000 1.000000e+000 1.000000e+000 1.000000e+000 -2.000000e+000 0.000000e+000 4.382421e+016
3.050000e-001 1.000000e+000 1.000000e+000 1.000000e+000 1.000000e+000 -2.000000e+000 0.000000e+000 4.382421e+016
3.100000e-001 1.000000e+000 1.000000e+000 1.000000e+000 1.000000e+000 -2.000000e+000 0.000000e+000 4.382421e+016
3.150000e-001 1.000000e+000 1.000000e+000 1.000000e+000 1.000000e+000 -2.000000e+000 0.000000e+000 4.382421e+016
3.200000e-001 1.000000e+000 1.000000e+000 1.000000e+000 1.000000e+000 -2.000000e+000 0.000000e+000 4.382421e+016
3.250000e-001 1.000000e+000 1.000000e+000 1.000000e+000 1.000000e+000 -2.000000e+000 0.000000e+000 4.382421e+016
3.300000e-001 1.000000e+000 1.000000e+000 1.000000e+000 1.000000e+000 -2.000000e+000 0.000000e+000 4.382421e+016
3.350000e-001 9.999930e-001 9.999863e-001 9.999929e-001 9.999929e-001 -1.999986e+000 6.731362e-004 5.554116e+003
3.400000e-001 9.999943e-001 9.999888e-001 9.999942e-001 9.999942e-001 -1.999988e+000 5.381792e-004 6.120342e+003
3.450000e-001 1.000000e+000 1.000000e+000 1.000000e+000 1.000000e+000 -2.000000e+000 0.000000e+000 4.382421e+016
3.500000e-001 1.000000e+000 1.000000e+000 1.000000e+000 1.000000e+000 -2.000000e+000 0.000000e+000 4.382421e+016
3.550000e-001 9.999996e-001 9.999992e-001 9.999996e-001 9.999996e-001 -1.999999e+000 3.526602e-005 2.290028e+004
3.600000e-001 1.000000e+000 1.000000e+000 1.000000e+000 1.000000e+000 -2.000000e+000 0.000000e+000 4.382421e+016
3.650000e-001 9.999975e-001 9.999952e-001 9.999975e-001 9.999975e-001 -1.999995e+000 2.001506e-004 9.348992e+003
3.700000e-001 9.999984e-001 9.999968e-001 9.999983e-001 9.999983e-001 -1.999997e+000 1.298544e-004 1.145013e+004
3.750000e-001 9.999996e-001 9.999992e-001 9.999996e-001 9.999996e-001 -1.999999e+000 3.160462e-005 2.290028e+004
3.800000e-001 1.000000e+000 1.000000e+000 1.000000e+000 1.000000e+000 -2.000000e+000 0.000000e+000 4.382421e+016
3.850000e-001 9.999877e-001 9.999759e-001 9.999875e-001 9.999875e-001 -1.999975e+000 8.992635e-004 4.180976e+003
3.900000e-001 9.999934e-001 9.999871e-001 9.999933e-001 9.999933e-001 -1.999987e+000 4.674539e-004 5.725053e+003
3.950000e-001 9.999947e-001 9.999896e-001 9.999946e-001 9.999946e-001 -1.999989e+000 3.702629e-004 6.351380e+003
4.000000e-001 9.999902e-001 9.999807e-001 9.999900e-001 9.999900e-001 -1.999980e+000 6.665067e-004 4.674479e+003
4.050000e-001 9.999865e-001 9.999735e-001 9.999862e-001 9.999862e-001 -1.999972e+000 8.938776e-004 3.986401e+003
4.100000e-001 9.999873e-001 9.999751e-001 9.999871e-001 9.999871e-001 -1.999974e+000 8.193639e-004 4.112987e+003
4.150000e-001 9.999721e-001 9.999454e-001 9.999717e-001 9.999717e-001 -1.999943e+000 1.753617e-003 2.777029e+003
4.200000e-001 9.999487e-001 9.998996e-001 9.999479e-001 9.999479e-001 -1.999896e+000 3.145471e-003 2.048211e+003
4.250000e-001 9.999783e-001 9.999574e-001 9.999779e-001 9.999779e-001 -1.999956e+000 1.303423e-003 3.145562e+003
4.300000e-001 9.999590e-001 9.999197e-001 9.999583e-001 9.999583e-001 -1.999917e+000 2.401298e-003 2.289981e+003
4.350000e-001 9.999020e-001 9.998080e-001 9.999004e-001 9.999004e-001 -1.999801e+000 5.600124e-003 1.481223e+003
4.400000e-001 9.999545e-001 9.999108e-001 9.999538e-001 9.999538e-001 -1.999908e+000 2.545381e-003 2.173549e+003
4.450000e-001 9.999455e-001 9.998932e-001 9.999446e-001 9.999446e-001 -1.999890e+000 3.028786e-003 1.973030e+003
4.500000e-001 9.999688e-001 9.999389e-001 9.999683e-001 9.999683e-001 -1.999937e+000 1.666771e-003 2.626802e+003
4.550000e-001 9.999591e-001 9.999201e-001 9.999583e-001 9.999583e-001 -1.999920e+000 2.182385e-003 2.164315e+003
4.600000e-001 9.999075e-001 9.998191e-001 9.999058e-001 9.999058e-001 -1.999817e+000 4.799748e-003 1.458563e+003
4.650000e-001 9.998749e-001 9.997549e-001 9.998729e-001 9.998729e-001 -1.999746e+000 6.250069e-003 1.311184e+003
4.700000e-001 9.998697e-001 9.997451e-001 9.998675e-001 9.998675e-001 -1.999739e+000 6.428657e-003 1.250962e+003
4.750000e-001 9.998888e-001 9.997823e-001 9.998871e-001 9.998871e-001 -1.999774e+000 5.323791e-003 1.391016e+003
4.800000e-001 9.998876e-001 9.997798e-001 9.998858e-001 9.998858e-001 -1.999772e+000 5.271012e-003 1.383379e+003
4.850000e-001 9.998618e-001 9.997292e-001 9.998596e-001 9.998596e-001 -1.999719e+000 6.345968e-003 1.247371e+003
4.900000e-001 9.998786e-001 9.997622e-001 9.998767e-001 9.998767e-001 -1.999753e+000 5.462980e-003 1.330971e+003
4.950000e-001 9.998601e-001 9.997260e-001 9.998579e-001 9.998579e-001 -1.999716e+000 6.164218e-003 1.240033e+003
5.000000e-001 9.998749e-001 9.997549e-001 9.998729e-001 9.998729e-001 -1.999746e+000 5.405684e-003 1.311184e+003
5.050000e-001 9.997511e-001 9.995125e-001 9.997471e-001 9.997471e-001 -1.999495e+000 1.059291e-002 9.282967e+002
5.100000e-001 9.998232e-001 9.996538e-001 9.998204e-001 9.998204e-001 -1.999641e+000 7.355485e-003 1.099708e+003
5.150000e-001 9.997454e-001 9.995017e-001 9.997412e-001 9.997412e-001 -1.999482e+000 1.074381e-002 9.131382e+002
5.200000e-001 9.997572e-001 9.995243e-001 9.997533e-001 9.997533e-001 -1.999507e+000 9.672836e-003 9.410809e+002
5.250000e-001 9.997172e-001 9.994466e-001 9.997125e-001 9.997125e-001 -1.999432e+000 1.116315e-002 8.544098e+002
5.300000e-001 9.996071e-001 9.992305e-001 9.996008e-001 9.996008e-001 -1.999203e+000 1.510096e-002 7.374322e+002
5.350000e-001 9.996995e-001 9.994119e-001 9.996946e-001 9.996950e-001 -1.999392e+000 1.155933e-002 8.377790e+002
5.400000e-001 9.994836e-001 9.989896e-001 9.994750e-001 9.994750e-001 -1.998956e+000 1.975404e-002 6.364222e+002
5.450000e-001 9.995703e-001 9.991586e-001 9.995635e-001 9.995636e-001 -1.999130e+000 1.567187e-002 7.016165e+002
5.500000e-001 9.994297e-001 9.988833e-001 9.994204e-001 9.994204e-001 -1.998847e+000 2.024036e-002 6.083704e+002
5.550000e-001 9.993639e-001 9.987543e-001 9.993537e-001 9.993537e-001 -1.998708e+000 2.235150e-002 5.812485e+002
5.600000e-001 9.993800e-001 9.987872e-001 9.993696e-001 9.993696e-001 -1.998757e+000 2.157546e-002 5.757052e+002
5.650000e-001 9.994102e-001 9.988472e-001 9.994000e-001 9.994000e-001 -1.998822e+000 2.056591e-002 5.838055e+002
5.700000e-001 9.992557e-001 9.985443e-001 9.992429e-001 9.992429e-001 -1.998515e+000 2.480829e-002 5.203136e+002
5.750000e-001 9.991943e-001 9.984238e-001 9.991808e-001 9.991808e-001 -1.998379e+000 2.666656e-002 5.072362e+002
5.800000e-001 9.990562e-001 9.981544e-001 9.990404e-001 9.990415e-001 -1.998104e+000 3.079298e-002 4.663011e+002
5.850000e-001 9.991211e-001 9.982826e-001 9.991058e-001 9.991069e-001 -1.998242e+000 2.902384e-002 4.792344e+002
5.900000e-001 9.989220e-001 9.978903e-001 9.989042e-001 9.989042e-001 -1.997828e+000 3.325306e-002 4.397611e+002
5.950000e-001 9.990213e-001 9.980851e-001 9.990050e-001 9.990050e-001 -1.998030e+000 3.004140e-002 4.607628e+002
6.000000e-001 9.989537e-001 9.979521e-001 9.989367e-001 9.989375e-001 -1.997881e+000 3.159021e-002 4.503221e+002
