# Temperature Magnetization2 Magnetization4 Correlation2 Correlation4 Energy Energy2 HeatCapacity CorrelationLength
3.000000e-001 1.000000e+000 1.000000e+000 1.000000e+000 1.000000e+000 -2.000000e+000 0.000000e+000 4.382421e+016
3.050000e-001 1.000000e+000 1.000000e+000 1.000000e+000 1.000000e+000 -2.000000e+000 0.000000e+000 4.382421e+016
3.100000e-001 1.000000e+000 1.000000e+000 1.000000e+000 1.000000e+000 -2.000000e+000 0.000000e+000 4.382421e+016
3.150000e-001 9.999963e-001 9.999928e-001 9.999962e-001 9.999962e-001 -1.999992e+000 4.030879e-004 7.633415e+003
3.200000e-001 1.000000e+000 1.000000e+000 1.000000e+000 1.000000e+000 -2.000000e+000 0.000000e+000 4.382421e+016
3.250000e-001 9.999992e-001 9.999984e-001 9.999992e-001 9.999992e-001 -1.999998e+000 8.415348e-005 1.619294e+004
3.300000e-001 9.999984e-001 9.999968e-001 9.999983e-001 9.999983e-001 -1.999997e+000 1.632421e-004 1.145013e+004
3.350000e-001 9.999992e-001 9.999984e-001 9.999992e-001 9.999992e-001 -1.999998e+000 7.920438e-005 1.619294e+004
3.400000e-001 9.999992e-001 9.999984e-001 9.999992e-001 9.999992e-001 -1.999998e+000 7.689197e-005 1.619294e+004
3.450000e-001 9.999992e-001 9.999984e-001 9.999992e-001 9.999992e-001 -1.999998e+000 7.467936e-005 1.619294e+004
3.500000e-001 9.999979e-001 9.999960e-001 9.999979e-001 9.999979e-001 -1.999996e+000 1.813968e-004 1.024131e+004
3.550000e-001 1.000000e+000 1.000000e+000 1.000000e+000 1.000000e+000 -2.000000e+000 0.000000e+000 4.382421e+016
3.600000e-001 9.999988e-001 9.999976e-001 9.999988e-001 9.999988e-001 -1.999998e+000 1.028776e-004 1.322148e+004
3.650000e-001 1.000000e+000 1.000000e+000 1.000000e+000 1.000000e+000 -2.000000e+000 0.000000e+000 4.382421e+016
3.700000e-001 9.999955e-001 9.999912e-001 9.999954e-001 9.999954e-001 -1.999991e+000 3.570746e-004 6.904681e+003
3.750000e-001 9.999840e-001 9.999687e-001 9.999837e-001 9.999837e-001 -1.999967e+000 1.232112e-003 3.666951e+003
3.800000e-001 9.999877e-001 9.999759e-001 9.999875e-001 9.999875e-001 -1.999975e+000 9.230840e-004 4.180976e+003
3.850000e-001 9.999840e-001 9.999687e-001 9.999837e-001 9.999837e-001 -1.999967e+000 1.168937e-003 3.666951e+003
3.900000e-001 9.999865e-001 9.999735e-001 9.999862e-001 9.999862e-001 -1.999972e+000 9.639597e-004 3.986401e+003
3.950000e-001 9.999815e-001 9.999638e-001 9.999813e-001 9.999813e-001 -1.999963e+000 1.281269e-003 3.413742e+003
4.000000e-001 1.000000e+000 1.000000e+000 1.000000e+000 1.000000e+000 -2.000000e+000 0.000000e+000 4.382421e+016
4.050000e-001 9.999807e-001 9.999622e-001 9.999804e-001 9.999804e-001 -1.999961e+000 1.272920e-003 3.340318e+003
4.100000e-001 9.999856e-001 9.999719e-001 9.999854e-001 9.999854e-001 -1.999971e+000 9.250512e-004 3.870827e+003
4.150000e-001 9.999902e-001 9.999807e-001 9.999900e-001 9.999900e-001 -1.999980e+000 6.191962e-004 4.674479e+003
4.200000e-001 9.999791e-001 9.999590e-001 9.999788e-001 9.999788e-001 -1.999958e+000 1.284303e-003 3.206648e+003
4.250000e-001 9.999513e-001 9.999048e-001 9.999504e-001 9.999504e-001 -1.999904e+000 2.967882e-003 2.001142e+003
4.300000e-001 9.999639e-001 9.999293e-001 9.999633e-001 9.999633e-001 -1.999927e+000 2.113396e-003 2.441135e+003
4.350000e-001 9.999578e-001 9.999172e-001 9.999571e-001 9.999571e-001 -1.999914e+000 2.416733e-003 2.256384e+003
4.400000e-001 9.999795e-001 9.999598e-001 9.999792e-001 9.999792e-001 -1.999958e+000 1.147268e-003 3.238556e+003
4.450000e-001 9.999176e-001 9.998385e-001 9.999162e-001 9.999162e-001 -1.999832e+000 4.502147e-003 1.615195e+003
4.500000e-001 9.999485e-001 9.998993e-001 9.999475e-001 9.999475e-001 -1.999899e+000 2.817088e-003 1.914493e+003
4.550000e-001 9.999496e-001 9.999012e-001 9.999487e-001 9.999487e-001 -1.999897e+000 2.637335e-003 2.064797e+003
4.600000e-001 9.999233e-001 9.998497e-001 9.999221e-001 9.999221e-001 -1.999844e+000 3.920401e-003 1.674570e+003
4.650000e-001 9.999147e-001 9.998329e-001 9.999133e-001 9.999133e-001 -1.999827e+000 4.266489e-003 1.587781e+003
4.700000e-001 9.999081e-001 9.998200e-001 9.999067e-001 9.999067e-001 -1.999813e+000 4.496720e-003 1.530019e+003
4.750000e-001 9.998685e-001 9.997430e-001 9.998662e-001 9.998662e-001 -1.999739e+000 6.382672e-003 1.226950e+003
4.800000e-001 9.998676e-001 9.997409e-001 9.998654e-001 9.998654e-001 -1.999734e+000 6.249660e-003 1.248010e+003
4.850000e-001 9.998925e-001 9.997895e-001 9.998908e-001 9.998908e-001 -1.999782e+000 4.937373e-003 1.414708e+003
4.900000e-001 9.998921e-001 9.997887e-001 9.998904e-001 9.998904e-001 -1.999781e+000 4.855538e-003 1.412016e+003
4.950000e-001 9.998390e-001 9.996850e-001 9.998362e-001 9.998362e-001 -1.999677e+000 7.192052e-003 1.126097e+003
5.000000e-001 9.998354e-001 9.996783e-001 9.998325e-001 9.998325e-001 -1.999675e+000 7.221780e-003 1.090074e+003
5.050000e-001 9.998306e-001 9.996682e-001 9.998279e-001 9.998279e-001 -1.999656e+000 7.167826e-003 1.126753e+003
5.100000e-001 9.997535e-001 9.995171e-001 9.997496e-001 9.997496e-001 -1.999499e+000 1.020783e-002 9.340062e+002
5.150000e-001 9.997511e-001 9.995127e-001 9.997471e-001 9.997471e-001 -1.999497e+000 1.013995e-002 9.203622e+002
5.200000e-001 9.997049e-001 9.994227e-001 9.997000e-001 9.997000e-001 -1.999405e+000 1.218610e-002 8.446628e+002
5.250000e-001 9.996660e-001 9.993464e-001 9.996604e-001 9.996604e-001 -1.999330e+000 1.312630e-002 7.841628e+002
5.300000e-001 9.996498e-001 9.993151e-001 9.996437e-001 9.996437e-001 -1.999302e+000 1.360196e-002 7.566775e+002
5.350000e-001 9.996397e-001 9.992949e-001 9.996337e-001 9.996337e-001 -1.999272e+000 1.396718e-002 7.629472e+002
5.400000e-001 9.996435e-001 9.993025e-001 9.996375e-001 9.996375e-001 -1.999280e+000 1.367591e-002 7.791578e+002
5.450000e-001 9.995453e-001 9.991119e-001 9.995371e-001 9.995371e-001 -1.999102e+000 1.719192e-002 6.557783e+002
5.500000e-001 9.995839e-001 9.991854e-001 9.995771e-001 9.995771e-001 -1.999156e+000 1.511561e-002 7.132376e+002
5.550000e-001 9.993486e-001 9.987251e-001 9.993379e-001 9.993379e-001 -1.998685e+000 2.301104e-002 5.676173e+002
5.600000e-001 9.995084e-001 9.990375e-001 9.995004e-001 9.995004e-001 -1.999007e+000 1.684458e-002 6.542369e+002
5.650000e-001 9.994005e-001 9.988270e-001 9.993904e-001 9.993904e-001 -1.998793e+000 2.064574e-002 5.893209e+002
5.700000e-001 9.992984e-001 9.986270e-001 9.992867e-001 9.992867e-001 -1.998591e+000 2.323001e-002 5.418822e+002
5.750000e-001 9.991661e-001 9.983695e-001 9.991517e-001 9.991517e-001 -1.998319e+000 2.850584e-002 5.041340e+002
5.800000e-001 9.992573e-001 9.985464e-001 9.992450e-001 9.992450e-001 -1.998501e+000 2.407391e-002 5.317143e+002
5.850000e-001 9.992055e-001 9.984469e-001 9.991917e-001 9.991935e-001 -1.998417e+000 2.534846e-002 5.010204e+002
5.900000e-001 9.991261e-001 9.982909e-001 9.991112e-001 9.991116e-001 -1.998252e+000 2.725436e-002 4.823353e+002
5.950000e-001 9.989480e-001 9.979403e-001 9.989308e-001 9.989308e-001 -1.997867e+000 3.203497e-002 4.490688e+002
6.000000e-001 9.989360e-001 9.979198e-001 9.989175e-001 9.989175e-001 -1.997879e+000 3.215993e-002 4.334932e+002
