# Temperature Magnetization2 Magnetization4 Correlation2 Correlation4 Energy Energy2 HeatCapacity CorrelationLength
3.000000e-001 1.000000e+000 1.000000e+000 1.000000e+000 1.000000e+000 -2.000000e+000 0.000000e+000 4.382421e+016
3.050000e-001 1.000000e+000 1.000000e+000 1.000000e+000 1.000000e+000 -2.000000e+000 0.000000e+000 4.382421e+016
3.100000e-001 1.000000e+000 1.000000e+000 1.000000e+000 1.000000e+000 -2.000000e+000 0.000000e+000 4.382421e+016
3.150000e-001 1.000000e+000 1.000000e+000 1.000000e+000 1.000000e+000 -2.000000e+000 0.000000e+000 4.382421e+016
3.200000e-001 1.000000e+000 1.000000e+000 1.000000e+000 1.000000e+000 -2.000000e+000 0.000000e+000 4.382421e+016
3.250000e-001 9.999971e-001 9.999944e-001 9.999971e-001 9.999971e-001 -1.999994e+000 2.945224e-004 8.655483e+003
3.300000e-001 1.000000e+000 1.000000e+000 1.000000e+000 1.000000e+000 -2.000000e+000 0.000000e+000 4.382421e+016
3.350000e-001 1.000000e+000 1.000000e+000 1.000000e+000 1.000000e+000 -2.000000e+000 0.000000e+000 4.382421e+016
3.400000e-001 9.999938e-001 9.999879e-001 9.999937e-001 9.999937e-001 -1.999987e+000 5.766148e-004 5.912811e+003
3.450000e-001 9.999984e-001 9.999968e-001 9.999983e-001 9.999983e-001 -1.999997e+000 1.493557e-004 1.145013e+004
3.500000e-001 9.999963e-001 9.999928e-001 9.999962e-001 9.999962e-001 -1.999992e+000 3.265012e-004 7.633415e+003
3.550000e-001 9.999996e-001 9.999992e-001 9.999996e-001 9.999996e-001 -1.999999e+000 3.526602e-005 2.290028e+004
3.600000e-001 9.999938e-001 9.999879e-001 9.999938e-001 9.999938e-001 -1.999988e+000 5.143261e-004 5.912811e+003
3.650000e-001 9.999996e-001 9.999992e-001 9.999996e-001 9.999996e-001 -1.999999e+000 3.336010e-005 2.290028e+004
3.700000e-001 9.999975e-001 9.999952e-001 9.999975e-001 9.999975e-001 -1.999995e+000 1.947777e-004 9.348992e+003
3.750000e-001 9.999914e-001 9.999831e-001 9.999913e-001 9.999913e-001 -1.999983e+000 6.635643e-004 4.997231e+003
3.800000e-001 9.999967e-001 9.999936e-001 9.999967e-001 9.999967e-001 -1.999993e+000 2.462099e-004 8.096461e+003
3.850000e-001 9.999811e-001 9.999630e-001 9.999808e-001 9.999808e-001 -1.999962e+000 1.378650e-003 3.376431e+003
3.900000e-001 9.999955e-001 9.999912e-001 9.999954e-001 9.999954e-001 -1.999991e+000 3.213906e-004 6.904681e+003
3.950000e-001 9.999680e-001 9.999373e-001 9.999675e-001 9.999675e-001 -1.999935e+000 2.220133e-003 2.592905e+003
4.000000e-001 9.999717e-001 9.999446e-001 9.999713e-001 9.999713e-001 -1.999943e+000 1.915344e-003 2.756831e+003
4.050000e-001 9.999975e-001 9.999952e-001 9.999975e-001 9.999975e-001 -1.999995e+000 1.625671e-004 9.348992e+003
4.100000e-001 9.999729e-001 9.999470e-001 9.999725e-001 9.999725e-001 -1.999945e+000 1.743841e-003 2.818792e+003
4.150000e-001 9.999709e-001 9.999430e-001 9.999704e-001 9.999704e-001 -1.999941e+000 1.830928e-003 2.717724e+003
4.200000e-001 9.999746e-001 9.999502e-001 9.999742e-001 9.999742e-001 -1.999948e+000 1.561138e-003 2.908302e+003
4.250000e-001 9.999635e-001 9.999285e-001 9.999629e-001 9.999629e-001 -1.999926e+000 2.187978e-003 2.427381e+003
4.300000e-001 9.999877e-001 9.999759e-001 9.999875e-001 9.999875e-001 -1.999975e+000 7.208942e-004 4.180976e+003
4.350000e-001 9.999377e-001 9.998779e-001 9.999367e-001 9.999367e-001 -1.999873e+000 3.564691e-003 1.857400e+003
4.400000e-001 9.999594e-001 9.999205e-001 9.999588e-001 9.999588e-001 -1.999918e+000 2.270477e-003 2.301518e+003
4.450000e-001 9.999606e-001 9.999229e-001 9.999600e-001 9.999600e-001 -1.999920e+000 2.152542e-003 2.337205e+003
4.500000e-001 9.999287e-001 9.998604e-001 9.999275e-001 9.999275e-001 -1.999856e+000 3.828860e-003 1.711007e+003
4.550000e-001 9.999409e-001 9.998843e-001 9.999400e-001 9.999400e-001 -1.999880e+000 3.086962e-003 1.908301e+003
4.600000e-001 9.999397e-001 9.998819e-001 9.999387e-001 9.999387e-001 -1.999877e+000 3.083048e-003 1.888727e+003
4.650000e-001 9.998959e-001 9.997964e-001 9.998942e-001 9.998942e-001 -1.999788e+000 5.536513e-003 1.477074e+003
4.700000e-001 9.999163e-001 9.998361e-001 9.999150e-001 9.999150e-001 -1.999830e+000 4.096048e-003 1.603273e+003
4.750000e-001 9.998720e-001 9.997494e-001 9.998700e-001 9.998700e-001 -1.999740e+000 6.168636e-003 1.292858e+003
4.800000e-001 9.998644e-001 9.997349e-001 9.998621e-001 9.998621e-001 -1.999730e+000 6.432296e-003 1.215510e+003
4.850000e-001 9.999171e-001 9.998377e-001 9.999158e-001 9.999158e-001 -1.999832e+000 3.808967e-003 1.611191e+003
4.900000e-001 9.998836e-001 9.997720e-001 9.998817e-001 9.998817e-001 -1.999765e+000 5.256179e-003 1.346714e+003
4.950000e-001 9.998716e-001 9.997485e-001 9.998696e-001 9.998696e-001 -1.999739e+000 5.659655e-003 1.294317e+003
5.000000e-001 9.997972e-001 9.996033e-001 9.997937e-001 9.997937e-001 -1.999595e+000 8.838010e-003 9.986562e+002
5.050000e-001 9.997568e-001 9.995235e-001 9.997529e-001 9.997529e-001 -1.999506e+000 1.027322e-002 9.402868e+002
5.100000e-001 9.996983e-001 9.994094e-001 9.996933e-001 9.996933e-001 -1.999392e+000 1.254096e-002 8.315439e+002
5.150000e-001 9.997672e-001 9.995443e-001 9.997633e-001 9.997633e-001 -1.999530e+000 9.531849e-003 9.448327e+002
5.200000e-001 9.996872e-001 9.993884e-001 9.996817e-001 9.996817e-001 -1.999374e+000 1.257166e-002 7.964767e+002
5.250000e-001 9.996943e-001 9.994020e-001 9.996892e-001 9.996892e-001 -1.999389e+000 1.205629e-002 8.157543e+002
5.300000e-001 9.996483e-001 9.993116e-001 9.996425e-001 9.996425e-001 -1.999290e+000 1.378478e-002 7.735605e+002
5.350000e-001 9.996334e-001 9.992821e-001 9.996285e-001 9.996275e-001 -1.999256e+000 1.395018e-002 7.643006e+002
5.400000e-001 9.995182e-001 9.990568e-001 9.995104e-001 9.995104e-001 -1.999024e+000 1.806461e-002 6.643393e+002
5.450000e-001 9.995956e-001 9.992090e-001 9.995887e-001 9.995887e-001 -1.999189e+000 1.496728e-002 7.137579e+002
5.500000e-001 9.995951e-001 9.992078e-001 9.995883e-001 9.995883e-001 -1.999186e+000 1.460738e-002 7.168219e+002
5.550000e-001 9.995000e-001 9.990216e-001 9.994917e-001 9.994917e-001 -1.998996e+000 1.757142e-002 6.419135e+002
5.600000e-001 9.993854e-001 9.987979e-001 9.993750e-001 9.993756e-001 -1.998762e+000 2.194470e-002 5.848994e+002
5.650000e-001 9.992958e-001 9.986219e-001 9.992842e-001 9.992842e-001 -1.998570e+000 2.463308e-002 5.463463e+002
5.700000e-001 9.991254e-001 9.982894e-001 9.991104e-001 9.991152e-001 -1.998243e+000 2.924789e-002 4.834248e+002
5.750000e-001 9.992296e-001 9.984937e-001 9.992162e-001 9.992169e-001 -1.998455e+000 2.598759e-002 5.192701e+002
5.800000e-001 9.991298e-001 9.982981e-001 9.991150e-001 9.991150e-001 -1.998256e+000 2.822389e-002 4.837806e+002
5.850000e-001 9.991258e-001 9.982900e-001 9.991108e-001 9.991112e-001 -1.998245e+000 2.787574e-002 4.848765e+002
5.900000e-001 9.989246e-001 9.978961e-001 9.989067e-001 9.989082e-001 -1.997830e+000 3.393141e-002 4.407311e+002
5.950000e-001 9.989511e-001 9.979504e-001 9.989325e-001 9.989329e-001 -1.997923e+000 3.235176e-002 4.326367e+002
6.000000e-001 9.987848e-001 9.976231e-001 9.987642e-001 9.987642e-001 -1.997546e+000 3.743212e-002 4.139039e+002
