# Temperature Magnetization2 Magnetization4 Correlation2 Correlation4 Energy Energy2 HeatCapacity CorrelationLength
3.000000e-001 1.000000e+000 1.000000e+000 1.000000e+000 1.000000e+000 -2.000000e+000 0.000000e+000 4.382421e+016
3.050000e-001 1.000000e+000 1.000000e+000 1.000000e+000 1.000000e+000 -2.000000e+000 0.000000e+000 4.382421e+016
3.100000e-001 1.000000e+000 1.000000e+000 1.000000e+000 1.000000e+000 -2.000000e+000 0.000000e+000 4.382421e+016
3.150000e-001 1.000000e+000 1.000000e+000 1.000000e+000 1.000000e+000 -2.000000e+000 0.000000e+000 4.382421e+016
3.200000e-001 1.000000e+000 1.000000e+000 1.000000e+000 1.000000e+000 -2.000000e+000 0.000000e+000 4.382421e+016
3.250000e-001 1.000000e+000 1.000000e+000 1.000000e+000 1.000000e+000 -2.000000e+000 0.000000e+000 4.382421e+016
3.300000e-001 1.000000e+000 1.000000e+000 1.000000e+000 1.000000e+000 -2.000000e+000 0.000000e+000 4.382421e+016
3.350000e-001 9.999938e-001 9.999879e-001 9.999938e-001 9.999938e-001 -1.999988e+000 5.939556e-004 5.912811e+003
3.400000e-001 1.000000e+000 1.000000e+000 1.000000e+000 1.000000e+000 -2.000000e+000 0.000000e+000 4.382421e+016
3.450000e-001 9.999967e-001 9.999936e-001 9.999967e-001 9.999967e-001 -1.999993e+000 2.986995e-004 8.096461e+003
3.500000e-001 1.000000e+000 1.000000e+000 1.000000e+000 1.000000e+000 -2.000000e+000 0.000000e+000 4.382421e+016
3.550000e-001 1.000000e+000 1.000000e+000 1.000000e+000 1.000000e+000 -2.000000e+000 0.000000e+000 4.382421e+016
3.600000e-001 9.999984e-001 9.999968e-001 9.999983e-001 9.999983e-001 -1.999997e+000 1.371687e-004 1.145013e+004
3.650000e-001 1.000000e+000 1.000000e+000 1.000000e+000 1.000000e+000 -2.000000e+000 0.000000e+000 4.382421e+016
3.700000e-001 9.999984e-001 9.999968e-001 9.999983e-001 9.999983e-001 -1.999997e+000 1.298544e-004 1.145013e+004
3.750000e-001 9.999877e-001 9.999759e-001 9.999875e-001 9.999875e-001 -1.999975e+000 9.478637e-004 4.180976e+003
3.800000e-001 9.999906e-001 9.999815e-001 9.999904e-001 9.999904e-001 -1.999981e+000 7.077473e-004 4.775017e+003
3.850000e-001 9.999996e-001 9.999992e-001 9.999996e-001 9.999996e-001 -1.999999e+000 2.998415e-005 2.290028e+004
3.900000e-001 9.999959e-001 9.999920e-001 9.999958e-001 9.999958e-001 -1.999992e+000 2.921762e-004 7.241692e+003
3.950000e-001 9.999959e-001 9.999920e-001 9.999958e-001 9.999958e-001 -1.999992e+000 2.848262e-004 7.241692e+003
4.000000e-001 9.999902e-001 9.999807e-001 9.999900e-001 9.999900e-001 -1.999980e+000 6.665067e-004 4.674479e+003
4.050000e-001 9.999795e-001 9.999598e-001 9.999792e-001 9.999792e-001 -1.999958e+000 1.354130e-003 3.238556e+003
4.100000e-001 9.999696e-001 9.999405e-001 9.999692e-001 9.999692e-001 -1.999938e+000 1.955060e-003 2.662064e+003
4.150000e-001 9.999742e-001 9.999494e-001 9.999737e-001 9.999737e-001 -1.999947e+000 1.624756e-003 2.885128e+003
4.200000e-001 9.999820e-001 9.999646e-001 9.999817e-001 9.999817e-001 -1.999963e+000 1.108104e-003 3.452317e+003
4.250000e-001 9.999750e-001 9.999510e-001 9.999746e-001 9.999746e-001 -1.999949e+000 1.500046e-003 2.932044e+003
4.300000e-001 9.999590e-001 9.999197e-001 9.999583e-001 9.999583e-001 -1.999917e+000 2.401298e-003 2.289981e+003
4.350000e-001 9.999828e-001 9.999663e-001 9.999825e-001 9.999825e-001 -1.999965e+000 9.860656e-004 3.533561e+003
4.400000e-001 9.999639e-001 9.999293e-001 9.999633e-001 9.999633e-001 -1.999927e+000 2.018424e-003 2.441135e+003
4.450000e-001 9.999685e-001 9.999384e-001 9.999679e-001 9.999679e-001 -1.999938e+000 1.754986e-003 2.476058e+003
4.500000e-001 9.999508e-001 9.999036e-001 9.999500e-001 9.999500e-001 -1.999900e+000 2.630584e-003 2.090449e+003
4.550000e-001 9.999159e-001 9.998353e-001 9.999146e-001 9.999146e-001 -1.999829e+000 4.391949e-003 1.599358e+003
4.600000e-001 9.999296e-001 9.998623e-001 9.999283e-001 9.999283e-001 -1.999860e+000 3.654052e-003 1.672948e+003
4.650000e-001 9.999569e-001 9.999156e-001 9.999562e-001 9.999562e-001 -1.999912e+000 2.155980e-003 2.234791e+003
4.700000e-001 9.998742e-001 9.997538e-001 9.998721e-001 9.998721e-001 -1.999746e+000 6.393276e-003 1.287368e+003
4.750000e-001 9.998807e-001 9.997662e-001 9.998787e-001 9.998787e-001 -1.999758e+000 5.736503e-003 1.340394e+003
4.800000e-001 9.998901e-001 9.997848e-001 9.998883e-001 9.998883e-001 -1.999777e+000 5.196941e-003 1.394346e+003
4.850000e-001 9.998790e-001 9.997630e-001 9.998771e-001 9.998771e-001 -1.999754e+000 5.557417e-003 1.333225e+003
4.900000e-001 9.998631e-001 9.997319e-001 9.998608e-001 9.998608e-001 -1.999722e+000 6.310046e-003 1.258301e+003
4.950000e-001 9.998401e-001 9.996867e-001 9.998375e-001 9.998375e-001 -1.999675e+000 7.119074e-003 1.160997e+003
5.000000e-001 9.998130e-001 9.996338e-001 9.998100e-001 9.998100e-001 -1.999622e+000 8.087802e-003 1.064364e+003
5.050000e-001 9.997113e-001 9.994344e-001 9.997067e-001 9.997067e-001 -1.999413e+000 1.221743e-002 8.631783e+002
5.100000e-001 9.997252e-001 9.994617e-001 9.997208e-001 9.997208e-001 -1.999442e+000 1.139010e-002 8.840299e+002
5.150000e-001 9.997655e-001 9.995408e-001 9.997617e-001 9.997617e-001 -1.999523e+000 9.764928e-003 9.612658e+002
5.200000e-001 9.996782e-001 9.993711e-001 9.996725e-001 9.996725e-001 -1.999362e+000 1.319373e-002 7.822027e+002
5.250000e-001 9.996884e-001 9.993898e-001 9.996833e-001 9.996833e-001 -1.999369e+000 1.232074e-002 8.254670e+002
5.300000e-001 9.996447e-001 9.993059e-001 9.996383e-001 9.996385e-001 -1.999297e+000 1.417668e-002 7.451628e+002
5.350000e-001 9.996542e-001 9.993227e-001 9.996487e-001 9.996487e-001 -1.999297e+000 1.301064e-002 7.888243e+002
5.400000e-001 9.996001e-001 9.992178e-001 9.995933e-001 9.995933e-001 -1.999198e+000 1.509379e-002 7.180099e+002
5.450000e-001 9.996847e-001 9.993825e-001 9.996796e-001 9.996796e-001 -1.999362e+000 1.144135e-002 8.202298e+002
5.500000e-001 9.994699e-001 9.989620e-001 9.994612e-001 9.994612e-001 -1.998929e+000 1.883710e-002 6.304741e+002
5.550000e-001 9.993961e-001 9.988188e-001 9.993858e-001 9.993858e-001 -1.998791e+000 2.138998e-002 5.818129e+002
5.600000e-001 9.994456e-001 9.989156e-001 9.994362e-001 9.994362e-001 -1.998890e+000 1.929043e-002 6.062372e+002
5.650000e-001 9.993742e-001 9.987756e-001 9.993637e-001 9.993637e-001 -1.998734e+000 2.188761e-002 5.808912e+002
5.700000e-001 9.993013e-001 9.986323e-001 9.992900e-001 9.992900e-001 -1.998586e+000 2.335280e-002 5.505813e+002
5.750000e-001 9.992338e-001 9.985010e-001 9.992246e-001 9.992208e-001 -1.998462e+000 2.524408e-002 5.182640e+002
5.800000e-001 9.991631e-001 9.983648e-001 9.991485e-001 9.991525e-001 -1.998320e+000 2.869715e-002 4.939885e+002
5.850000e-001 9.991597e-001 9.983561e-001 9.991458e-001 9.991467e-001 -1.998302e+000 2.720550e-002 5.011420e+002
5.900000e-001 9.990514e-001 9.981446e-001 9.990354e-001 9.990356e-001 -1.998093e+000 2.990269e-002 4.674021e+002
5.950000e-001 9.988512e-001 9.977550e-001 9.988312e-001 9.988312e-001 -1.997697e+000 3.653451e-002 4.229805e+002
6.000000e-001 9.988329e-001 9.977157e-001 9.988137e-001 9.988139e-001 -1.997640e+000 3.496973e-002 4.258917e+002
