# Temperature Magnetization2 Magnetization4 Correlation2 Correlation4 Energy Energy2 HeatCapacity CorrelationLength
3.000000e-001 1.000000e+000 1.000000e+000 1.000000e+000 1.000000e+000 -2.000000e+000 0.000000e+000 4.382421e+016
3.050000e-001 1.000000e+000 1.000000e+000 1.000000e+000 1.000000e+000 -2.000000e+000 0.000000e+000 4.382421e+016
3.100000e-001 1.000000e+000 1.000000e+000 1.000000e+000 1.000000e+000 -2.000000e+000 0.000000e+000 4.382421e+016
3.150000e-001 1.000000e+000 1.000000e+000 1.000000e+000 1.000000e+000 -2.000000e+000 0.000000e+000 4.382421e+016
3.200000e-001 1.000000e+000 1.000000e+000 1.000000e+000 1.000000e+000 -2.000000e+000 0.000000e+000 4.382421e+016
3.250000e-001 1.000000e+000 1.000000e+000 1.000000e+000 1.000000e+000 -2.000000e+000 0.000000e+000 4.382421e+016
3.300000e-001 9.999906e-001 9.999815e-001 9.999904e-001 9.999904e-001 -1.999981e+000 9.384638e-004 4.775017e+003
3.350000e-001 1.000000e+000 1.000000e+000 1.000000e+000 1.000000e+000 -2.000000e+000 0.000000e+000 4.382421e+016
3.400000e-001 1.000000e+000 1.000000e+000 1.000000e+000 1.000000e+000 -2.000000e+000 0.000000e+000 4.382421e+016
3.450000e-001 1.000000e+000 1.000000e+000 1.000000e+000 1.000000e+000 -2.000000e+000 0.000000e+000 4.382421e+016
3.500000e-001 9.999979e-001 9.999960e-001 9.999979e-001 9.999979e-001 -1.999996e+000 1.813968e-004 1.024131e+004
3.550000e-001 1.000000e+000 1.000000e+000 1.000000e+000 1.000000e+000 -2.000000e+000 0.000000e+000 4.382421e+016
3.600000e-001 9.999992e-001 9.999984e-001 9.999992e-001 9.999992e-001 -1.999998e+000 6.858573e-005 1.619294e+004
3.650000e-001 9.999947e-001 9.999896e-001 9.999946e-001 9.999946e-001 -1.999989e+000 4.336293e-004 6.351380e+003
3.700000e-001 9.999922e-001 9.999847e-001 9.999921e-001 9.999921e-001 -1.999984e+000 6.167159e-004 5.253666e+003
3.750000e-001 9.999848e-001 9.999703e-001 9.999846e-001 9.999846e-001 -1.999969e+000 1.168950e-003 3.764755e+003
3.800000e-001 9.999934e-001 9.999871e-001 9.999933e-001 9.999933e-001 -1.999987e+000 4.923804e-004 5.725053e+003
3.850000e-001 9.999902e-001 9.999807e-001 9.999900e-001 9.999900e-001 -1.999980e+000 7.194540e-004 4.674479e+003
3.900000e-001 9.999914e-001 9.999831e-001 9.999912e-001 9.999912e-001 -1.999982e+000 6.135025e-004 4.997231e+003
3.950000e-001 9.999947e-001 9.999896e-001 9.999946e-001 9.999946e-001 -1.999989e+000 3.702629e-004 6.351380e+003
4.000000e-001 9.999832e-001 9.999671e-001 9.999829e-001 9.999829e-001 -1.999966e+000 1.138422e-003 3.576394e+003
4.050000e-001 9.999746e-001 9.999502e-001 9.999742e-001 9.999742e-001 -1.999948e+000 1.678919e-003 2.908302e+003
4.100000e-001 9.999869e-001 9.999743e-001 9.999867e-001 9.999867e-001 -1.999973e+000 8.457865e-004 4.048211e+003
4.150000e-001 9.999926e-001 9.999855e-001 9.999925e-001 9.999925e-001 -1.999985e+000 4.644250e-004 5.397630e+003
4.200000e-001 9.999561e-001 9.999140e-001 9.999554e-001 9.999554e-001 -1.999911e+000 2.693009e-003 2.213805e+003
4.250000e-001 9.999684e-001 9.999381e-001 9.999679e-001 9.999679e-001 -1.999936e+000 1.893197e-003 2.609689e+003
4.300000e-001 9.999623e-001 9.999261e-001 9.999617e-001 9.999617e-001 -1.999923e+000 2.209371e-003 2.387475e+003
4.350000e-001 9.999729e-001 9.999470e-001 9.999725e-001 9.999725e-001 -1.999945e+000 1.574123e-003 2.800740e+003
4.400000e-001 9.999684e-001 9.999381e-001 9.999679e-001 9.999679e-001 -1.999936e+000 1.766316e-003 2.609689e+003
4.450000e-001 9.999582e-001 9.999180e-001 9.999575e-001 9.999575e-001 -1.999915e+000 2.286938e-003 2.267419e+003
4.500000e-001 9.999331e-001 9.998690e-001 9.999321e-001 9.999321e-001 -1.999864e+000 3.571672e-003 1.793629e+003
4.550000e-001 9.999537e-001 9.999092e-001 9.999529e-001 9.999529e-001 -1.999906e+000 2.423160e-003 2.154228e+003
4.600000e-001 9.999225e-001 9.998481e-001 9.999212e-001 9.999212e-001 -1.999842e+000 3.962251e-003 1.665686e+003
4.650000e-001 9.998683e-001 9.997421e-001 9.998662e-001 9.998662e-001 -1.999732e+000 6.576886e-003 1.278085e+003
4.700000e-001 9.998782e-001 9.997614e-001 9.998762e-001 9.998762e-001 -1.999752e+000 5.957807e-003 1.328728e+003
4.750000e-001 9.999122e-001 9.998281e-001 9.999108e-001 9.999108e-001 -1.999822e+000 4.211397e-003 1.559156e+003
4.800000e-001 9.998938e-001 9.997919e-001 9.998921e-001 9.998921e-001 -1.999784e+000 4.983202e-003 1.422878e+003
4.850000e-001 9.999024e-001 9.998089e-001 9.999008e-001 9.999008e-001 -1.999803e+000 4.500479e-003 1.468615e+003
4.900000e-001 9.998197e-001 9.996472e-001 9.998167e-001 9.998167e-001 -1.999638e+000 8.239464e-003 1.068232e+003
4.950000e-001 9.998426e-001 9.996919e-001 9.998400e-001 9.998400e-001 -1.999683e+000 6.975361e-003 1.148292e+003
5.000000e-001 9.998027e-001 9.996135e-001 9.997996e-001 9.997996e-001 -1.999599e+000 8.509980e-003 1.044059e+003
5.050000e-001 9.997917e-001 9.995930e-001 9.997879e-001 9.997879e-001 -1.999590e+000 8.980981e-003 9.601412e+002
5.100000e-001 9.998094e-001 9.996269e-001 9.998062e-001 9.998062e-001 -1.999616e+000 7.947873e-003 1.044754e+003
5.150000e-001 9.996461e-001 9.993071e-001 9.996404e-001 9.996404e-001 -1.999281e+000 1.466055e-002 7.796766e+002
5.200000e-001 9.996735e-001 9.993607e-001 9.996683e-001 9.996683e-001 -1.999338e+000 1.306700e-002 8.093788e+002
5.250000e-001 9.997097e-001 9.994314e-001 9.997050e-001 9.997050e-001 -1.999412e+000 1.141270e-002 8.563996e+002
5.300000e-001 9.996575e-001 9.993292e-001 9.996521e-001 9.996521e-001 -1.999304e+000 1.319612e-002 7.913558e+002
5.350000e-001 9.995426e-001 9.991050e-001 9.995350e-001 9.995350e-001 -1.999082e+000 1.725320e-002 6.706308e+002
5.400000e-001 9.995669e-001 9.991518e-001 9.995600e-001 9.995600e-001 -1.999120e+000 1.605105e-002 7.036928e+002
5.450000e-001 9.993705e-001 9.987696e-001 9.993596e-001 9.993596e-001 -1.998730e+000 2.455954e-002 5.806364e+002
5.500000e-001 9.993995e-001 9.988254e-001 9.993892e-001 9.993904e-001 -1.998791e+000 2.133989e-002 5.809464e+002
5.550000e-001 9.993912e-001 9.988103e-001 9.993804e-001 9.993842e-001 -1.998785e+000 2.189927e-002 5.714784e+002
5.600000e-001 9.993779e-001 9.987816e-001 9.993679e-001 9.993679e-001 -1.998739e+000 2.120335e-002 5.851481e+002
5.650000e-001 9.992646e-001 9.985605e-001 9.992525e-001 9.992525e-001 -1.998516e+000 2.496615e-002 5.335556e+002
5.700000e-001 9.992911e-001 9.986122e-001 9.992796e-001 9.992796e-001 -1.998563e+000 2.374860e-002 5.494864e+002
5.750000e-001 9.992817e-001 9.985945e-001 9.992696e-001 9.992697e-001 -1.998559e+000 2.345268e-002 5.346136e+002
5.800000e-001 9.990929e-001 9.982259e-001 9.990833e-001 9.990775e-001 -1.998178e+000 2.964512e-002 4.761357e+002
5.850000e-001 9.990593e-001 9.981590e-001 9.990467e-001 9.990437e-001 -1.998105e+000 2.957494e-002 4.705890e+002
5.900000e-001 9.990712e-001 9.981836e-001 9.990554e-001 9.990555e-001 -1.998140e+000 2.923308e-002 4.691099e+002
5.950000e-001 9.989516e-001 9.979498e-001 9.989352e-001 9.989362e-001 -1.997885e+000 3.313087e-002 4.455952e+002
6.000000e-001 9.988458e-001 9.977424e-001 9.988262e-001 9.988262e-001 -1.997682e+000 3.483034e-002 4.219655e+002
