# Temperature Magnetization2 Magnetization4 Correlation2 Correlation4 Energy Energy2 HeatCapacity CorrelationLength
0.000000e+000 1.000000e+000 1.000000e+000 1.000000e+000 1.000000e+000 -2.000000e+000 -1.#IND00e+000 6.575305e+016
1.000000e-002 1.000000e+000 1.000000e+000 1.000000e+000 1.000000e+000 -2.000000e+000 0.000000e+000 6.575305e+016
2.000000e-002 1.000000e+000 1.000000e+000 1.000000e+000 1.000000e+000 -2.000000e+000 0.000000e+000 6.575305e+016
3.000000e-002 1.000000e+000 1.000000e+000 1.000000e+000 1.000000e+000 -2.000000e+000 0.000000e+000 6.575305e+016
4.000000e-002 1.000000e+000 1.000000e+000 1.000000e+000 1.000000e+000 -2.000000e+000 0.000000e+000 6.575305e+016
5.000000e-002 1.000000e+000 1.000000e+000 1.000000e+000 1.000000e+000 -2.000000e+000 0.000000e+000 6.575305e+016
6.000000e-002 1.000000e+000 1.000000e+000 1.000000e+000 1.000000e+000 -2.000000e+000 0.000000e+000 6.575305e+016
7.000000e-002 1.000000e+000 1.000000e+000 1.000000e+000 1.000000e+000 -2.000000e+000 0.000000e+000 6.575305e+016
8.000000e-002 1.000000e+000 1.000000e+000 1.000000e+000 1.000000e+000 -2.000000e+000 0.000000e+000 6.575305e+016
9.000000e-002 1.000000e+000 1.000000e+000 1.000000e+000 1.000000e+000 -2.000000e+000 0.000000e+000 6.575305e+016
1.000000e-001 1.000000e+000 1.000000e+000 1.000000e+000 1.000000e+000 -2.000000e+000 0.000000e+000 6.575305e+016
1.100000e-001 1.000000e+000 1.000000e+000 1.000000e+000 1.000000e+000 -2.000000e+000 0.000000e+000 6.575305e+016
1.200000e-001 1.000000e+000 1.000000e+000 1.000000e+000 1.000000e+000 -2.000000e+000 0.000000e+000 6.575305e+016
1.300000e-001 1.000000e+000 1.000000e+000 1.000000e+000 1.000000e+000 -2.000000e+000 0.000000e+000 6.575305e+016
1.400000e-001 1.000000e+000 1.000000e+000 1.000000e+000 1.000000e+000 -2.000000e+000 0.000000e+000 6.575305e+016
1.500000e-001 1.000000e+000 1.000000e+000 1.000000e+000 1.000000e+000 -2.000000e+000 0.000000e+000 6.575305e+016
1.600000e-001 1.000000e+000 1.000000e+000 1.000000e+000 1.000000e+000 -2.000000e+000 0.000000e+000 6.575305e+016
1.700000e-001 1.000000e+000 1.000000e+000 1.000000e+000 1.000000e+000 -2.000000e+000 0.000000e+000 6.575305e+016
1.800000e-001 1.000000e+000 1.000000e+000 1.000000e+000 1.000000e+000 -2.000000e+000 0.000000e+000 6.575305e+016
1.900000e-001 1.000000e+000 1.000000e+000 1.000000e+000 1.000000e+000 -2.000000e+000 0.000000e+000 6.575305e+016
2.000000e-001 1.000000e+000 1.000000e+000 1.000000e+000 1.000000e+000 -2.000000e+000 0.000000e+000 6.575305e+016
2.100000e-001 1.000000e+000 1.000000e+000 1.000000e+000 1.000000e+000 -2.000000e+000 0.000000e+000 6.575305e+016
2.200000e-001 1.000000e+000 1.000000e+000 1.000000e+000 1.000000e+000 -2.000000e+000 0.000000e+000 6.575305e+016
2.300000e-001 1.000000e+000 1.000000e+000 1.000000e+000 1.000000e+000 -2.000000e+000 0.000000e+000 6.575305e+016
2.400000e-001 1.000000e+000 1.000000e+000 1.000000e+000 1.000000e+000 -2.000000e+000 0.000000e+000 6.575305e+016
2.500000e-001 1.000000e+000 1.000000e+000 1.000000e+000 1.000000e+000 -2.000000e+000 0.000000e+000 6.575305e+016
2.600000e-001 1.000000e+000 1.000000e+000 1.000000e+000 1.000000e+000 -2.000000e+000 0.000000e+000 6.575305e+016
2.700000e-001 1.000000e+000 1.000000e+000 1.000000e+000 1.000000e+000 -2.000000e+000 0.000000e+000 6.575305e+016
2.800000e-001 1.000000e+000 1.000000e+000 1.000000e+000 1.000000e+000 -2.000000e+000 0.000000e+000 6.575305e+016
2.900000e-001 1.000000e+000 1.000000e+000 1.000000e+000 1.000000e+000 -2.000000e+000 0.000000e+000 6.575305e+016
3.000000e-001 1.000000e+000 1.000000e+000 1.000000e+000 1.000000e+000 -2.000000e+000 0.000000e+000 6.575305e+016
3.100000e-001 1.000000e+000 1.000000e+000 1.000000e+000 1.000000e+000 -2.000000e+000 0.000000e+000 6.575305e+016
3.200000e-001 1.000000e+000 1.000000e+000 1.000000e+000 1.000000e+000 -2.000000e+000 0.000000e+000 6.575305e+016
3.300000e-001 1.000000e+000 1.000000e+000 1.000000e+000 1.000000e+000 -2.000000e+000 0.000000e+000 6.575305e+016
3.400000e-001 1.000000e+000 1.000000e+000 1.000000e+000 1.000000e+000 -2.000000e+000 0.000000e+000 6.575305e+016
3.500000e-001 1.000000e+000 1.000000e+000 1.000000e+000 1.000000e+000 -2.000000e+000 0.000000e+000 6.575305e+016
3.600000e-001 9.999927e-001 9.999855e-001 9.999927e-001 9.999927e-001 -1.999985e+000 5.997171e-004 2.147604e+004
3.700000e-001 9.999948e-001 9.999897e-001 9.999948e-001 9.999948e-001 -1.999990e+000 4.056083e-004 2.541082e+004
3.800000e-001 9.999995e-001 9.999990e-001 9.999995e-001 9.999995e-001 -1.999999e+000 3.847145e-005 8.035627e+004
3.900000e-001 9.999860e-001 9.999721e-001 9.999859e-001 9.999859e-001 -1.999972e+000 9.848619e-004 1.546447e+004
4.000000e-001 9.999803e-001 9.999608e-001 9.999802e-001 9.999802e-001 -1.999960e+000 1.316938e-003 1.303538e+004
4.100000e-001 9.999938e-001 9.999876e-001 9.999938e-001 9.999938e-001 -1.999988e+000 3.963514e-004 2.319679e+004
4.200000e-001 9.999844e-001 9.999690e-001 9.999844e-001 9.999844e-001 -1.999969e+000 9.434051e-004 1.467087e+004
4.300000e-001 9.999419e-001 9.998844e-001 9.999417e-001 9.999417e-001 -1.999883e+000 3.346337e-003 7.592735e+003
4.400000e-001 9.999658e-001 9.999319e-001 9.999656e-001 9.999656e-001 -1.999931e+000 1.887689e-003 9.891006e+003
4.500000e-001 9.999481e-001 9.998968e-001 9.999479e-001 9.999479e-001 -1.999896e+000 2.729767e-003 8.035420e+003
4.600000e-001 9.999228e-001 9.998465e-001 9.999224e-001 9.999224e-001 -1.999853e+000 3.990914e-003 5.992801e+003
4.700000e-001 9.999118e-001 9.998245e-001 9.999115e-001 9.999115e-001 -1.999823e+000 4.239098e-003 6.162774e+003
4.800000e-001 9.999092e-001 9.998194e-001 9.999089e-001 9.999089e-001 -1.999818e+000 4.182792e-003 6.074088e+003
4.900000e-001 9.998169e-001 9.996356e-001 9.998161e-001 9.998161e-001 -1.999632e+000 8.023730e-003 4.276541e+003
5.000000e-001 9.997562e-001 9.995152e-001 9.997552e-001 9.997552e-001 -1.999511e+000 1.109397e-002 3.693627e+003
5.100000e-001 9.997609e-001 9.995243e-001 9.997599e-001 9.997599e-001 -1.999520e+000 1.000414e-002 3.758777e+003
5.200000e-001 9.996784e-001 9.993602e-001 9.996771e-001 9.996771e-001 -1.999357e+000 1.266925e-002 3.195350e+003
5.300000e-001 9.995566e-001 9.991182e-001 9.995547e-001 9.995547e-001 -1.999123e+000 1.712193e-002 2.669713e+003
5.400000e-001 9.996659e-001 9.993354e-001 9.996646e-001 9.996646e-001 -1.999332e+000 1.195455e-002 3.144231e+003
5.500000e-001 9.994373e-001 9.988808e-001 9.994349e-001 9.994349e-001 -1.998889e+000 1.925102e-002 2.361916e+003
5.600000e-001 9.994485e-001 9.989029e-001 9.994464e-001 9.994464e-001 -1.998893e+000 1.808398e-002 2.460389e+003
5.700000e-001 9.992677e-001 9.985439e-001 9.992646e-001 9.992646e-001 -1.998557e+000 2.354818e-002 2.064155e+003
5.800000e-001 9.992252e-001 9.984595e-001 9.992219e-001 9.992219e-001 -1.998454e+000 2.550804e-002 2.043042e+003
5.900000e-001 9.990667e-001 9.981449e-001 9.990625e-001 9.990625e-001 -1.998177e+000 2.882912e-002 1.796181e+003
6.000000e-001 9.987627e-001 9.975405e-001 9.987573e-001 9.987586e-001 -1.997523e+000 3.805950e-002 1.604926e+003
6.100000e-001 9.985642e-001 9.971479e-001 9.985573e-001 9.985576e-001 -1.997186e+000 4.470654e-002 1.458550e+003
6.200000e-001 9.983372e-001 9.966951e-001 9.983297e-001 9.983297e-001 -1.996698e+000 4.646751e-002 1.388342e+003
6.300000e-001 9.980801e-001 9.961859e-001 9.980708e-001 9.980715e-001 -1.996211e+000 5.409264e-002 1.276695e+003
6.400000e-001 9.979834e-001 9.959931e-001 9.979766e-001 9.979740e-001 -1.996036e+000 5.224574e-002 1.235233e+003
6.500000e-001 9.975411e-001 9.951159e-001 9.975305e-001 9.975297e-001 -1.995190e+000 6.145238e-002 1.108916e+003
6.600000e-001 9.972909e-001 9.946197e-001 9.972828e-001 9.972784e-001 -1.994629e+000 6.915631e-002 1.075153e+003
6.700000e-001 9.968899e-001 9.938244e-001 9.968771e-001 9.968844e-001 -1.993845e+000 7.636025e-002 1.010274e+003
6.800000e-001 9.964886e-001 9.930285e-001 9.964711e-001 9.964728e-001 -1.993099e+000 8.099612e-002 9.342201e+002
6.900000e-001 9.965209e-001 9.930938e-001 9.965029e-001 9.965044e-001 -1.993223e+000 7.916898e-002 9.297873e+002
7.000000e-001 9.955397e-001 9.911503e-001 9.955159e-001 9.955171e-001 -1.991263e+000 9.836609e-002 8.207657e+002
7.100000e-001 9.952547e-001 9.905874e-001 9.952326e-001 9.952331e-001 -1.990755e+000 1.016463e-001 7.977049e+002
7.200000e-001 9.946508e-001 9.893931e-001 9.946326e-001 9.946267e-001 -1.989573e+000 1.133977e-001 7.405564e+002
7.300000e-001 9.942191e-001 9.885381e-001 9.941945e-001 9.941952e-001 -1.988733e+000 1.139645e-001 7.060310e+002
7.400000e-001 9.932093e-001 9.865504e-001 9.931820e-001 9.931741e-001 -1.986948e+000 1.383254e-001 6.488706e+002
7.500000e-001 9.927278e-001 9.855918e-001 9.926872e-001 9.926909e-001 -1.985902e+000 1.349044e-001 6.338143e+002
7.600000e-001 9.916851e-001 9.835387e-001 9.916474e-001 9.916460e-001 -1.983886e+000 1.571034e-001 5.909167e+002
7.700000e-001 9.914714e-001 9.831191e-001 9.914201e-001 9.914331e-001 -1.983490e+000 1.592026e-001 5.857423e+002
7.800000e-001 9.898570e-001 9.799430e-001 9.898047e-001 9.898095e-001 -1.980462e+000 1.855744e-001 5.254534e+002
7.900000e-001 9.882203e-001 9.767350e-001 9.881542e-001 9.881556e-001 -1.977499e+000 2.141570e-001 4.841130e+002
8.000000e-001 9.878281e-001 9.759650e-001 9.877628e-001 9.877716e-001 -1.976714e+000 2.181538e-001 4.717248e+002
8.100000e-001 9.866400e-001 9.736338e-001 9.865896e-001 9.865661e-001 -1.974526e+000 2.285290e-001 4.480713e+002
8.200000e-001 9.850233e-001 9.704580e-001 9.849766e-001 9.849391e-001 -1.971441e+000 2.407165e-001 4.238673e+002
8.300000e-001 9.836894e-001 9.678622e-001 9.836060e-001 9.836118e-001 -1.969064e+000 2.645095e-001 3.957435e+002
8.400000e-001 9.819112e-001 9.643954e-001 9.818414e-001 9.818124e-001 -1.965559e+000 2.973031e-001 3.812670e+002
8.500000e-001 9.802761e-001 9.612170e-001 9.802174e-001 9.801444e-001 -1.962758e+000 3.165563e-001 3.607314e+002
8.600000e-001 9.783547e-001 9.574771e-001 9.782568e-001 9.782405e-001 -1.959143e+000 3.361911e-001 3.446760e+002
8.700000e-001 9.770253e-001 9.549106e-001 9.769109e-001 9.768945e-001 -1.957261e+000 3.411581e-001 3.174568e+002
8.800000e-001 9.743309e-001 9.497065e-001 9.741802e-001 9.741875e-001 -1.952064e+000 3.926741e-001 3.059549e+002
8.900000e-001 9.736436e-001 9.483926e-001 9.734464e-001 9.734652e-001 -1.950839e+000 4.060574e-001 3.021682e+002
9.000000e-001 9.703691e-001 9.420453e-001 9.702167e-001 9.702186e-001 -1.944965e+000 4.159375e-001 2.804580e+002
9.100000e-001 9.682069e-001 9.379429e-001 9.680685e-001 9.680410e-001 -1.941380e+000 4.569406e-001 2.604755e+002
9.200000e-001 9.649605e-001 9.317010e-001 9.648094e-001 9.647738e-001 -1.935718e+000 4.841631e-001 2.506367e+002
9.300000e-001 9.636142e-001 9.291509e-001 9.633919e-001 9.634039e-001 -1.933058e+000 5.149985e-001 2.467661e+002
9.400000e-001 9.598628e-001 9.219674e-001 9.596003e-001 9.596299e-001 -1.926594e+000 5.089252e-001 2.289028e+002
9.500000e-001 9.570238e-001 9.165965e-001 9.567234e-001 9.567167e-001 -1.921920e+000 5.434039e-001 2.201431e+002
9.600000e-001 9.530225e-001 9.090617e-001 9.526964e-001 9.527703e-001 -1.914764e+000 6.295636e-001 2.080419e+002
9.700000e-001 9.497448e-001 9.028498e-001 9.493940e-001 9.494934e-001 -1.909521e+000 6.156342e-001 1.973789e+002
9.800000e-001 9.452176e-001 8.943535e-001 9.447208e-001 9.448292e-001 -1.901093e+000 6.626937e-001 1.900977e+002
9.900000e-001 9.415277e-001 8.876463e-001 9.410951e-001 9.411543e-001 -1.896274e+000 7.452920e-001 1.734077e+002
1.000000e+000 9.369671e-001 8.790341e-001 9.364953e-001 9.365392e-001 -1.888040e+000 7.419825e-001 1.707050e+002
1.010000e+000 9.328085e-001 8.714915e-001 9.323542e-001 9.323332e-001 -1.881173e+000 8.617011e-001 1.630744e+002
1.020000e+000 9.264397e-001 8.598387e-001 9.259922e-001 9.258647e-001 -1.871440e+000 9.082139e-001 1.536950e+002
1.030000e+000 9.188166e-001 8.460980e-001 9.182234e-001 9.183733e-001 -1.860432e+000 9.854683e-001 1.344264e+002
1.040000e+000 9.140905e-001 8.374693e-001 9.134240e-001 9.134879e-001 -1.851937e+000 1.004784e+000 1.328916e+002
1.050000e+000 9.103783e-001 8.307551e-001 9.095786e-001 9.097882e-001 -1.845478e+000 1.031963e+000 1.309737e+002
1.060000e+000 8.977483e-001 8.086241e-001 8.966570e-001 8.970694e-001 -1.826988e+000 1.228823e+000 1.152580e+002
1.070000e+000 8.930095e-001 7.998746e-001 8.918461e-001 8.923193e-001 -1.818786e+000 1.124635e+000 1.117008e+002
1.080000e+000 8.839957e-001 7.842029e-001 8.828521e-001 8.831956e-001 -1.806118e+000 1.201300e+000 1.043027e+002
1.090000e+000 8.774249e-001 7.731839e-001 8.760456e-001 8.765169e-001 -1.795749e+000 1.375311e+000 1.005592e+002
1.100000e+000 8.675521e-001 7.565396e-001 8.658016e-001 8.666527e-001 -1.783851e+000 1.458666e+000 9.068041e+001
1.110000e+000 8.489188e-001 7.256382e-001 8.472909e-001 8.480659e-001 -1.756942e+000 1.726329e+000 8.049073e+001
1.120000e+000 8.393138e-001 7.095462e-001 8.370612e-001 8.383210e-001 -1.743147e+000 1.760718e+000 7.769734e+001
1.130000e+000 8.282954e-001 6.919069e-001 8.256125e-001 8.272785e-001 -1.729247e+000 1.777807e+000 7.169188e+001
1.140000e+000 8.149945e-001 6.713826e-001 8.123219e-001 8.138316e-001 -1.712690e+000 2.041206e+000 6.604379e+001
1.150000e+000 7.960128e-001 6.426229e-001 7.922461e-001 7.955688e-001 -1.687792e+000 2.285997e+000 5.885705e+001
1.160000e+000 7.734245e-001 6.093928e-001 7.684938e-001 7.734309e-001 -1.661484e+000 2.640218e+000 5.187435e+001
1.170000e+000 7.464573e-001 5.714505e-001 7.406779e-001 7.471431e-001 -1.628352e+000 3.091162e+000 4.539815e+001
1.180000e+000 7.149047e-001 5.313732e-001 7.081620e-001 7.160448e-001 -1.592918e+000 3.755974e+000 3.981155e+001
1.190000e+000 7.031485e-001 5.126021e-001 6.959161e-001 7.050865e-001 -1.580151e+000 3.228292e+000 3.796035e+001
1.200000e+000 6.174296e-001 4.206007e-001 6.041635e-001 6.234160e-001 -1.496123e+000 6.108794e+000 2.748887e+001
1.210000e+000 5.726933e-001 3.708966e-001 5.574867e-001 5.824237e-001 -1.449438e+000 6.292171e+000 2.370648e+001
1.220000e+000 5.212714e-001 3.204947e-001 5.030419e-001 5.339570e-001 -1.401365e+000 7.100118e+000 2.062059e+001
1.230000e+000 4.465989e-001 2.541282e-001 4.271737e-001 4.616052e-001 -1.323005e+000 7.572876e+000 1.723864e+001
1.240000e+000 3.419756e-001 1.718942e-001 3.169854e-001 3.646562e-001 -1.218687e+000 8.223400e+000 1.303273e+001
1.250000e+000 2.948262e-001 1.326306e-001 2.663237e-001 3.208742e-001 -1.181558e+000 6.418501e+000 1.141436e+001
1.260000e+000 2.038254e-001 7.345572e-002 1.691766e-001 2.344251e-001 -1.081913e+000 5.092083e+000 8.722393e+000
1.270000e+000 1.809276e-001 6.085226e-002 1.418828e-001 2.077108e-001 -1.052127e+000 5.056898e+000 8.273193e+000
1.280000e+000 1.365052e-001 3.603991e-002 9.805573e-002 1.650745e-001 -9.942508e-001 3.705483e+000 6.915996e+000
1.290000e+000 1.166252e-001 2.714071e-002 7.923099e-002 1.423704e-001 -9.644760e-001 3.246897e+000 6.397389e+000
1.300000e+000 1.051750e-001 2.148334e-002 6.515182e-002 1.296542e-001 -9.514268e-001 2.538276e+000 5.957636e+000
1.310000e+000 8.201733e-002 1.293986e-002 4.530833e-002 1.071965e-001 -9.072594e-001 2.205368e+000 5.255021e+000
1.320000e+000 7.601331e-002 1.093216e-002 3.738333e-002 9.613359e-002 -8.979802e-001 2.009244e+000 5.038192e+000
1.330000e+000 7.083054e-002 1.060420e-002 3.624635e-002 8.925104e-002 -8.773281e-001 2.334225e+000 4.905567e+000
1.340000e+000 5.787742e-002 6.555897e-003 2.214167e-002 7.663880e-002 -8.503451e-001 1.863145e+000 4.412246e+000
1.350000e+000 5.356222e-002 5.376118e-003 1.964427e-002 6.676901e-002 -8.495487e-001 1.396049e+000 4.172479e+000
1.360000e+000 4.349668e-002 3.362026e-003 7.769271e-003 5.002396e-002 -7.888891e-001 1.319394e+000 3.965568e+000
1.370000e+000 4.401372e-002 3.572346e-003 1.290260e-002 5.652695e-002 -7.969182e-001 1.260177e+000 3.878970e+000
1.380000e+000 4.285782e-002 3.199476e-003 1.010130e-002 5.295612e-002 -7.873799e-001 1.338680e+000 3.956398e+000
1.390000e+000 4.096062e-002 2.954229e-003 1.488281e-002 5.143203e-002 -7.775154e-001 1.196105e+000 3.815127e+000
1.400000e+000 4.059435e-002 3.020340e-003 7.027604e-003 4.806224e-002 -7.685633e-001 1.242461e+000 3.918981e+000
1.410000e+000 3.876346e-002 2.774787e-003 1.234635e-002 4.749323e-002 -7.591198e-001 1.144594e+000 3.842618e+000
1.420000e+000 3.658685e-002 2.378113e-003 9.802083e-003 4.116771e-002 -7.527461e-001 1.232045e+000 3.700681e+000
1.430000e+000 3.612602e-002 2.330581e-003 1.277760e-002 4.036589e-002 -7.481799e-001 9.481666e-001 3.763796e+000
1.440000e+000 2.982581e-002 1.562588e-003 8.848958e-004 3.314492e-002 -7.121560e-001 1.068943e+000 3.399102e+000
1.450000e+000 2.957445e-002 1.561418e-003 1.754687e-003 3.115443e-002 -7.196211e-001 9.372086e-001 3.418152e+000
1.460000e+000 3.110875e-002 1.721501e-003 4.289844e-003 3.502943e-002 -7.030398e-001 1.065306e+000 3.524847e+000
1.470000e+000 2.795179e-002 1.330102e-003 -1.041667e-003 2.977070e-002 -6.979573e-001 8.240642e-001 3.403433e+000
1.480000e+000 2.829009e-002 1.376583e-003 4.233333e-003 2.702227e-002 -6.788029e-001 1.050380e+000 3.473647e+000
1.490000e+000 2.456912e-002 1.069573e-003 -2.388021e-004 2.123216e-002 -6.578495e-001 8.636035e-001 3.278404e+000
1.500000e+000 2.634755e-002 1.130583e-003 6.276042e-003 2.321693e-002 -6.661500e-001 7.987301e-001 3.388608e+000
1.510000e+000 2.465449e-002 1.036424e-003 1.179687e-003 2.456523e-002 -6.661654e-001 7.579181e-001 3.274958e+000
1.520000e+000 2.327914e-002 9.665695e-004 7.557292e-004 1.992839e-002 -6.492487e-001 9.137428e-001 3.132033e+000
1.530000e+000 2.210808e-002 8.125863e-004 4.896094e-003 2.226263e-002 -6.339130e-001 6.646543e-001 3.058943e+000
1.540000e+000 2.282113e-002 8.887600e-004 2.441927e-003 1.808385e-002 -6.419654e-001 6.953303e-001 3.201509e+000
1.550000e+000 2.178765e-002 8.240540e-004 5.495833e-003 1.628698e-002 -6.236531e-001 7.633083e-001 3.133134e+000
1.560000e+000 2.079990e-002 7.586677e-004 2.179167e-003 1.265794e-002 -6.180562e-001 8.424955e-001 3.055227e+000
1.570000e+000 2.023253e-002 6.694184e-004 -3.069531e-003 1.370013e-002 -6.075786e-001 7.000291e-001 3.103186e+000
1.580000e+000 2.211591e-002 8.708860e-004 2.071354e-003 1.998984e-002 -6.321690e-001 7.467860e-001 3.145200e+000
1.590000e+000 2.184902e-002 7.728775e-004 1.430208e-003 1.623177e-002 -6.082432e-001 5.336803e-001 3.326520e+000
1.600000e+000 1.916797e-002 6.281168e-004 5.001302e-003 1.427617e-002 -5.811081e-001 6.374102e-001 3.012491e+000
1.610000e+000 2.005563e-002 6.977956e-004 -1.697917e-003 1.504648e-002 -6.008003e-001 6.771691e-001 3.107204e+000
1.620000e+000 1.973092e-002 6.534479e-004 6.221354e-004 1.555716e-002 -6.086044e-001 5.736363e-001 3.060029e+000
1.630000e+000 1.801061e-002 5.410049e-004 4.687500e-006 1.455729e-002 -5.792318e-001 6.739889e-001 2.942333e+000
1.640000e+000 1.821637e-002 5.569580e-004 2.977604e-003 1.016693e-002 -5.715333e-001 5.130181e-001 3.106826e+000
1.650000e+000 1.842609e-002 5.623857e-004 7.299479e-004 1.153516e-002 -5.827424e-001 6.084608e-001 2.934880e+000
1.660000e+000 1.725624e-002 5.239294e-004 7.309375e-003 1.358984e-002 -5.513763e-001 5.207094e-001 3.029411e+000
1.670000e+000 1.771140e-002 5.202183e-004 1.172396e-003 9.713411e-003 -5.739198e-001 5.546584e-001 3.048440e+000
1.680000e+000 1.657183e-002 4.530019e-004 6.911458e-004 7.163542e-003 -5.576245e-001 5.070869e-001 3.011021e+000
1.690000e+000 1.815854e-002 5.510078e-004 5.404687e-003 1.299063e-002 -5.580026e-001 5.100941e-001 3.221936e+000
1.700000e+000 1.618289e-002 4.472433e-004 4.599740e-003 7.981510e-003 -5.310495e-001 4.649912e-001 3.057618e+000
1.710000e+000 1.525352e-002 3.721519e-004 2.947656e-003 5.159505e-003 -5.214154e-001 5.465610e-001 2.977659e+000
1.720000e+000 1.495312e-002 3.852716e-004 5.601563e-004 4.799609e-003 -5.157701e-001 3.366954e-001 2.990383e+000
1.730000e+000 1.495161e-002 4.021702e-004 3.700521e-003 8.514323e-003 -5.104180e-001 4.953651e-001 2.903801e+000
1.740000e+000 1.556545e-002 4.139326e-004 1.953125e-005 1.033932e-002 -5.358182e-001 4.944953e-001 2.909604e+000
1.750000e+000 1.432999e-002 3.554142e-004 -1.450521e-004 8.106250e-003 -5.083898e-001 3.968272e-001 2.830046e+000
1.760000e+000 1.470976e-002 3.843709e-004 -4.376823e-003 9.975391e-003 -5.138549e-001 4.031456e-001 2.928004e+000
1.770000e+000 1.322654e-002 2.988664e-004 3.721094e-003 9.832292e-003 -5.046383e-001 4.544387e-001 2.713253e+000
1.780000e+000 1.355303e-002 3.060720e-004 3.228646e-003 2.208724e-003 -4.975471e-001 4.205083e-001 2.818780e+000
1.790000e+000 1.349893e-002 3.035675e-004 -7.544792e-003 9.324219e-003 -4.878820e-001 4.462675e-001 2.820847e+000
1.800000e+000 1.383534e-002 3.394428e-004 -3.602083e-003 8.648437e-004 -4.981630e-001 4.321596e-001 2.861764e+000
1.810000e+000 1.360672e-002 3.137694e-004 -4.979427e-003 5.591927e-003 -4.997651e-001 3.702714e-001 2.761145e+000
1.820000e+000 1.408806e-002 3.305149e-004 2.268229e-003 7.698698e-003 -4.919453e-001 4.330515e-001 2.821422e+000
1.830000e+000 1.428374e-002 3.343722e-004 -3.625260e-003 7.915104e-003 -4.889797e-001 4.443210e-001 2.943400e+000
1.840000e+000 1.386223e-002 3.080164e-004 -8.216146e-004 6.852214e-003 -4.914359e-001 3.273381e-001 2.916812e+000
1.850000e+000 1.188434e-002 2.302707e-004 -4.192708e-004 1.496875e-003 -4.638539e-001 3.112453e-001 2.701555e+000
1.860000e+000 1.228692e-002 2.464570e-004 -3.322917e-004 4.280990e-003 -4.738982e-001 3.669765e-001 2.687538e+000
1.870000e+000 1.314998e-002 2.894848e-004 -2.292188e-003 6.320443e-003 -4.875201e-001 3.400880e-001 2.863485e+000
1.880000e+000 1.331751e-002 2.833897e-004 2.985156e-003 5.593750e-004 -4.679620e-001 3.602160e-001 3.040530e+000
1.890000e+000 1.315507e-002 2.817389e-004 3.323698e-003 7.154427e-003 -4.687516e-001 3.879680e-001 2.914825e+000
1.900000e+000 1.164781e-002 2.195404e-004 -1.636719e-003 4.035156e-004 -4.487201e-001 2.643528e-001 2.803757e+000
1.910000e+000 1.161231e-002 2.224289e-004 -2.023958e-003 5.994531e-003 -4.393716e-001 4.012489e-001 2.759590e+000
1.920000e+000 1.107856e-002 1.971136e-004 -1.549219e-003 2.710937e-003 -4.355073e-001 3.845362e-001 2.602569e+000
1.930000e+000 1.218573e-002 2.466984e-004 1.754948e-003 6.526042e-003 -4.534102e-001 2.806355e-001 2.901764e+000
1.940000e+000 1.141999e-002 2.178021e-004 -4.771875e-003 1.986589e-003 -4.500427e-001 2.624245e-001 2.684054e+000
1.950000e+000 1.089552e-002 2.017739e-004 -1.672656e-003 2.979557e-003 -4.417159e-001 3.259830e-001 2.783048e+000
1.960000e+000 1.118809e-002 2.034013e-004 -1.029167e-003 2.707552e-003 -4.369602e-001 3.371883e-001 2.691858e+000
1.970000e+000 1.227957e-002 2.610962e-004 4.523438e-003 6.766536e-003 -4.307940e-001 3.269643e-001 2.959786e+000
1.980000e+000 1.211984e-002 2.491808e-004 -6.234115e-003 2.584896e-003 -4.412794e-001 2.945137e-001 3.005472e+000
1.990000e+000 1.037588e-002 1.669714e-004 2.322917e-003 1.721484e-003 -4.188974e-001 3.092645e-001 2.538351e+000
2.000000e+000 1.162129e-002 2.265233e-004 -7.281250e-004 3.623047e-003 -4.246112e-001 3.907958e-001 2.885231e+000
