# Temperature Magnetization2 Magnetization4 Correlation2 Correlation4 Energy Energy2 HeatCapacity CorrelationLength
0.000000e+000 1.000000e+000 1.000000e+000 1.000000e+000 1.000000e+000 -2.000000e+000 -1.#IND00e+000 6.575305e+016
1.000000e-002 1.000000e+000 1.000000e+000 1.000000e+000 1.000000e+000 -2.000000e+000 0.000000e+000 6.575305e+016
2.000000e-002 1.000000e+000 1.000000e+000 1.000000e+000 1.000000e+000 -2.000000e+000 0.000000e+000 6.575305e+016
3.000000e-002 1.000000e+000 1.000000e+000 1.000000e+000 1.000000e+000 -2.000000e+000 0.000000e+000 6.575305e+016
4.000000e-002 1.000000e+000 1.000000e+000 1.000000e+000 1.000000e+000 -2.000000e+000 0.000000e+000 6.575305e+016
5.000000e-002 1.000000e+000 1.000000e+000 1.000000e+000 1.000000e+000 -2.000000e+000 0.000000e+000 6.575305e+016
6.000000e-002 1.000000e+000 1.000000e+000 1.000000e+000 1.000000e+000 -2.000000e+000 0.000000e+000 6.575305e+016
7.000000e-002 1.000000e+000 1.000000e+000 1.000000e+000 1.000000e+000 -2.000000e+000 0.000000e+000 6.575305e+016
8.000000e-002 1.000000e+000 1.000000e+000 1.000000e+000 1.000000e+000 -2.000000e+000 0.000000e+000 6.575305e+016
9.000000e-002 1.000000e+000 1.000000e+000 1.000000e+000 1.000000e+000 -2.000000e+000 0.000000e+000 6.575305e+016
1.000000e-001 1.000000e+000 1.000000e+000 1.000000e+000 1.000000e+000 -2.000000e+000 0.000000e+000 6.575305e+016
1.100000e-001 1.000000e+000 1.000000e+000 1.000000e+000 1.000000e+000 -2.000000e+000 0.000000e+000 6.575305e+016
1.200000e-001 1.000000e+000 1.000000e+000 1.000000e+000 1.000000e+000 -2.000000e+000 0.000000e+000 6.575305e+016
1.300000e-001 1.000000e+000 1.000000e+000 1.000000e+000 1.000000e+000 -2.000000e+000 0.000000e+000 6.575305e+016
1.400000e-001 1.000000e+000 1.000000e+000 1.000000e+000 1.000000e+000 -2.000000e+000 0.000000e+000 6.575305e+016
1.500000e-001 1.000000e+000 1.000000e+000 1.000000e+000 1.000000e+000 -2.000000e+000 0.000000e+000 6.575305e+016
1.600000e-001 1.000000e+000 1.000000e+000 1.000000e+000 1.000000e+000 -2.000000e+000 0.000000e+000 6.575305e+016
1.700000e-001 1.000000e+000 1.000000e+000 1.000000e+000 1.000000e+000 -2.000000e+000 0.000000e+000 6.575305e+016
1.800000e-001 1.000000e+000 1.000000e+000 1.000000e+000 1.000000e+000 -2.000000e+000 0.000000e+000 6.575305e+016
1.900000e-001 1.000000e+000 1.000000e+000 1.000000e+000 1.000000e+000 -2.000000e+000 0.000000e+000 6.575305e+016
2.000000e-001 1.000000e+000 1.000000e+000 1.000000e+000 1.000000e+000 -2.000000e+000 0.000000e+000 6.575305e+016
2.100000e-001 1.000000e+000 1.000000e+000 1.000000e+000 1.000000e+000 -2.000000e+000 0.000000e+000 6.575305e+016
2.200000e-001 1.000000e+000 1.000000e+000 1.000000e+000 1.000000e+000 -2.000000e+000 0.000000e+000 6.575305e+016
2.300000e-001 1.000000e+000 1.000000e+000 1.000000e+000 1.000000e+000 -2.000000e+000 0.000000e+000 6.575305e+016
2.400000e-001 1.000000e+000 1.000000e+000 1.000000e+000 1.000000e+000 -2.000000e+000 0.000000e+000 6.575305e+016
2.500000e-001 1.000000e+000 1.000000e+000 1.000000e+000 1.000000e+000 -2.000000e+000 0.000000e+000 6.575305e+016
2.600000e-001 1.000000e+000 1.000000e+000 1.000000e+000 1.000000e+000 -2.000000e+000 0.000000e+000 6.575305e+016
2.700000e-001 1.000000e+000 1.000000e+000 1.000000e+000 1.000000e+000 -2.000000e+000 0.000000e+000 6.575305e+016
2.800000e-001 1.000000e+000 1.000000e+000 1.000000e+000 1.000000e+000 -2.000000e+000 0.000000e+000 6.575305e+016
2.900000e-001 1.000000e+000 1.000000e+000 1.000000e+000 1.000000e+000 -2.000000e+000 0.000000e+000 6.575305e+016
3.000000e-001 1.000000e+000 1.000000e+000 1.000000e+000 1.000000e+000 -2.000000e+000 0.000000e+000 6.575305e+016
3.100000e-001 1.000000e+000 1.000000e+000 1.000000e+000 1.000000e+000 -2.000000e+000 0.000000e+000 6.575305e+016
3.200000e-001 9.999995e-001 9.999990e-001 9.999995e-001 9.999995e-001 -1.999999e+000 5.425076e-005 8.035627e+004
3.300000e-001 1.000000e+000 1.000000e+000 1.000000e+000 1.000000e+000 -2.000000e+000 0.000000e+000 6.575305e+016
3.400000e-001 1.000000e+000 1.000000e+000 1.000000e+000 1.000000e+000 -2.000000e+000 0.000000e+000 6.575305e+016
3.500000e-001 9.999933e-001 9.999866e-001 9.999932e-001 9.999932e-001 -1.999986e+000 5.891859e-004 2.228675e+004
3.600000e-001 1.000000e+000 1.000000e+000 1.000000e+000 1.000000e+000 -2.000000e+000 0.000000e+000 6.575305e+016
3.700000e-001 9.999891e-001 9.999783e-001 9.999891e-001 9.999891e-001 -1.999978e+000 8.513087e-004 1.753508e+004
3.800000e-001 9.999943e-001 9.999886e-001 9.999943e-001 9.999943e-001 -1.999989e+000 4.229744e-004 2.422826e+004
3.900000e-001 9.999927e-001 9.999855e-001 9.999927e-001 9.999927e-001 -1.999985e+000 5.110015e-004 2.147604e+004
4.000000e-001 9.999964e-001 9.999928e-001 9.999964e-001 9.999964e-001 -1.999993e+000 2.429705e-004 3.037177e+004
4.100000e-001 9.999855e-001 9.999711e-001 9.999854e-001 9.999854e-001 -1.999971e+000 9.240796e-004 1.518580e+004
4.200000e-001 9.999735e-001 9.999474e-001 9.999734e-001 9.999734e-001 -1.999947e+000 1.602102e-003 1.125198e+004
4.300000e-001 9.999875e-001 9.999752e-001 9.999875e-001 9.999875e-001 -1.999975e+000 7.202452e-004 1.640256e+004
4.400000e-001 9.999398e-001 9.998803e-001 9.999396e-001 9.999396e-001 -1.999879e+000 3.309435e-003 7.460669e+003
4.500000e-001 9.999741e-001 9.999484e-001 9.999740e-001 9.999740e-001 -1.999948e+000 1.368313e-003 1.136395e+004
4.600000e-001 9.999237e-001 9.998483e-001 9.999234e-001 9.999234e-001 -1.999847e+000 3.831116e-003 6.627422e+003
4.700000e-001 9.998973e-001 9.997956e-001 9.998969e-001 9.998969e-001 -1.999794e+000 4.930330e-003 5.710379e+003
4.800000e-001 9.998423e-001 9.996863e-001 9.998419e-001 9.998417e-001 -1.999684e+000 7.297559e-003 4.593586e+003
4.900000e-001 9.998444e-001 9.996903e-001 9.998437e-001 9.998437e-001 -1.999687e+000 6.837429e-003 4.639011e+003
5.000000e-001 9.998605e-001 9.997224e-001 9.998599e-001 9.998599e-001 -1.999720e+000 6.081009e-003 4.881641e+003
5.100000e-001 9.998055e-001 9.996132e-001 9.998047e-001 9.998047e-001 -1.999616e+000 8.122168e-003 4.035177e+003
5.200000e-001 9.997713e-001 9.995452e-001 9.997703e-001 9.997703e-001 -1.999549e+000 9.161267e-003 3.679640e+003
5.300000e-001 9.996405e-001 9.992848e-001 9.996391e-001 9.996391e-001 -1.999279e+000 1.332140e-002 3.045168e+003
5.400000e-001 9.995851e-001 9.991749e-001 9.995833e-001 9.995833e-001 -1.999174e+000 1.555303e-002 2.786964e+003
5.500000e-001 9.994327e-001 9.988721e-001 9.994302e-001 9.994302e-001 -1.998872e+000 2.048568e-002 2.352922e+003
5.600000e-001 9.995145e-001 9.990344e-001 9.995125e-001 9.995125e-001 -1.999025e+000 1.697483e-002 2.624464e+003
5.700000e-001 9.991863e-001 9.983820e-001 9.991828e-001 9.991828e-001 -1.998372e+000 2.755509e-002 2.001641e+003
5.800000e-001 9.992440e-001 9.984972e-001 9.992406e-001 9.992406e-001 -1.998514e+000 2.458314e-002 2.011347e+003
5.900000e-001 9.989965e-001 9.980047e-001 9.989922e-001 9.989924e-001 -1.998014e+000 3.012405e-002 1.773024e+003
6.000000e-001 9.988596e-001 9.977327e-001 9.988547e-001 9.988559e-001 -1.997734e+000 3.382898e-002 1.678785e+003
6.100000e-001 9.986546e-001 9.973265e-001 9.986484e-001 9.986484e-001 -1.997326e+000 4.182377e-002 1.553710e+003
6.200000e-001 9.984438e-001 9.969066e-001 9.984370e-001 9.984378e-001 -1.996897e+000 4.328937e-002 1.441907e+003
6.300000e-001 9.982235e-001 9.964685e-001 9.982156e-001 9.982159e-001 -1.996448e+000 4.719409e-002 1.340946e+003
6.400000e-001 9.977339e-001 9.954984e-001 9.977229e-001 9.977240e-001 -1.995542e+000 5.965229e-002 1.170793e+003
6.500000e-001 9.977228e-001 9.954756e-001 9.977120e-001 9.977124e-001 -1.995508e+000 5.672797e-002 1.167612e+003
6.600000e-001 9.970197e-001 9.940840e-001 9.970052e-001 9.970046e-001 -1.994130e+000 7.877876e-002 1.037440e+003
6.700000e-001 9.971312e-001 9.943024e-001 9.971180e-001 9.971190e-001 -1.994294e+000 7.069719e-002 1.061350e+003
6.800000e-001 9.966570e-001 9.933611e-001 9.966406e-001 9.966431e-001 -1.993459e+000 7.331415e-002 9.572902e+002
6.900000e-001 9.964001e-001 9.928525e-001 9.963826e-001 9.963846e-001 -1.992925e+000 7.955646e-002 9.319231e+002
7.000000e-001 9.959001e-001 9.918641e-001 9.958786e-001 9.958801e-001 -1.992014e+000 8.882787e-002 8.418507e+002
7.100000e-001 9.947616e-001 9.896161e-001 9.947437e-001 9.947379e-001 -1.989795e+000 1.195274e-001 7.511004e+002
7.200000e-001 9.941334e-001 9.883727e-001 9.941068e-001 9.941038e-001 -1.988550e+000 1.294336e-001 7.151887e+002
7.300000e-001 9.936188e-001 9.873565e-001 9.935831e-001 9.935952e-001 -1.987553e+000 1.366510e-001 6.869760e+002
7.400000e-001 9.935517e-001 9.872239e-001 9.935464e-001 9.935221e-001 -1.987534e+000 1.291135e-001 6.619116e+002
7.500000e-001 9.923030e-001 9.847594e-001 9.922732e-001 9.922693e-001 -1.985112e+000 1.508179e-001 6.075740e+002
7.600000e-001 9.910197e-001 9.822409e-001 9.909687e-001 9.909908e-001 -1.982759e+000 1.851687e-001 5.578600e+002
7.700000e-001 9.907307e-001 9.816589e-001 9.906862e-001 9.906867e-001 -1.982231e+000 1.642023e-001 5.488927e+002
7.800000e-001 9.898875e-001 9.800113e-001 9.898253e-001 9.898449e-001 -1.980643e+000 1.935973e-001 5.132289e+002
7.900000e-001 9.885392e-001 9.773521e-001 9.884602e-001 9.884953e-001 -1.978067e+000 1.963109e-001 4.853926e+002
8.000000e-001 9.869465e-001 9.742340e-001 9.868734e-001 9.868831e-001 -1.975196e+000 2.222995e-001 4.438303e+002
8.100000e-001 9.860861e-001 9.725539e-001 9.860432e-001 9.860193e-001 -1.973507e+000 2.452379e-001 4.370669e+002
8.200000e-001 9.847848e-001 9.700025e-001 9.847268e-001 9.847134e-001 -1.971104e+000 2.510575e-001 4.098014e+002
8.300000e-001 9.838452e-001 9.681720e-001 9.837440e-001 9.837823e-001 -1.969356e+000 2.685236e-001 3.974571e+002
8.400000e-001 9.819749e-001 9.645236e-001 9.819094e-001 9.819116e-001 -1.965646e+000 3.056616e-001 3.856528e+002
8.500000e-001 9.797412e-001 9.601647e-001 9.796237e-001 9.796046e-001 -1.961708e+000 3.055298e-001 3.510120e+002
8.600000e-001 9.788864e-001 9.585073e-001 9.788018e-001 9.787833e-001 -1.960200e+000 3.218599e-001 3.498802e+002
8.700000e-001 9.766123e-001 9.540947e-001 9.764828e-001 9.764749e-001 -1.955933e+000 3.455045e-001 3.318941e+002
8.800000e-001 9.752276e-001 9.514206e-001 9.750458e-001 9.750957e-001 -1.953616e+000 3.613592e-001 3.121877e+002
8.900000e-001 9.730272e-001 9.471641e-001 9.728651e-001 9.728694e-001 -1.949626e+000 3.812080e-001 3.008806e+002
9.000000e-001 9.708294e-001 9.429325e-001 9.706568e-001 9.706599e-001 -1.945724e+000 4.128827e-001 2.818230e+002
9.100000e-001 9.672042e-001 9.360293e-001 9.669893e-001 9.670230e-001 -1.940134e+000 4.755084e-001 2.550618e+002
9.200000e-001 9.652645e-001 9.322730e-001 9.649964e-001 9.650583e-001 -1.936303e+000 4.620174e-001 2.470995e+002
9.300000e-001 9.622576e-001 9.265895e-001 9.620773e-001 9.620271e-001 -1.930933e+000 5.380458e-001 2.369595e+002
9.400000e-001 9.595281e-001 9.213586e-001 9.593328e-001 9.592491e-001 -1.925913e+000 5.428201e-001 2.292927e+002
9.500000e-001 9.572027e-001 9.169179e-001 9.569349e-001 9.569319e-001 -1.921849e+000 5.484432e-001 2.218692e+002
9.600000e-001 9.528641e-001 9.087720e-001 9.525945e-001 9.525882e-001 -1.914536e+000 6.204747e-001 2.080529e+002
9.700000e-001 9.492572e-001 9.019593e-001 9.488432e-001 9.488654e-001 -1.908759e+000 6.334720e-001 1.938839e+002
9.800000e-001 9.467991e-001 8.973549e-001 9.465065e-001 9.464404e-001 -1.904121e+000 6.623389e-001 1.906995e+002
9.900000e-001 9.422643e-001 8.889117e-001 9.418438e-001 9.419525e-001 -1.896685e+000 7.084427e-001 1.799344e+002
1.000000e+000 9.368819e-001 8.789664e-001 9.364609e-001 9.365801e-001 -1.888840e+000 7.588322e-001 1.652564e+002
1.010000e+000 9.319483e-001 8.698543e-001 9.314680e-001 9.315146e-001 -1.880366e+000 8.132204e-001 1.576684e+002
1.020000e+000 9.256720e-001 8.584533e-001 9.250833e-001 9.251975e-001 -1.869829e+000 9.091812e-001 1.502550e+002
1.030000e+000 9.209641e-001 8.498757e-001 9.203073e-001 9.203445e-001 -1.862107e+000 9.712102e-001 1.440558e+002
1.040000e+000 9.135219e-001 8.363679e-001 9.127638e-001 9.128467e-001 -1.850391e+000 1.008530e+000 1.362117e+002
1.050000e+000 9.093042e-001 8.287784e-001 9.086237e-001 9.086971e-001 -1.843735e+000 9.984177e-001 1.275412e+002
1.060000e+000 9.021497e-001 8.161484e-001 9.013034e-001 9.015629e-001 -1.831977e+000 1.163161e+000 1.220500e+002
1.070000e+000 8.929998e-001 8.002548e-001 8.920573e-001 8.923937e-001 -1.819759e+000 1.235076e+000 1.086707e+002
1.080000e+000 8.821623e-001 7.812133e-001 8.810388e-001 8.813831e-001 -1.804043e+000 1.283384e+000 1.012161e+002
1.090000e+000 8.777998e-001 7.737642e-001 8.764990e-001 8.768671e-001 -1.796515e+000 1.386824e+000 1.010231e+002
1.100000e+000 8.663596e-001 7.542491e-001 8.650437e-001 8.654905e-001 -1.780682e+000 1.434254e+000 9.113353e+001
1.110000e+000 8.480260e-001 7.246825e-001 8.459904e-001 8.471158e-001 -1.755815e+000 1.810496e+000 7.901487e+001
1.120000e+000 8.428935e-001 7.156358e-001 8.408372e-001 8.422283e-001 -1.748026e+000 1.670752e+000 7.766561e+001
1.130000e+000 8.328304e-001 6.994743e-001 8.305104e-001 8.318141e-001 -1.735056e+000 1.786923e+000 7.318579e+001
1.140000e+000 8.125761e-001 6.685141e-001 8.098448e-001 8.119475e-001 -1.708817e+000 2.275277e+000 6.360800e+001
1.150000e+000 7.984620e-001 6.463184e-001 7.949930e-001 7.976672e-001 -1.691704e+000 2.214055e+000 5.987697e+001
1.160000e+000 7.668397e-001 6.002594e-001 7.625120e-001 7.666848e-001 -1.655658e+000 2.814223e+000 5.039523e+001
1.170000e+000 7.481752e-001 5.738393e-001 7.430648e-001 7.488142e-001 -1.633019e+000 2.999659e+000 4.549913e+001
1.180000e+000 7.085673e-001 5.259188e-001 7.008414e-001 7.106227e-001 -1.587750e+000 4.383093e+000 3.832368e+001
1.190000e+000 6.936136e-001 5.023290e-001 6.863724e-001 6.961477e-001 -1.571412e+000 3.547586e+000 3.592574e+001
1.200000e+000 6.429862e-001 4.431693e-001 6.324294e-001 6.473176e-001 -1.518560e+000 4.710007e+000 3.019829e+001
1.210000e+000 5.542747e-001 3.574090e-001 5.388562e-001 5.635095e-001 -1.430093e+000 7.705637e+000 2.299592e+001
1.220000e+000 5.061576e-001 3.078220e-001 4.874672e-001 5.198013e-001 -1.387700e+000 7.151544e+000 1.955931e+001
1.230000e+000 4.069862e-001 2.271457e-001 3.813620e-001 4.249943e-001 -1.287335e+000 9.140770e+000 1.559831e+001
1.240000e+000 3.759338e-001 1.947836e-001 3.477333e-001 3.981505e-001 -1.265132e+000 7.134423e+000 1.410410e+001
1.250000e+000 2.653251e-001 1.171891e-001 2.319060e-001 2.895042e-001 -1.146800e+000 7.049355e+000 1.075850e+001
1.260000e+000 1.971984e-001 6.606478e-002 1.596169e-001 2.267617e-001 -1.074350e+000 4.565198e+000 8.544825e+000
1.270000e+000 1.770491e-001 6.147706e-002 1.375419e-001 2.023819e-001 -1.038783e+000 5.423397e+000 8.259801e+000
1.280000e+000 1.457107e-001 3.797488e-002 1.061240e-001 1.755555e-001 -1.018514e+000 3.077763e+000 7.113733e+000
1.290000e+000 1.027067e-001 2.052598e-002 6.405026e-002 1.295073e-001 -9.558547e-001 2.478002e+000 5.797377e+000
1.300000e+000 9.851854e-002 1.881324e-002 5.817995e-002 1.258917e-001 -9.529625e-001 2.281773e+000 5.652409e+000
1.310000e+000 8.181614e-002 1.305609e-002 4.559583e-002 1.039309e-001 -9.027807e-001 2.254531e+000 5.222886e+000
1.320000e+000 8.408738e-002 1.419649e-002 4.592604e-002 1.042766e-001 -9.112563e-001 2.415424e+000 5.374866e+000
1.330000e+000 6.368830e-002 7.660466e-003 2.833255e-002 8.032227e-002 -8.683367e-001 1.479798e+000 4.639782e+000
1.340000e+000 6.154308e-002 7.541987e-003 2.643151e-002 7.727643e-002 -8.594484e-001 1.689815e+000 4.547225e+000
1.350000e+000 5.400999e-002 5.477964e-003 2.049609e-002 6.879466e-002 -8.382180e-001 1.503530e+000 4.252913e+000
1.360000e+000 4.998112e-002 4.589910e-003 1.368698e-002 5.861628e-002 -8.263750e-001 1.225167e+000 4.215080e+000
1.370000e+000 5.101707e-002 5.169649e-003 2.093047e-002 6.478398e-002 -8.102805e-001 1.620569e+000 4.262025e+000
1.380000e+000 4.553661e-002 3.748384e-003 9.127604e-003 5.549661e-002 -7.968786e-001 1.238911e+000 4.058817e+000
1.390000e+000 4.008942e-002 2.905714e-003 1.017552e-002 5.001693e-002 -7.813424e-001 1.183425e+000 3.760056e+000
1.400000e+000 3.402456e-002 2.006181e-003 2.898698e-003 3.930547e-002 -7.649857e-001 1.075980e+000 3.437221e+000
1.410000e+000 3.734772e-002 2.457422e-003 1.012474e-002 4.275404e-002 -7.564255e-001 1.003253e+000 3.710378e+000
1.420000e+000 3.352443e-002 1.934960e-003 5.615625e-003 4.062370e-002 -7.320378e-001 1.095571e+000 3.597429e+000
1.430000e+000 3.371166e-002 2.039513e-003 7.078646e-003 3.738503e-002 -7.248445e-001 1.153877e+000 3.745926e+000
1.440000e+000 3.411524e-002 1.967943e-003 3.647396e-003 3.554896e-002 -7.378378e-001 9.917284e-001 3.646110e+000
1.450000e+000 3.125631e-002 1.688780e-003 2.514844e-003 3.579167e-002 -7.270227e-001 1.021666e+000 3.415888e+000
1.460000e+000 3.343040e-002 2.056299e-003 7.006250e-003 3.524714e-002 -7.228078e-001 1.099849e+000 3.702630e+000
1.470000e+000 2.620434e-002 1.151934e-003 7.515625e-004 2.747578e-002 -6.791185e-001 9.104905e-001 3.331637e+000
1.480000e+000 2.611628e-002 1.127987e-003 2.269531e-003 2.707760e-002 -6.847076e-001 6.912617e-001 3.243956e+000
1.490000e+000 2.778655e-002 1.349460e-003 2.769531e-003 2.880404e-002 -6.811604e-001 9.542057e-001 3.355000e+000
1.500000e+000 2.495279e-002 1.100973e-003 -3.614583e-004 2.267135e-002 -6.493219e-001 8.335477e-001 3.320051e+000
1.510000e+000 2.454383e-002 1.013922e-003 3.437500e-005 2.604961e-002 -6.480362e-001 8.817336e-001 3.289254e+000
1.520000e+000 2.342964e-002 9.364070e-004 4.661979e-003 1.986549e-002 -6.494315e-001 8.803047e-001 3.258373e+000
1.530000e+000 2.366370e-002 9.926783e-004 1.667969e-003 2.372266e-002 -6.471497e-001 7.434491e-001 3.160630e+000
1.540000e+000 2.201675e-002 8.382585e-004 1.864323e-003 1.621745e-002 -6.256133e-001 8.140900e-001 3.147544e+000
1.550000e+000 2.138671e-002 7.871009e-004 4.422396e-003 1.989883e-002 -6.225544e-001 7.994999e-001 3.136833e+000
1.560000e+000 1.917138e-002 6.180314e-004 -3.510937e-003 1.339232e-002 -6.242766e-001 6.463801e-001 2.886034e+000
1.570000e+000 2.297002e-002 9.311907e-004 3.605729e-003 1.638776e-002 -6.257893e-001 7.698176e-001 3.292392e+000
1.580000e+000 2.050857e-002 6.616072e-004 -1.122135e-003 1.359961e-002 -6.170656e-001 6.048595e-001 3.131094e+000
1.590000e+000 1.982935e-002 6.512413e-004 -1.368750e-003 1.365065e-002 -6.065948e-001 5.425390e-001 3.059567e+000
1.600000e+000 1.837959e-002 5.827749e-004 2.619271e-003 1.299909e-002 -6.020682e-001 5.793006e-001 2.860621e+000
1.610000e+000 1.942903e-002 6.492238e-004 2.762500e-003 1.609349e-002 -5.829456e-001 5.616749e-001 3.180813e+000
1.620000e+000 1.779092e-002 5.246156e-004 3.988021e-003 1.587174e-002 -5.722565e-001 6.531675e-001 2.923396e+000
1.630000e+000 1.883065e-002 6.174665e-004 1.799219e-003 1.175169e-002 -5.853352e-001 6.752730e-001 3.107146e+000
1.640000e+000 1.926359e-002 6.150929e-004 1.759635e-003 1.191315e-002 -5.821719e-001 5.125743e-001 3.198301e+000
1.650000e+000 1.740169e-002 5.093520e-004 1.310156e-003 1.319023e-002 -5.726755e-001 6.058475e-001 2.919781e+000
1.660000e+000 1.781487e-002 5.358776e-004 1.648958e-003 1.421328e-002 -5.551878e-001 6.438371e-001 3.065905e+000
1.670000e+000 1.777771e-002 5.588240e-004 -1.230729e-003 1.129245e-002 -5.610727e-001 6.113445e-001 3.072283e+000
1.680000e+000 1.697745e-002 4.795582e-004 6.470833e-003 1.179818e-002 -5.563331e-001 4.675573e-001 2.930464e+000
1.690000e+000 1.618959e-002 4.623113e-004 -6.739583e-004 9.628125e-003 -5.459471e-001 4.487464e-001 2.848771e+000
1.700000e+000 1.516417e-002 4.012658e-004 2.492708e-003 7.931250e-003 -5.256487e-001 4.974182e-001 2.874675e+000
1.710000e+000 1.519764e-002 3.897843e-004 5.247396e-004 5.715104e-003 -5.277216e-001 4.900746e-001 2.819865e+000
1.720000e+000 1.484249e-002 3.748568e-004 6.909635e-003 1.250664e-002 -5.350336e-001 3.221634e-001 2.749784e+000
1.730000e+000 1.561027e-002 4.191031e-004 4.576042e-003 8.630859e-003 -5.248901e-001 4.447134e-001 2.993916e+000
1.740000e+000 1.696797e-002 4.432092e-004 4.131771e-003 8.071745e-003 -5.226719e-001 4.665407e-001 3.261505e+000
1.750000e+000 1.494221e-002 3.802535e-004 4.741406e-003 6.535547e-003 -5.156703e-001 3.885302e-001 3.010366e+000
1.760000e+000 1.368865e-002 3.210505e-004 7.604167e-004 4.300130e-003 -4.828518e-001 4.040297e-001 2.966310e+000
1.770000e+000 1.443024e-002 3.392578e-004 -5.661458e-004 6.272135e-003 -5.006211e-001 4.462994e-001 2.889683e+000
1.780000e+000 1.438670e-002 3.316666e-004 -1.680469e-003 8.652344e-003 -5.046971e-001 4.450612e-001 2.985785e+000
1.790000e+000 1.382505e-002 3.192444e-004 3.362240e-003 2.463151e-003 -4.963326e-001 4.531868e-001 2.837181e+000
1.800000e+000 1.386111e-002 3.171838e-004 9.822917e-004 7.201823e-003 -4.829091e-001 4.057704e-001 2.906976e+000
1.810000e+000 1.297161e-002 3.065592e-004 -3.009375e-003 4.188672e-003 -4.756117e-001 3.647485e-001 2.796628e+000
1.820000e+000 1.348380e-002 3.131171e-004 1.689844e-003 4.805599e-003 -4.796385e-001 3.965876e-001 2.891329e+000
1.830000e+000 1.289596e-002 2.786341e-004 2.050781e-003 5.327995e-003 -4.761443e-001 3.767490e-001 2.793499e+000
1.840000e+000 1.281632e-002 2.611452e-004 -1.010417e-003 4.229427e-003 -4.802128e-001 2.905236e-001 2.763217e+000
1.850000e+000 1.111137e-002 2.111940e-004 -3.340625e-003 3.279167e-003 -4.772719e-001 4.036979e-001 2.347957e+000
1.860000e+000 1.288278e-002 2.710487e-004 2.554167e-003 3.586328e-003 -4.520966e-001 3.815321e-001 2.939882e+000
1.870000e+000 1.335800e-002 2.888108e-004 7.369792e-005 3.187240e-003 -4.783409e-001 4.174251e-001 2.852910e+000
1.880000e+000 1.376833e-002 3.149454e-004 -2.603125e-003 3.996224e-003 -4.537669e-001 3.560990e-001 3.189208e+000
1.890000e+000 1.210781e-002 2.673688e-004 -4.139844e-003 7.262240e-003 -4.673542e-001 3.717473e-001 2.628959e+000
1.900000e+000 1.151441e-002 2.212408e-004 -4.026562e-003 4.180859e-003 -4.528237e-001 3.912579e-001 2.667901e+000
1.910000e+000 1.114911e-002 2.022185e-004 3.588802e-003 1.768099e-003 -4.444380e-001 3.230704e-001 2.638659e+000
1.920000e+000 1.213295e-002 2.451111e-004 -2.931250e-003 5.061458e-003 -4.485148e-001 3.268057e-001 2.928303e+000
1.930000e+000 1.204321e-002 2.350261e-004 -1.302083e-004 3.423568e-003 -4.612026e-001 3.227231e-001 2.741350e+000
1.940000e+000 1.122212e-002 2.152810e-004 -6.010677e-003 2.674609e-003 -4.332326e-001 3.309404e-001 2.718494e+000
1.950000e+000 1.092523e-002 2.037629e-004 -4.605208e-003 1.427865e-003 -4.334068e-001 2.933055e-001 2.757004e+000
1.960000e+000 1.086933e-002 1.835733e-004 -7.501302e-003 1.914974e-003 -4.476406e-001 3.043959e-001 2.675357e+000
1.970000e+000 1.071312e-002 2.002249e-004 -1.169271e-004 5.023958e-003 -4.323336e-001 2.757790e-001 2.589325e+000
1.980000e+000 1.179533e-002 2.483756e-004 -2.559635e-003 1.819271e-003 -4.422393e-001 2.872320e-001 2.812091e+000
1.990000e+000 1.120468e-002 2.115644e-004 -9.052083e-004 3.262370e-003 -4.352599e-001 3.038758e-001 2.763631e+000
2.000000e+000 1.098965e-002 1.911677e-004 -3.537760e-003 -1.825651e-003 -4.423469e-001 2.802236e-001 2.750841e+000
