# Temperature Magnetization2 Magnetization4 Correlation2 Correlation4 Energy Energy2 HeatCapacity CorrelationLength
0.000000e+000 1.000000e+000 1.000000e+000 1.000000e+000 1.000000e+000 -2.000000e+000 -1.#IND00e+000 6.575305e+016
1.000000e-002 1.000000e+000 1.000000e+000 1.000000e+000 1.000000e+000 -2.000000e+000 0.000000e+000 6.575305e+016
2.000000e-002 1.000000e+000 1.000000e+000 1.000000e+000 1.000000e+000 -2.000000e+000 0.000000e+000 6.575305e+016
3.000000e-002 1.000000e+000 1.000000e+000 1.000000e+000 1.000000e+000 -2.000000e+000 0.000000e+000 6.575305e+016
4.000000e-002 1.000000e+000 1.000000e+000 1.000000e+000 1.000000e+000 -2.000000e+000 0.000000e+000 6.575305e+016
5.000000e-002 1.000000e+000 1.000000e+000 1.000000e+000 1.000000e+000 -2.000000e+000 0.000000e+000 6.575305e+016
6.000000e-002 1.000000e+000 1.000000e+000 1.000000e+000 1.000000e+000 -2.000000e+000 0.000000e+000 6.575305e+016
7.000000e-002 1.000000e+000 1.000000e+000 1.000000e+000 1.000000e+000 -2.000000e+000 0.000000e+000 6.575305e+016
8.000000e-002 1.000000e+000 1.000000e+000 1.000000e+000 1.000000e+000 -2.000000e+000 0.000000e+000 6.575305e+016
9.000000e-002 1.000000e+000 1.000000e+000 1.000000e+000 1.000000e+000 -2.000000e+000 0.000000e+000 6.575305e+016
1.000000e-001 1.000000e+000 1.000000e+000 1.000000e+000 1.000000e+000 -2.000000e+000 0.000000e+000 6.575305e+016
1.100000e-001 1.000000e+000 1.000000e+000 1.000000e+000 1.000000e+000 -2.000000e+000 0.000000e+000 6.575305e+016
1.200000e-001 1.000000e+000 1.000000e+000 1.000000e+000 1.000000e+000 -2.000000e+000 0.000000e+000 6.575305e+016
1.300000e-001 1.000000e+000 1.000000e+000 1.000000e+000 1.000000e+000 -2.000000e+000 0.000000e+000 6.575305e+016
1.400000e-001 1.000000e+000 1.000000e+000 1.000000e+000 1.000000e+000 -2.000000e+000 0.000000e+000 6.575305e+016
1.500000e-001 1.000000e+000 1.000000e+000 1.000000e+000 1.000000e+000 -2.000000e+000 0.000000e+000 6.575305e+016
1.600000e-001 1.000000e+000 1.000000e+000 1.000000e+000 1.000000e+000 -2.000000e+000 0.000000e+000 6.575305e+016
1.700000e-001 1.000000e+000 1.000000e+000 1.000000e+000 1.000000e+000 -2.000000e+000 0.000000e+000 6.575305e+016
1.800000e-001 1.000000e+000 1.000000e+000 1.000000e+000 1.000000e+000 -2.000000e+000 0.000000e+000 6.575305e+016
1.900000e-001 1.000000e+000 1.000000e+000 1.000000e+000 1.000000e+000 -2.000000e+000 0.000000e+000 6.575305e+016
2.000000e-001 1.000000e+000 1.000000e+000 1.000000e+000 1.000000e+000 -2.000000e+000 0.000000e+000 6.575305e+016
2.100000e-001 1.000000e+000 1.000000e+000 1.000000e+000 1.000000e+000 -2.000000e+000 0.000000e+000 6.575305e+016
2.200000e-001 1.000000e+000 1.000000e+000 1.000000e+000 1.000000e+000 -2.000000e+000 0.000000e+000 6.575305e+016
2.300000e-001 1.000000e+000 1.000000e+000 1.000000e+000 1.000000e+000 -2.000000e+000 0.000000e+000 6.575305e+016
2.400000e-001 1.000000e+000 1.000000e+000 1.000000e+000 1.000000e+000 -2.000000e+000 0.000000e+000 6.575305e+016
2.500000e-001 1.000000e+000 1.000000e+000 1.000000e+000 1.000000e+000 -2.000000e+000 0.000000e+000 6.575305e+016
2.600000e-001 1.000000e+000 1.000000e+000 1.000000e+000 1.000000e+000 -2.000000e+000 0.000000e+000 6.575305e+016
2.700000e-001 1.000000e+000 1.000000e+000 1.000000e+000 1.000000e+000 -2.000000e+000 0.000000e+000 6.575305e+016
2.800000e-001 1.000000e+000 1.000000e+000 1.000000e+000 1.000000e+000 -2.000000e+000 0.000000e+000 6.575305e+016
2.900000e-001 1.000000e+000 1.000000e+000 1.000000e+000 1.000000e+000 -2.000000e+000 0.000000e+000 6.575305e+016
3.000000e-001 1.000000e+000 1.000000e+000 1.000000e+000 1.000000e+000 -2.000000e+000 0.000000e+000 6.575305e+016
3.100000e-001 1.000000e+000 1.000000e+000 1.000000e+000 1.000000e+000 -2.000000e+000 0.000000e+000 6.575305e+016
3.200000e-001 1.000000e+000 1.000000e+000 1.000000e+000 1.000000e+000 -2.000000e+000 0.000000e+000 6.575305e+016
3.300000e-001 1.000000e+000 1.000000e+000 1.000000e+000 1.000000e+000 -2.000000e+000 0.000000e+000 6.575305e+016
3.400000e-001 1.000000e+000 1.000000e+000 1.000000e+000 1.000000e+000 -2.000000e+000 0.000000e+000 6.575305e+016
3.500000e-001 1.000000e+000 1.000000e+000 1.000000e+000 1.000000e+000 -2.000000e+000 0.000000e+000 6.575305e+016
3.600000e-001 1.000000e+000 1.000000e+000 1.000000e+000 1.000000e+000 -2.000000e+000 0.000000e+000 6.575305e+016
3.700000e-001 9.999979e-001 9.999959e-001 9.999979e-001 9.999979e-001 -1.999996e+000 1.622920e-004 4.017810e+004
3.800000e-001 1.000000e+000 1.000000e+000 1.000000e+000 1.000000e+000 -2.000000e+000 0.000000e+000 6.575305e+016
3.900000e-001 9.999860e-001 9.999721e-001 9.999859e-001 9.999859e-001 -1.999972e+000 9.848619e-004 1.546447e+004
4.000000e-001 9.999839e-001 9.999680e-001 9.999839e-001 9.999839e-001 -1.999968e+000 1.074720e-003 1.443230e+004
4.100000e-001 9.999964e-001 9.999928e-001 9.999964e-001 9.999964e-001 -1.999993e+000 2.312628e-004 3.037177e+004
4.200000e-001 9.999891e-001 9.999783e-001 9.999891e-001 9.999891e-001 -1.999978e+000 6.606812e-004 1.753508e+004
4.300000e-001 9.999860e-001 9.999721e-001 9.999859e-001 9.999859e-001 -1.999972e+000 8.101541e-004 1.546447e+004
4.400000e-001 9.998958e-001 9.997927e-001 9.998953e-001 9.998953e-001 -1.999797e+000 5.799436e-003 5.367713e+003
4.500000e-001 9.999066e-001 9.998142e-001 9.999063e-001 9.999063e-001 -1.999813e+000 4.893827e-003 5.989124e+003
4.600000e-001 9.999429e-001 9.998865e-001 9.999427e-001 9.999427e-001 -1.999885e+000 2.872164e-003 7.661453e+003
4.700000e-001 9.999367e-001 9.998741e-001 9.999365e-001 9.999365e-001 -1.999873e+000 3.049540e-003 7.274886e+003
4.800000e-001 9.998330e-001 9.996677e-001 9.998323e-001 9.998323e-001 -1.999667e+000 7.845775e-003 4.425140e+003
4.900000e-001 9.999035e-001 9.998081e-001 9.999031e-001 9.999031e-001 -1.999809e+000 4.293729e-003 5.745038e+003
5.000000e-001 9.998029e-001 9.996081e-001 9.998021e-001 9.998021e-001 -1.999604e+000 8.995111e-003 4.271045e+003
5.100000e-001 9.997997e-001 9.996016e-001 9.997990e-001 9.997990e-001 -1.999598e+000 8.085570e-003 4.089617e+003
5.200000e-001 9.997795e-001 9.995613e-001 9.997786e-001 9.997786e-001 -1.999557e+000 8.546366e-003 3.897422e+003
5.300000e-001 9.996271e-001 9.992587e-001 9.996258e-001 9.996255e-001 -1.999259e+000 1.517410e-002 2.887700e+003
5.400000e-001 9.995197e-001 9.990449e-001 9.995177e-001 9.995177e-001 -1.999048e+000 1.769025e-002 2.577757e+003
5.500000e-001 9.994917e-001 9.989891e-001 9.994896e-001 9.994896e-001 -1.998987e+000 1.817743e-002 2.540375e+003
5.600000e-001 9.994918e-001 9.989899e-001 9.994896e-001 9.994896e-001 -1.998995e+000 1.843931e-002 2.490106e+003
5.700000e-001 9.992881e-001 9.985847e-001 9.992849e-001 9.992849e-001 -1.998602e+000 2.378378e-002 2.077952e+003
5.800000e-001 9.990569e-001 9.981267e-001 9.990521e-001 9.990521e-001 -1.998187e+000 3.182443e-002 1.731345e+003
5.900000e-001 9.991461e-001 9.983028e-001 9.991422e-001 9.991422e-001 -1.998321e+000 2.742982e-002 1.915936e+003
6.000000e-001 9.989829e-001 9.979773e-001 9.989797e-001 9.989786e-001 -1.997973e+000 2.921534e-002 1.788923e+003
6.100000e-001 9.986784e-001 9.973735e-001 9.986724e-001 9.986724e-001 -1.997397e+000 3.904267e-002 1.538490e+003
6.200000e-001 9.985659e-001 9.971499e-001 9.985594e-001 9.985594e-001 -1.997137e+000 4.238080e-002 1.509357e+003
6.300000e-001 9.982449e-001 9.965134e-001 9.982378e-001 9.982378e-001 -1.996536e+000 5.030028e-002 1.337715e+003
6.400000e-001 9.979808e-001 9.959876e-001 9.979716e-001 9.979714e-001 -1.996052e+000 5.009773e-002 1.214954e+003
6.500000e-001 9.979853e-001 9.959971e-001 9.979771e-001 9.979763e-001 -1.996001e+000 5.250914e-002 1.263141e+003
6.600000e-001 9.971941e-001 9.944292e-001 9.971810e-001 9.971852e-001 -1.994477e+000 7.299561e-002 1.048681e+003
6.700000e-001 9.971396e-001 9.943231e-001 9.971245e-001 9.971250e-001 -1.994395e+000 7.412887e-002 1.029070e+003
6.800000e-001 9.964449e-001 9.929461e-001 9.964284e-001 9.964284e-001 -1.993050e+000 8.885044e-002 9.166348e+002
6.900000e-001 9.961579e-001 9.923749e-001 9.961375e-001 9.961378e-001 -1.992461e+000 8.918868e-002 9.003834e+002
7.000000e-001 9.955666e-001 9.912023e-001 9.955456e-001 9.955462e-001 -1.991333e+000 9.371014e-002 8.304043e+002
7.100000e-001 9.952586e-001 9.905955e-001 9.952362e-001 9.952402e-001 -1.990678e+000 1.064942e-001 8.045006e+002
7.200000e-001 9.942334e-001 9.885627e-001 9.942055e-001 9.942029e-001 -1.988811e+000 1.113233e-001 7.113710e+002
7.300000e-001 9.939730e-001 9.880541e-001 9.939398e-001 9.939454e-001 -1.988300e+000 1.225916e-001 6.923076e+002
7.400000e-001 9.924224e-001 9.849978e-001 9.923911e-001 9.923781e-001 -1.985438e+000 1.558583e-001 6.032491e+002
7.500000e-001 9.924382e-001 9.850297e-001 9.924021e-001 9.923960e-001 -1.985394e+000 1.536716e-001 6.086180e+002
7.600000e-001 9.917417e-001 9.836575e-001 9.917133e-001 9.917039e-001 -1.984053e+000 1.643659e-001 5.898957e+002
7.700000e-001 9.907438e-001 9.816833e-001 9.907143e-001 9.907018e-001 -1.982102e+000 1.693905e-001 5.551193e+002
7.800000e-001 9.895158e-001 9.792753e-001 9.894701e-001 9.894665e-001 -1.979927e+000 1.920027e-001 5.142480e+002
7.900000e-001 9.886122e-001 9.774910e-001 9.885815e-001 9.885526e-001 -1.978060e+000 1.959910e-001 4.992798e+002
8.000000e-001 9.869804e-001 9.743086e-001 9.869057e-001 9.868944e-001 -1.975321e+000 2.337046e-001 4.472833e+002
8.100000e-001 9.862859e-001 9.729379e-001 9.862135e-001 9.862298e-001 -1.973891e+000 2.298926e-001 4.367599e+002
8.200000e-001 9.854610e-001 9.713246e-001 9.853729e-001 9.853833e-001 -1.972275e+000 2.410534e-001 4.251158e+002
8.300000e-001 9.835480e-001 9.676125e-001 9.834453e-001 9.834758e-001 -1.969307e+000 2.721439e-001 3.727070e+002
8.400000e-001 9.822641e-001 9.650852e-001 9.821518e-001 9.821785e-001 -1.966445e+000 2.865528e-001 3.783421e+002
8.500000e-001 9.806422e-001 9.619201e-001 9.805151e-001 9.805406e-001 -1.963602e+000 2.912838e-001 3.545244e+002
8.600000e-001 9.793321e-001 9.593736e-001 9.792664e-001 9.792413e-001 -1.961176e+000 3.098371e-001 3.455935e+002
8.700000e-001 9.773894e-001 9.556190e-001 9.772719e-001 9.772892e-001 -1.957726e+000 3.426739e-001 3.246866e+002
8.800000e-001 9.752429e-001 9.514864e-001 9.751016e-001 9.750716e-001 -1.954041e+000 3.750552e-001 3.037284e+002
8.900000e-001 9.728794e-001 9.468749e-001 9.726677e-001 9.727172e-001 -1.949222e+000 3.850804e-001 2.986626e+002
9.000000e-001 9.712235e-001 9.437205e-001 9.710234e-001 9.710647e-001 -1.946544e+000 4.289821e-001 2.843806e+002
9.100000e-001 9.672856e-001 9.361219e-001 9.671214e-001 9.670737e-001 -1.939431e+000 4.402380e-001 2.630785e+002
9.200000e-001 9.651241e-001 9.319872e-001 9.649003e-001 9.649139e-001 -1.936111e+000 4.555626e-001 2.501028e+002
9.300000e-001 9.625858e-001 9.271801e-001 9.623302e-001 9.623345e-001 -1.931289e+000 5.174178e-001 2.445943e+002
9.400000e-001 9.596039e-001 9.215484e-001 9.594505e-001 9.594143e-001 -1.926326e+000 5.646623e-001 2.268783e+002
9.500000e-001 9.568000e-001 9.161922e-001 9.565151e-001 9.565152e-001 -1.921515e+000 5.712094e-001 2.193678e+002
9.600000e-001 9.537773e-001 9.104207e-001 9.535250e-001 9.535211e-001 -1.916106e+000 5.584134e-001 2.097643e+002
9.700000e-001 9.474915e-001 8.986871e-001 9.469534e-001 9.472290e-001 -1.905830e+000 6.679251e-001 1.911060e+002
9.800000e-001 9.438551e-001 8.919565e-001 9.433492e-001 9.434930e-001 -1.900090e+000 7.180499e-001 1.801713e+002
9.900000e-001 9.389858e-001 8.828586e-001 9.384924e-001 9.385819e-001 -1.891823e+000 7.708886e-001 1.713048e+002
1.000000e+000 9.369995e-001 8.791215e-001 9.365948e-001 9.366234e-001 -1.888083e+000 7.427476e-001 1.690843e+002
1.010000e+000 9.331347e-001 8.719297e-001 9.326680e-001 9.327087e-001 -1.881732e+000 7.481567e-001 1.642524e+002
1.020000e+000 9.257555e-001 8.586667e-001 9.252362e-001 9.252366e-001 -1.870679e+000 9.355149e-001 1.471601e+002
1.030000e+000 9.193576e-001 8.469580e-001 9.186643e-001 9.188211e-001 -1.861107e+000 9.712477e-001 1.382995e+002
1.040000e+000 9.146638e-001 8.383971e-001 9.140091e-001 9.138520e-001 -1.852911e+000 9.393033e-001 1.350530e+002
1.050000e+000 9.072693e-001 8.252256e-001 9.067789e-001 9.065499e-001 -1.841131e+000 1.051019e+000 1.255498e+002
1.060000e+000 8.989032e-001 8.105911e-001 8.979581e-001 8.982134e-001 -1.828008e+000 1.199791e+000 1.172017e+002
1.070000e+000 8.918442e-001 7.981239e-001 8.906563e-001 8.910201e-001 -1.817507e+000 1.265257e+000 1.106038e+002
1.080000e+000 8.851602e-001 7.866210e-001 8.837945e-001 8.846072e-001 -1.807789e+000 1.265361e+000 1.018671e+002
1.090000e+000 8.771520e-001 7.728567e-001 8.759417e-001 8.764609e-001 -1.797555e+000 1.348323e+000 9.448466e+001
1.100000e+000 8.671949e-001 7.559019e-001 8.657432e-001 8.663279e-001 -1.782833e+000 1.430251e+000 9.013631e+001
1.110000e+000 8.578295e-001 7.400756e-001 8.562924e-001 8.566928e-001 -1.768786e+000 1.510670e+000 8.711973e+001
1.120000e+000 8.427199e-001 7.151190e-001 8.408159e-001 8.418492e-001 -1.748592e+000 1.627317e+000 7.840953e+001
1.130000e+000 8.248037e-001 6.872785e-001 8.222404e-001 8.237513e-001 -1.726258e+000 2.003713e+000 6.873524e+001
1.140000e+000 8.130918e-001 6.683231e-001 8.105227e-001 8.119656e-001 -1.709562e+000 2.051078e+000 6.527235e+001
1.150000e+000 7.935567e-001 6.392638e-001 7.898573e-001 7.930919e-001 -1.686708e+000 2.326164e+000 5.760227e+001
1.160000e+000 7.719436e-001 6.088614e-001 7.666745e-001 7.722258e-001 -1.662227e+000 2.768574e+000 4.946861e+001
1.170000e+000 7.472281e-001 5.762926e-001 7.420341e-001 7.477757e-001 -1.629573e+000 3.740531e+000 4.559213e+001
1.180000e+000 7.166356e-001 5.317974e-001 7.102352e-001 7.181635e-001 -1.596035e+000 3.527032e+000 3.969604e+001
1.190000e+000 6.780809e-001 4.852403e-001 6.680466e-001 6.813342e-001 -1.558228e+000 4.312450e+000 3.378728e+001
1.200000e+000 6.305974e-001 4.318944e-001 6.193674e-001 6.358889e-001 -1.508403e+000 5.434071e+000 2.872185e+001
1.210000e+000 5.684771e-001 3.678426e-001 5.522964e-001 5.782068e-001 -1.445228e+000 6.683844e+000 2.351203e+001
1.220000e+000 5.353801e-001 3.324868e-001 5.187661e-001 5.476055e-001 -1.415255e+000 6.391280e+000 2.120283e+001
1.230000e+000 4.218883e-001 2.313402e-001 3.978534e-001 4.402111e-001 -1.307458e+000 7.376676e+000 1.590484e+001
1.240000e+000 3.460820e-001 1.752489e-001 3.187461e-001 3.669380e-001 -1.224671e+000 8.710578e+000 1.337290e+001
1.250000e+000 2.766473e-001 1.215346e-001 2.445771e-001 3.032314e-001 -1.164086e+000 6.823714e+000 1.088286e+001
1.260000e+000 2.263306e-001 9.049121e-002 1.902841e-001 2.516151e-001 -1.097891e+000 6.371427e+000 9.616436e+000
1.270000e+000 1.527449e-001 4.442639e-002 1.149023e-001 1.802909e-001 -1.025711e+000 3.776102e+000 7.387881e+000
1.280000e+000 1.443530e-001 3.980365e-002 1.032589e-001 1.727629e-001 -1.009688e+000 3.866691e+000 7.139997e+000
1.290000e+000 1.217917e-001 3.015674e-002 8.796849e-002 1.501990e-001 -9.733979e-001 3.513210e+000 6.462925e+000
1.300000e+000 1.033068e-001 1.976426e-002 6.471068e-002 1.288690e-001 -9.587469e-001 2.309515e+000 5.795006e+000
1.310000e+000 8.509277e-002 1.440952e-002 5.083151e-002 1.111671e-001 -9.203854e-001 2.463021e+000 5.232307e+000
1.320000e+000 7.028777e-002 9.241363e-003 3.226406e-002 9.048346e-002 -8.870299e-001 1.831645e+000 4.837836e+000
1.330000e+000 6.900765e-002 9.460743e-003 3.325156e-002 8.719922e-002 -8.692414e-001 1.702272e+000 4.882162e+000
1.340000e+000 6.503072e-002 8.058895e-003 2.699583e-002 8.399622e-002 -8.681625e-001 1.626103e+000 4.699188e+000
1.350000e+000 5.758073e-002 6.390559e-003 2.289297e-002 7.108867e-002 -8.379891e-001 1.568536e+000 4.515213e+000
1.360000e+000 4.582318e-002 4.026648e-003 1.413516e-002 5.715768e-002 -8.104182e-001 1.379189e+000 3.956502e+000
1.370000e+000 4.677521e-002 4.194228e-003 1.683802e-002 5.540247e-002 -7.983464e-001 1.517864e+000 4.185288e+000
1.380000e+000 4.404956e-002 3.438179e-003 1.067005e-002 5.184375e-002 -8.042060e-001 1.037073e+000 3.865871e+000
1.390000e+000 4.006081e-002 2.877972e-003 8.102604e-003 4.679857e-002 -7.764448e-001 1.163401e+000 3.870697e+000
1.400000e+000 3.925122e-002 2.810440e-003 6.922135e-003 4.738958e-002 -7.588081e-001 1.296750e+000 3.833347e+000
1.410000e+000 3.532094e-002 2.210721e-003 6.961458e-003 4.331458e-002 -7.395039e-001 1.167518e+000 3.584927e+000
1.420000e+000 3.425761e-002 2.014749e-003 6.844271e-003 3.628776e-002 -7.348568e-001 8.782265e-001 3.625495e+000
1.430000e+000 3.364593e-002 2.012392e-003 5.001563e-003 3.868255e-002 -7.399547e-001 8.221766e-001 3.540939e+000
1.440000e+000 3.336993e-002 1.981357e-003 9.702865e-003 3.857695e-002 -7.242305e-001 1.215545e+000 3.526867e+000
1.450000e+000 3.336434e-002 1.969350e-003 7.000000e-003 3.690885e-002 -7.274474e-001 9.618379e-001 3.619254e+000
1.460000e+000 2.777200e-002 1.323186e-003 -5.799479e-003 2.939935e-002 -6.873424e-001 8.619250e-001 3.297974e+000
1.470000e+000 2.658129e-002 1.150168e-003 5.665104e-003 2.593008e-002 -6.736331e-001 8.262861e-001 3.259509e+000
1.480000e+000 2.581347e-002 1.136024e-003 1.213802e-003 2.448971e-002 -6.827477e-001 8.632305e-001 3.189483e+000
1.490000e+000 2.391605e-002 9.964414e-004 -1.991146e-003 2.325521e-002 -6.761648e-001 1.009427e+000 3.100278e+000
1.500000e+000 2.830383e-002 1.368940e-003 1.004427e-003 2.763620e-002 -6.873310e-001 7.289617e-001 3.498312e+000
1.510000e+000 2.404527e-002 1.002113e-003 -1.947396e-003 2.095521e-002 -6.476380e-001 8.352035e-001 3.278166e+000
1.520000e+000 2.283888e-002 9.157931e-004 -3.799479e-003 1.633424e-002 -6.496068e-001 7.695177e-001 3.144848e+000
1.530000e+000 2.161114e-002 7.417991e-004 2.401563e-003 1.707930e-002 -6.409094e-001 6.420252e-001 3.023493e+000
1.540000e+000 2.164117e-002 7.944014e-004 4.390625e-004 2.029089e-002 -6.191469e-001 8.289076e-001 3.142232e+000
1.550000e+000 2.347355e-002 9.015992e-004 6.739583e-004 2.054128e-002 -6.442651e-001 8.067486e-001 3.225781e+000
1.560000e+000 2.208378e-002 8.254331e-004 -1.041667e-003 1.684648e-002 -6.178820e-001 7.721420e-001 3.231713e+000
1.570000e+000 2.046817e-002 6.837721e-004 1.573698e-003 1.259466e-002 -6.179393e-001 6.825566e-001 3.072782e+000
1.580000e+000 2.113053e-002 7.104327e-004 5.029687e-003 2.089883e-002 -6.151505e-001 5.574951e-001 3.198974e+000
1.590000e+000 1.803555e-002 5.892666e-004 -4.142708e-003 1.185690e-002 -5.730664e-001 5.992207e-001 3.064073e+000
1.600000e+000 2.057367e-002 7.375687e-004 1.794531e-003 1.265339e-002 -5.911688e-001 8.178086e-001 3.197709e+000
1.610000e+000 2.004753e-002 7.002112e-004 8.568490e-003 1.502747e-002 -5.901503e-001 6.194250e-001 3.188105e+000
1.620000e+000 1.976947e-002 6.845096e-004 2.142708e-003 1.359831e-002 -5.843195e-001 6.718782e-001 3.219455e+000
1.630000e+000 1.637084e-002 4.294207e-004 4.295313e-003 9.070313e-003 -5.641253e-001 4.929449e-001 2.859109e+000
1.640000e+000 1.772690e-002 5.245556e-004 2.664583e-003 1.161029e-002 -5.764120e-001 4.922751e-001 3.068898e+000
1.650000e+000 1.693483e-002 4.815511e-004 9.434896e-004 9.542187e-003 -5.642083e-001 5.983545e-001 2.953542e+000
1.660000e+000 2.011580e-002 7.087180e-004 1.471354e-003 1.663021e-002 -5.725495e-001 5.350383e-001 3.283981e+000
1.670000e+000 1.621773e-002 4.414062e-004 -8.963542e-004 7.763932e-003 -5.515784e-001 4.679101e-001 2.864478e+000
1.680000e+000 1.539791e-002 3.973268e-004 -8.744792e-004 9.179948e-003 -5.622742e-001 4.812250e-001 2.761998e+000
1.690000e+000 1.717300e-002 4.971716e-004 4.771354e-003 1.302253e-002 -5.532177e-001 4.248671e-001 3.046613e+000
1.700000e+000 1.530927e-002 3.961410e-004 -9.075521e-004 6.258203e-003 -5.381154e-001 4.474597e-001 2.958279e+000
1.710000e+000 1.612489e-002 4.107183e-004 -2.790365e-003 1.138255e-002 -5.344466e-001 4.429995e-001 3.080474e+000
1.720000e+000 1.620901e-002 4.374205e-004 9.166667e-004 8.027734e-003 -5.318161e-001 4.663223e-001 3.057831e+000
1.730000e+000 1.583256e-002 4.401376e-004 7.263021e-004 8.284375e-003 -5.336370e-001 3.999736e-001 2.936564e+000
1.740000e+000 1.592063e-002 4.304812e-004 -2.093490e-003 6.726432e-003 -5.188745e-001 4.278096e-001 3.134977e+000
1.750000e+000 1.401051e-002 3.269865e-004 3.546875e-004 4.021745e-003 -5.143401e-001 4.311525e-001 2.680987e+000
1.760000e+000 1.281367e-002 2.876436e-004 -2.324479e-003 7.753255e-003 -5.063203e-001 4.661587e-001 2.474189e+000
1.770000e+000 1.415304e-002 3.188483e-004 1.986979e-003 4.228906e-003 -4.882208e-001 3.686841e-001 2.908792e+000
1.780000e+000 1.457778e-002 3.446442e-004 4.297656e-003 5.954557e-003 -4.997078e-001 3.444357e-001 2.980984e+000
1.790000e+000 1.454446e-002 3.512236e-004 4.164062e-004 8.873698e-003 -4.939521e-001 3.998454e-001 2.932604e+000
1.800000e+000 1.520246e-002 4.135514e-004 -2.946615e-003 6.324219e-003 -4.943339e-001 4.436561e-001 3.144062e+000
1.810000e+000 1.334748e-002 2.994901e-004 -1.146875e-003 6.589714e-003 -4.855096e-001 3.684803e-001 2.872481e+000
1.820000e+000 1.230864e-002 2.469722e-004 -8.786458e-004 6.199609e-003 -4.684898e-001 3.694205e-001 2.701602e+000
1.830000e+000 1.231042e-002 2.389284e-004 7.116406e-003 4.915625e-003 -4.906232e-001 4.798574e-001 2.640313e+000
1.840000e+000 1.388400e-002 3.160384e-004 -1.689844e-003 7.566406e-004 -4.749438e-001 3.298796e-001 3.069377e+000
1.850000e+000 1.232540e-002 2.500956e-004 -4.093490e-003 5.954948e-003 -4.704547e-001 2.575564e-001 2.813781e+000
1.860000e+000 1.223553e-002 2.406922e-004 1.748958e-003 4.726302e-003 -4.791789e-001 2.891490e-001 2.609999e+000
1.870000e+000 1.274012e-002 2.865588e-004 -1.623958e-003 4.897266e-003 -4.692286e-001 3.939061e-001 2.851442e+000
1.880000e+000 1.214121e-002 2.365216e-004 3.789063e-003 2.947656e-003 -4.716096e-001 2.737727e-001 2.667561e+000
1.890000e+000 1.318673e-002 3.065872e-004 7.729948e-003 6.144661e-003 -4.684128e-001 3.375978e-001 3.014636e+000
1.900000e+000 1.134829e-002 2.247084e-004 -5.929688e-003 3.913151e-003 -4.480495e-001 3.721844e-001 2.547974e+000
1.910000e+000 1.156145e-002 2.242054e-004 6.826823e-003 4.300911e-003 -4.464922e-001 3.344932e-001 2.753659e+000
1.920000e+000 1.132464e-002 2.204581e-004 -5.445573e-003 1.079557e-003 -4.508951e-001 3.580481e-001 2.650052e+000
1.930000e+000 1.169470e-002 2.270784e-004 4.655469e-003 5.903646e-003 -4.460820e-001 4.217594e-001 2.807815e+000
1.940000e+000 1.178920e-002 2.331106e-004 5.590365e-003 7.566146e-003 -4.394133e-001 3.566170e-001 2.833745e+000
1.950000e+000 1.158292e-002 2.276637e-004 -2.197917e-003 2.679036e-003 -4.466690e-001 3.748597e-001 2.698247e+000
1.960000e+000 1.210046e-002 2.540820e-004 -1.077083e-003 3.126172e-003 -4.403372e-001 3.130286e-001 2.898028e+000
1.970000e+000 1.088885e-002 2.203606e-004 5.659115e-003 7.962370e-003 -4.508273e-001 2.294784e-001 2.523504e+000
1.980000e+000 1.194324e-002 2.481920e-004 3.171354e-003 4.781641e-003 -4.483661e-001 2.412822e-001 2.942488e+000
1.990000e+000 1.104942e-002 1.992814e-004 -2.977604e-003 2.875000e-003 -4.232089e-001 2.516998e-001 2.758011e+000
2.000000e+000 1.089749e-002 2.025675e-004 2.972396e-003 6.108854e-003 -4.127453e-001 3.550831e-001 2.763556e+000
