# Temperature Magnetization2 Magnetization4 Correlation2 Correlation4 Energy Energy2 HeatCapacity CorrelationLength
0.000000e+000 1.000000e+000 1.000000e+000 1.000000e+000 1.000000e+000 -2.000000e+000 -1.#IND00e+000 6.575305e+016
1.000000e-002 1.000000e+000 1.000000e+000 1.000000e+000 1.000000e+000 -2.000000e+000 0.000000e+000 6.575305e+016
2.000000e-002 1.000000e+000 1.000000e+000 1.000000e+000 1.000000e+000 -2.000000e+000 0.000000e+000 6.575305e+016
3.000000e-002 1.000000e+000 1.000000e+000 1.000000e+000 1.000000e+000 -2.000000e+000 0.000000e+000 6.575305e+016
4.000000e-002 1.000000e+000 1.000000e+000 1.000000e+000 1.000000e+000 -2.000000e+000 0.000000e+000 6.575305e+016
5.000000e-002 1.000000e+000 1.000000e+000 1.000000e+000 1.000000e+000 -2.000000e+000 0.000000e+000 6.575305e+016
6.000000e-002 1.000000e+000 1.000000e+000 1.000000e+000 1.000000e+000 -2.000000e+000 0.000000e+000 6.575305e+016
7.000000e-002 1.000000e+000 1.000000e+000 1.000000e+000 1.000000e+000 -2.000000e+000 0.000000e+000 6.575305e+016
8.000000e-002 1.000000e+000 1.000000e+000 1.000000e+000 1.000000e+000 -2.000000e+000 0.000000e+000 6.575305e+016
9.000000e-002 1.000000e+000 1.000000e+000 1.000000e+000 1.000000e+000 -2.000000e+000 0.000000e+000 6.575305e+016
1.000000e-001 1.000000e+000 1.000000e+000 1.000000e+000 1.000000e+000 -2.000000e+000 0.000000e+000 6.575305e+016
1.100000e-001 1.000000e+000 1.000000e+000 1.000000e+000 1.000000e+000 -2.000000e+000 0.000000e+000 6.575305e+016
1.200000e-001 1.000000e+000 1.000000e+000 1.000000e+000 1.000000e+000 -2.000000e+000 0.000000e+000 6.575305e+016
1.300000e-001 1.000000e+000 1.000000e+000 1.000000e+000 1.000000e+000 -2.000000e+000 0.000000e+000 6.575305e+016
1.400000e-001 1.000000e+000 1.000000e+000 1.000000e+000 1.000000e+000 -2.000000e+000 0.000000e+000 6.575305e+016
1.500000e-001 1.000000e+000 1.000000e+000 1.000000e+000 1.000000e+000 -2.000000e+000 0.000000e+000 6.575305e+016
1.600000e-001 1.000000e+000 1.000000e+000 1.000000e+000 1.000000e+000 -2.000000e+000 0.000000e+000 6.575305e+016
1.700000e-001 1.000000e+000 1.000000e+000 1.000000e+000 1.000000e+000 -2.000000e+000 0.000000e+000 6.575305e+016
1.800000e-001 1.000000e+000 1.000000e+000 1.000000e+000 1.000000e+000 -2.000000e+000 0.000000e+000 6.575305e+016
1.900000e-001 1.000000e+000 1.000000e+000 1.000000e+000 1.000000e+000 -2.000000e+000 0.000000e+000 6.575305e+016
2.000000e-001 1.000000e+000 1.000000e+000 1.000000e+000 1.000000e+000 -2.000000e+000 0.000000e+000 6.575305e+016
2.100000e-001 1.000000e+000 1.000000e+000 1.000000e+000 1.000000e+000 -2.000000e+000 0.000000e+000 6.575305e+016
2.200000e-001 1.000000e+000 1.000000e+000 1.000000e+000 1.000000e+000 -2.000000e+000 0.000000e+000 6.575305e+016
2.300000e-001 1.000000e+000 1.000000e+000 1.000000e+000 1.000000e+000 -2.000000e+000 0.000000e+000 6.575305e+016
2.400000e-001 1.000000e+000 1.000000e+000 1.000000e+000 1.000000e+000 -2.000000e+000 0.000000e+000 6.575305e+016
2.500000e-001 1.000000e+000 1.000000e+000 1.000000e+000 1.000000e+000 -2.000000e+000 0.000000e+000 6.575305e+016
2.600000e-001 1.000000e+000 1.000000e+000 1.000000e+000 1.000000e+000 -2.000000e+000 0.000000e+000 6.575305e+016
2.700000e-001 1.000000e+000 1.000000e+000 1.000000e+000 1.000000e+000 -2.000000e+000 0.000000e+000 6.575305e+016
2.800000e-001 1.000000e+000 1.000000e+000 1.000000e+000 1.000000e+000 -2.000000e+000 0.000000e+000 6.575305e+016
2.900000e-001 1.000000e+000 1.000000e+000 1.000000e+000 1.000000e+000 -2.000000e+000 0.000000e+000 6.575305e+016
3.000000e-001 1.000000e+000 1.000000e+000 1.000000e+000 1.000000e+000 -2.000000e+000 0.000000e+000 6.575305e+016
3.100000e-001 1.000000e+000 1.000000e+000 1.000000e+000 1.000000e+000 -2.000000e+000 0.000000e+000 6.575305e+016
3.200000e-001 9.999943e-001 9.999886e-001 9.999943e-001 9.999943e-001 -1.999989e+000 5.964600e-004 2.422826e+004
3.300000e-001 1.000000e+000 1.000000e+000 1.000000e+000 1.000000e+000 -2.000000e+000 0.000000e+000 6.575305e+016
3.400000e-001 9.999979e-001 9.999959e-001 9.999979e-001 9.999979e-001 -1.999996e+000 1.921953e-004 4.017810e+004
3.500000e-001 9.999990e-001 9.999979e-001 9.999990e-001 9.999990e-001 -1.999998e+000 9.069388e-005 5.682045e+004
3.600000e-001 9.999875e-001 9.999752e-001 9.999875e-001 9.999875e-001 -1.999975e+000 1.027572e-003 1.640256e+004
3.700000e-001 9.999964e-001 9.999928e-001 9.999964e-001 9.999964e-001 -1.999993e+000 2.839684e-004 3.037177e+004
3.800000e-001 9.999865e-001 9.999732e-001 9.999865e-001 9.999865e-001 -1.999973e+000 9.990074e-004 1.575906e+004
3.900000e-001 9.999990e-001 9.999979e-001 9.999990e-001 9.999990e-001 -1.999998e+000 7.304405e-005 5.682045e+004
4.000000e-001 9.999881e-001 9.999763e-001 9.999880e-001 9.999880e-001 -1.999976e+000 7.976927e-004 1.675534e+004
4.100000e-001 9.999782e-001 9.999566e-001 9.999781e-001 9.999781e-001 -1.999956e+000 1.385148e-003 1.239911e+004
4.200000e-001 9.999735e-001 9.999474e-001 9.999734e-001 9.999734e-001 -1.999947e+000 1.602102e-003 1.125198e+004
4.300000e-001 9.999559e-001 9.999123e-001 9.999557e-001 9.999557e-001 -1.999911e+000 2.543079e-003 8.715671e+003
4.400000e-001 9.999663e-001 9.999329e-001 9.999661e-001 9.999661e-001 -1.999932e+000 1.859181e-003 9.966803e+003
4.500000e-001 9.999336e-001 9.998679e-001 9.999333e-001 9.999333e-001 -1.999867e+000 3.489185e-003 7.102323e+003
4.600000e-001 9.999191e-001 9.998390e-001 9.999187e-001 9.999187e-001 -1.999837e+000 4.063831e-003 6.433391e+003
4.700000e-001 9.999061e-001 9.998132e-001 9.999057e-001 9.999057e-001 -1.999811e+000 4.510889e-003 5.972555e+003
4.800000e-001 9.998703e-001 9.997419e-001 9.998698e-001 9.998698e-001 -1.999740e+000 5.952812e-003 5.081848e+003
4.900000e-001 9.998148e-001 9.996316e-001 9.998141e-001 9.998141e-001 -1.999628e+000 8.322897e-003 4.255903e+003
5.000000e-001 9.998511e-001 9.997038e-001 9.998505e-001 9.998505e-001 -1.999702e+000 6.405108e-003 4.703678e+003
5.100000e-001 9.998221e-001 9.996461e-001 9.998214e-001 9.998214e-001 -1.999646e+000 7.325964e-003 4.250200e+003
5.200000e-001 9.997032e-001 9.994096e-001 9.997021e-001 9.997021e-001 -1.999404e+000 1.141603e-002 3.359366e+003
5.300000e-001 9.996032e-001 9.992110e-001 9.996016e-001 9.996016e-001 -1.999208e+000 1.575531e-002 2.874066e+003
5.400000e-001 9.995041e-001 9.990136e-001 9.995021e-001 9.995021e-001 -1.999007e+000 1.798677e-002 2.588353e+003
5.500000e-001 9.994855e-001 9.989768e-001 9.994833e-001 9.994833e-001 -1.998987e+000 1.765152e-002 2.461963e+003
5.600000e-001 9.994761e-001 9.989577e-001 9.994740e-001 9.994740e-001 -1.998950e+000 1.743546e-002 2.517253e+003
5.700000e-001 9.992941e-001 9.985960e-001 9.992911e-001 9.992911e-001 -1.998593e+000 2.275469e-002 2.146487e+003
5.800000e-001 9.991252e-001 9.982608e-001 9.991214e-001 9.991214e-001 -1.998257e+000 2.882597e-002 1.908601e+003
5.900000e-001 9.990137e-001 9.980393e-001 9.990094e-001 9.990094e-001 -1.998036e+000 3.120303e-002 1.812324e+003
6.000000e-001 9.989003e-001 9.978147e-001 9.988953e-001 9.988953e-001 -1.997813e+000 3.550525e-002 1.692455e+003
6.100000e-001 9.986628e-001 9.973416e-001 9.986568e-001 9.986568e-001 -1.997375e+000 3.702866e-002 1.507529e+003
6.200000e-001 9.985181e-001 9.970549e-001 9.985115e-001 9.985115e-001 -1.997050e+000 4.296374e-002 1.480769e+003
6.300000e-001 9.983177e-001 9.966571e-001 9.983154e-001 9.983103e-001 -1.996674e+000 4.678778e-002 1.377071e+003
6.400000e-001 9.978587e-001 9.957464e-001 9.978500e-001 9.978493e-001 -1.995787e+000 5.677541e-002 1.191270e+003
6.500000e-001 9.973583e-001 9.947536e-001 9.973500e-001 9.973464e-001 -1.994804e+000 6.852801e-002 1.079434e+003
6.600000e-001 9.971804e-001 9.943997e-001 9.971667e-001 9.971676e-001 -1.994447e+000 6.840141e-002 1.056988e+003
6.700000e-001 9.969211e-001 9.938861e-001 9.969122e-001 9.969087e-001 -1.993947e+000 7.359900e-002 1.003909e+003
6.800000e-001 9.963427e-001 9.927412e-001 9.963289e-001 9.963237e-001 -1.992827e+000 8.748619e-002 9.175151e+002
6.900000e-001 9.961507e-001 9.923609e-001 9.961302e-001 9.961348e-001 -1.992418e+000 9.013246e-002 8.940236e+002
7.000000e-001 9.955131e-001 9.910991e-001 9.954906e-001 9.954906e-001 -1.991288e+000 9.939590e-002 8.017171e+002
7.100000e-001 9.946790e-001 9.894505e-001 9.946505e-001 9.946574e-001 -1.989714e+000 1.135622e-001 7.331920e+002
7.200000e-001 9.946562e-001 9.894019e-001 9.946289e-001 9.946316e-001 -1.989528e+000 1.108792e-001 7.497466e+002
7.300000e-001 9.937424e-001 9.876001e-001 9.937083e-001 9.937124e-001 -1.987952e+000 1.263636e-001 6.727432e+002
7.400000e-001 9.933289e-001 9.867807e-001 9.933089e-001 9.932965e-001 -1.987055e+000 1.301499e-001 6.590953e+002
7.500000e-001 9.926606e-001 9.854667e-001 9.926310e-001 9.926254e-001 -1.985812e+000 1.452482e-001 6.178651e+002
7.600000e-001 9.909848e-001 9.821660e-001 9.909299e-001 9.909345e-001 -1.982717e+000 1.728172e-001 5.499512e+002
7.700000e-001 9.911158e-001 9.824241e-001 9.910661e-001 9.910711e-001 -1.982907e+000 1.683403e-001 5.647052e+002
7.800000e-001 9.897647e-001 9.797622e-001 9.897138e-001 9.897146e-001 -1.980267e+000 1.880827e-001 5.282025e+002
7.900000e-001 9.890645e-001 9.783852e-001 9.890096e-001 9.890112e-001 -1.979024e+000 1.910551e-001 5.046710e+002
8.000000e-001 9.876032e-001 9.755148e-001 9.875328e-001 9.875309e-001 -1.976341e+000 2.070214e-001 4.654205e+002
8.100000e-001 9.855857e-001 9.715644e-001 9.855253e-001 9.855284e-001 -1.972485e+000 2.424201e-001 4.341669e+002
8.200000e-001 9.850614e-001 9.705396e-001 9.849815e-001 9.849839e-001 -1.971612e+000 2.383208e-001 4.175924e+002
8.300000e-001 9.835016e-001 9.674917e-001 9.834107e-001 9.834167e-001 -1.968549e+000 2.686143e-001 4.027176e+002
8.400000e-001 9.829172e-001 9.663635e-001 9.828323e-001 9.828142e-001 -1.967419e+000 2.895058e-001 3.963240e+002
8.500000e-001 9.805764e-001 9.618047e-001 9.804703e-001 9.804749e-001 -1.963470e+000 3.067864e-001 3.581007e+002
8.600000e-001 9.787161e-001 9.581715e-001 9.786250e-001 9.786458e-001 -1.959978e+000 3.192378e-001 3.419515e+002
8.700000e-001 9.762611e-001 9.534462e-001 9.761677e-001 9.761544e-001 -1.955697e+000 3.711572e-001 3.120791e+002
8.800000e-001 9.749883e-001 9.509688e-001 9.748297e-001 9.748158e-001 -1.953150e+000 3.760759e-001 3.103451e+002
8.900000e-001 9.726913e-001 9.465164e-001 9.725490e-001 9.724969e-001 -1.948796e+000 3.955867e-001 2.998835e+002
9.000000e-001 9.693373e-001 9.400734e-001 9.691794e-001 9.691643e-001 -1.943089e+000 4.378241e-001 2.759976e+002
9.100000e-001 9.676216e-001 9.367827e-001 9.674026e-001 9.674609e-001 -1.940345e+000 4.470337e-001 2.631717e+002
9.200000e-001 9.648142e-001 9.313943e-001 9.646042e-001 9.645960e-001 -1.935059e+000 4.686205e-001 2.551339e+002
9.300000e-001 9.619800e-001 9.259789e-001 9.617852e-001 9.617570e-001 -1.930594e+000 4.951302e-001 2.397187e+002
9.400000e-001 9.591394e-001 9.205875e-001 9.588966e-001 9.588643e-001 -1.925173e+000 5.413078e-001 2.300523e+002
9.500000e-001 9.570685e-001 9.167186e-001 9.567570e-001 9.568676e-001 -1.921716e+000 5.935259e-001 2.225937e+002
9.600000e-001 9.535008e-001 9.099782e-001 9.531810e-001 9.532915e-001 -1.915645e+000 6.077131e-001 2.078001e+002
9.700000e-001 9.492245e-001 9.019421e-001 9.490089e-001 9.489284e-001 -1.909364e+000 6.549155e-001 1.931705e+002
9.800000e-001 9.460258e-001 8.958904e-001 9.457458e-001 9.456542e-001 -1.903077e+000 6.487717e-001 1.885662e+002
9.900000e-001 9.405078e-001 8.856388e-001 9.401453e-001 9.401174e-001 -1.894112e+000 7.020965e-001 1.747280e+002
1.000000e+000 9.356080e-001 8.766236e-001 9.351214e-001 9.351882e-001 -1.886087e+000 8.001299e-001 1.653073e+002
1.010000e+000 9.300059e-001 8.662253e-001 9.294969e-001 9.294980e-001 -1.877159e+000 7.854158e-001 1.576312e+002
1.020000e+000 9.271437e-001 8.610571e-001 9.264427e-001 9.266854e-001 -1.872004e+000 8.727148e-001 1.518252e+002
1.030000e+000 9.205010e-001 8.490164e-001 9.199802e-001 9.199020e-001 -1.862191e+000 9.238032e-001 1.409895e+002
1.040000e+000 9.148187e-001 8.389007e-001 9.140563e-001 9.142415e-001 -1.853246e+000 1.018375e+000 1.316941e+002
1.050000e+000 9.079472e-001 8.265128e-001 9.070664e-001 9.074538e-001 -1.842049e+000 1.010096e+000 1.230194e+002
1.060000e+000 9.016684e-001 8.152059e-001 9.007107e-001 9.011464e-001 -1.832729e+000 1.072323e+000 1.193373e+002
1.070000e+000 8.944421e-001 8.027836e-001 8.934211e-001 8.937693e-001 -1.822790e+000 1.231300e+000 1.099445e+002
1.080000e+000 8.838666e-001 7.842858e-001 8.825586e-001 8.831859e-001 -1.806280e+000 1.265179e+000 1.024336e+002
1.090000e+000 8.787738e-001 7.754147e-001 8.774880e-001 8.778790e-001 -1.797645e+000 1.337978e+000 1.011928e+002
1.100000e+000 8.632900e-001 7.492677e-001 8.617471e-001 8.623010e-001 -1.777052e+000 1.521950e+000 8.943180e+001
1.110000e+000 8.569753e-001 7.386507e-001 8.555185e-001 8.560668e-001 -1.767692e+000 1.587638e+000 8.617885e+001
1.120000e+000 8.416890e-001 7.132848e-001 8.390464e-001 8.408947e-001 -1.746323e+000 1.577267e+000 7.723367e+001
1.130000e+000 8.286862e-001 6.928879e-001 8.263531e-001 8.277184e-001 -1.728653e+000 1.865001e+000 7.145675e+001
1.140000e+000 8.117702e-001 6.671446e-001 8.089352e-001 8.113331e-001 -1.708264e+000 2.157290e+000 6.345918e+001
1.150000e+000 7.947372e-001 6.401987e-001 7.914458e-001 7.940164e-001 -1.684669e+000 2.276623e+000 5.970527e+001
1.160000e+000 7.658616e-001 5.975888e-001 7.609836e-001 7.653496e-001 -1.650107e+000 2.654489e+000 5.149568e+001
1.170000e+000 7.435974e-001 5.682211e-001 7.372727e-001 7.444147e-001 -1.628297e+000 3.068212e+000 4.411616e+001
1.180000e+000 7.208585e-001 5.382725e-001 7.135674e-001 7.218629e-001 -1.600658e+000 3.633966e+000 4.127457e+001
1.190000e+000 6.977746e-001 5.081482e-001 6.895719e-001 6.996875e-001 -1.577548e+000 3.761221e+000 3.646220e+001
1.200000e+000 6.383266e-001 4.423650e-001 6.263984e-001 6.428357e-001 -1.512117e+000 6.138649e+000 3.004833e+001
1.210000e+000 5.761178e-001 3.727282e-001 5.625391e-001 5.840288e-001 -1.453337e+000 5.772387e+000 2.414705e+001
1.220000e+000 5.284686e-001 3.300559e-001 5.112055e-001 5.403888e-001 -1.409014e+000 7.102823e+000 2.082678e+001
1.230000e+000 4.011931e-001 2.173137e-001 3.760042e-001 4.211086e-001 -1.286554e+000 8.114762e+000 1.496902e+001
1.240000e+000 3.297003e-001 1.624756e-001 3.002552e-001 3.523184e-001 -1.211158e+000 7.911251e+000 1.263641e+001
1.250000e+000 2.592123e-001 1.100879e-001 2.266190e-001 2.834165e-001 -1.133002e+000 7.025152e+000 1.058978e+001
1.260000e+000 2.253236e-001 8.711368e-002 1.898411e-001 2.530688e-001 -1.099940e+000 5.584625e+000 9.525602e+000
1.270000e+000 1.686555e-001 5.462283e-002 1.350607e-001 1.959333e-001 -1.039515e+000 4.650601e+000 7.826078e+000
1.280000e+000 1.330724e-001 3.463116e-002 9.455339e-002 1.601646e-001 -1.001614e+000 3.284051e+000 6.782535e+000
1.290000e+000 1.073275e-001 2.293917e-002 6.985495e-002 1.335665e-001 -9.538737e-001 2.899096e+000 6.009578e+000
1.300000e+000 1.051680e-001 2.251888e-002 6.757109e-002 1.318872e-001 -9.470148e-001 2.878912e+000 6.013879e+000
1.310000e+000 8.213571e-002 1.287688e-002 4.443229e-002 1.059189e-001 -9.145021e-001 1.833291e+000 5.168082e+000
1.320000e+000 7.206535e-002 1.036484e-002 3.180990e-002 9.290104e-002 -8.907044e-001 1.783977e+000 4.842237e+000
1.330000e+000 6.886793e-002 8.908542e-003 3.221354e-002 8.609779e-002 -8.890919e-001 1.770749e+000 4.802362e+000
1.340000e+000 6.292097e-002 7.965016e-003 2.614505e-002 8.527005e-002 -8.695792e-001 1.732586e+000 4.503298e+000
1.350000e+000 5.298268e-002 5.300730e-003 2.266354e-002 6.649115e-002 -8.253633e-001 1.394728e+000 4.197431e+000
1.360000e+000 4.704347e-002 3.848998e-003 1.275104e-002 6.281589e-002 -8.043289e-001 1.196120e+000 4.045904e+000
1.370000e+000 4.856843e-002 4.422104e-003 1.716042e-002 6.199635e-002 -8.031357e-001 1.329124e+000 4.187609e+000
1.380000e+000 4.695023e-002 3.969339e-003 1.499036e-002 5.993971e-002 -7.981039e-001 1.072824e+000 4.050254e+000
1.390000e+000 4.072172e-002 2.927418e-003 1.214531e-002 5.146081e-002 -7.756464e-001 1.209199e+000 3.869519e+000
1.400000e+000 4.047742e-002 2.873923e-003 1.199193e-002 4.708685e-002 -7.687984e-001 1.060189e+000 3.875596e+000
1.410000e+000 3.585536e-002 2.359148e-003 8.449479e-003 4.099753e-002 -7.510451e-001 1.083388e+000 3.659099e+000
1.420000e+000 3.794313e-002 2.767604e-003 5.738542e-003 4.181849e-002 -7.418638e-001 1.363125e+000 3.903621e+000
1.430000e+000 3.610017e-002 2.313861e-003 7.692708e-003 4.361120e-002 -7.523591e-001 1.207275e+000 3.648930e+000
1.440000e+000 3.125477e-002 1.817170e-003 4.753125e-003 3.297682e-002 -7.230385e-001 1.032827e+000 3.408848e+000
1.450000e+000 2.961271e-002 1.540586e-003 5.190104e-003 3.061055e-002 -7.176586e-001 9.284108e-001 3.291674e+000
1.460000e+000 2.990887e-002 1.592164e-003 3.422917e-003 3.151549e-002 -7.012581e-001 1.035709e+000 3.476055e+000
1.470000e+000 2.843163e-002 1.443245e-003 3.086719e-003 3.014766e-002 -6.888310e-001 1.002969e+000 3.419086e+000
1.480000e+000 2.842238e-002 1.399031e-003 -4.640625e-004 2.706706e-002 -6.844734e-001 8.341602e-001 3.549304e+000
1.490000e+000 2.610160e-002 1.163774e-003 1.778646e-004 2.539349e-002 -6.677128e-001 7.436233e-001 3.322923e+000
1.500000e+000 2.815073e-002 1.354638e-003 -6.880208e-004 2.811146e-002 -6.787820e-001 9.185160e-001 3.480543e+000
1.510000e+000 2.513360e-002 1.035252e-003 5.916667e-004 2.430651e-002 -6.673484e-001 7.049714e-001 3.196188e+000
1.520000e+000 2.476016e-002 1.022046e-003 -4.536458e-004 2.123789e-002 -6.496581e-001 8.399994e-001 3.284517e+000
1.530000e+000 2.475286e-002 1.014502e-003 -2.111198e-003 1.893763e-002 -6.466232e-001 8.749829e-001 3.387418e+000
1.540000e+000 2.379874e-002 9.898242e-004 1.317448e-003 1.648542e-002 -6.484495e-001 7.315833e-001 3.328103e+000
1.550000e+000 2.098908e-002 7.467115e-004 3.535677e-003 2.018320e-002 -6.185812e-001 5.381668e-001 3.104257e+000
1.560000e+000 2.150089e-002 7.554624e-004 1.471875e-003 1.907461e-002 -6.085161e-001 6.201467e-001 3.145413e+000
1.570000e+000 2.209098e-002 8.065106e-004 3.613021e-003 2.001901e-002 -6.368458e-001 6.620034e-001 3.213555e+000
1.580000e+000 1.951878e-002 6.744179e-004 1.967448e-003 1.599440e-002 -6.144818e-001 7.871488e-001 2.950067e+000
1.590000e+000 1.971990e-002 6.677918e-004 1.356771e-003 1.249609e-002 -6.208305e-001 7.473368e-001 2.938997e+000
1.600000e+000 1.880194e-002 5.893213e-004 2.526563e-003 1.111979e-002 -5.976846e-001 5.006010e-001 2.931437e+000
1.610000e+000 2.037295e-002 7.223046e-004 1.826563e-003 1.467279e-002 -5.787221e-001 7.236052e-001 3.240047e+000
1.620000e+000 1.831803e-002 5.696779e-004 -2.476042e-003 1.412799e-002 -5.789039e-001 5.566521e-001 3.036132e+000
1.630000e+000 1.953026e-002 6.267242e-004 8.252604e-004 1.681510e-002 -5.870583e-001 7.162213e-001 3.247710e+000
1.640000e+000 1.670114e-002 4.698320e-004 -1.903125e-003 9.065755e-003 -5.656982e-001 6.017236e-001 2.901226e+000
1.650000e+000 1.788910e-002 5.618785e-004 1.114844e-003 8.980990e-003 -5.630036e-001 6.654799e-001 3.029916e+000
1.660000e+000 1.616864e-002 4.490412e-004 2.617188e-003 1.263997e-002 -5.467620e-001 4.842150e-001 2.815173e+000
1.670000e+000 1.780904e-002 5.218104e-004 -6.124219e-003 9.062630e-003 -5.605206e-001 5.830669e-001 3.117028e+000
1.680000e+000 1.564027e-002 4.091494e-004 -3.420833e-003 9.083984e-003 -5.322586e-001 5.567552e-001 2.962161e+000
1.690000e+000 1.584084e-002 4.190365e-004 1.302604e-003 6.171615e-003 -5.362294e-001 5.192121e-001 2.900345e+000
1.700000e+000 1.600292e-002 4.418524e-004 -9.033854e-004 9.093620e-003 -5.421065e-001 5.125137e-001 2.874038e+000
1.710000e+000 1.540337e-002 3.909825e-004 -1.764323e-003 9.779818e-003 -5.214768e-001 4.974301e-001 2.954999e+000
1.720000e+000 1.602366e-002 4.210716e-004 7.114583e-004 1.139557e-002 -5.533633e-001 3.955253e-001 2.785825e+000
1.730000e+000 1.606953e-002 4.356387e-004 -7.049479e-004 8.463802e-003 -5.523695e-001 4.075038e-001 2.881895e+000
1.740000e+000 1.489882e-002 3.714187e-004 5.538281e-003 5.286979e-003 -5.107122e-001 4.672720e-001 2.944112e+000
1.750000e+000 1.531723e-002 3.945690e-004 7.026823e-003 6.891276e-003 -5.231385e-001 4.140925e-001 2.972139e+000
1.760000e+000 1.493696e-002 3.676640e-004 6.637760e-003 6.348177e-003 -5.236802e-001 3.989021e-001 3.040356e+000
1.770000e+000 1.403202e-002 3.498970e-004 2.400781e-003 5.065104e-003 -5.025000e-001 5.317358e-001 2.928389e+000
1.780000e+000 1.335047e-002 2.925816e-004 1.475521e-003 9.339323e-003 -5.042482e-001 4.041173e-001 2.783079e+000
1.790000e+000 1.298317e-002 2.888144e-004 1.200260e-003 2.355859e-003 -4.924523e-001 4.308644e-001 2.740927e+000
1.800000e+000 1.401859e-002 3.283686e-004 -5.077344e-003 6.805859e-003 -4.884474e-001 4.088937e-001 2.933822e+000
1.810000e+000 1.314496e-002 2.889574e-004 1.014844e-003 3.534505e-003 -4.734799e-001 4.084220e-001 2.847378e+000
1.820000e+000 1.452281e-002 3.488766e-004 9.963542e-004 7.134245e-003 -5.014628e-001 3.586686e-001 2.956651e+000
1.830000e+000 1.248507e-002 2.565237e-004 -2.568229e-003 4.749870e-003 -4.918602e-001 3.923126e-001 2.663226e+000
1.840000e+000 1.175180e-002 2.280542e-004 -4.428906e-003 5.216016e-003 -4.536849e-001 3.210578e-001 2.619982e+000
1.850000e+000 1.440055e-002 3.521544e-004 4.146875e-003 7.883333e-003 -4.758133e-001 3.974953e-001 3.108035e+000
1.860000e+000 1.302280e-002 2.747875e-004 5.669792e-003 3.619661e-003 -4.636490e-001 2.910090e-001 2.947280e+000
1.870000e+000 1.259052e-002 2.521171e-004 2.320052e-003 4.304557e-003 -4.678021e-001 3.164868e-001 2.692456e+000
1.880000e+000 1.240051e-002 2.583429e-004 -5.679688e-003 5.519661e-003 -4.548049e-001 3.603710e-001 2.745666e+000
1.890000e+000 1.254986e-002 2.463366e-004 -5.473958e-003 4.441927e-003 -4.811997e-001 2.425343e-001 2.834244e+000
1.900000e+000 1.218313e-002 2.546588e-004 -3.369531e-003 7.029297e-003 -4.579688e-001 4.105461e-001 2.772598e+000
1.910000e+000 1.173104e-002 2.273464e-004 3.817708e-004 4.403125e-003 -4.545443e-001 3.574304e-001 2.704828e+000
1.920000e+000 1.141091e-002 2.124464e-004 -4.369792e-004 5.105990e-003 -4.392716e-001 2.983162e-001 2.739448e+000
1.930000e+000 1.215607e-002 2.436600e-004 -6.653646e-004 2.627083e-003 -4.477966e-001 3.171286e-001 2.793977e+000
1.940000e+000 1.107581e-002 1.958209e-004 2.721875e-003 2.839193e-003 -4.303724e-001 3.093655e-001 2.764739e+000
1.950000e+000 1.235949e-002 2.629256e-004 1.386146e-002 2.479557e-003 -4.450578e-001 3.790896e-001 2.843007e+000
1.960000e+000 1.192218e-002 2.241163e-004 -4.916667e-004 8.009375e-003 -4.385023e-001 2.671438e-001 2.810887e+000
1.970000e+000 1.188723e-002 2.547497e-004 3.203906e-003 5.719922e-003 -4.378935e-001 3.148839e-001 2.753058e+000
1.980000e+000 1.083660e-002 1.904573e-004 1.753906e-003 1.243620e-003 -4.422060e-001 3.103272e-001 2.698274e+000
1.990000e+000 1.256355e-002 2.560958e-004 7.705729e-004 8.413411e-003 -4.382568e-001 2.984340e-001 2.861028e+000
2.000000e+000 1.087246e-002 1.929746e-004 4.006771e-003 4.087109e-003 -4.258888e-001 3.858348e-001 2.626806e+000
