# Temperature Magnetization2 Magnetization4 Correlation2 Correlation4 Energy Energy2 HeatCapacity CorrelationLength
0.000000e+000 1.000000e+000 1.000000e+000 1.000000e+000 1.000000e+000 -2.000000e+000 -1.#IND00e+000 6.575305e+016
1.000000e-002 1.000000e+000 1.000000e+000 1.000000e+000 1.000000e+000 -2.000000e+000 0.000000e+000 6.575305e+016
2.000000e-002 1.000000e+000 1.000000e+000 1.000000e+000 1.000000e+000 -2.000000e+000 0.000000e+000 6.575305e+016
3.000000e-002 1.000000e+000 1.000000e+000 1.000000e+000 1.000000e+000 -2.000000e+000 0.000000e+000 6.575305e+016
4.000000e-002 1.000000e+000 1.000000e+000 1.000000e+000 1.000000e+000 -2.000000e+000 0.000000e+000 6.575305e+016
5.000000e-002 1.000000e+000 1.000000e+000 1.000000e+000 1.000000e+000 -2.000000e+000 0.000000e+000 6.575305e+016
6.000000e-002 1.000000e+000 1.000000e+000 1.000000e+000 1.000000e+000 -2.000000e+000 0.000000e+000 6.575305e+016
7.000000e-002 1.000000e+000 1.000000e+000 1.000000e+000 1.000000e+000 -2.000000e+000 0.000000e+000 6.575305e+016
8.000000e-002 1.000000e+000 1.000000e+000 1.000000e+000 1.000000e+000 -2.000000e+000 0.000000e+000 6.575305e+016
9.000000e-002 1.000000e+000 1.000000e+000 1.000000e+000 1.000000e+000 -2.000000e+000 0.000000e+000 6.575305e+016
1.000000e-001 1.000000e+000 1.000000e+000 1.000000e+000 1.000000e+000 -2.000000e+000 0.000000e+000 6.575305e+016
1.100000e-001 1.000000e+000 1.000000e+000 1.000000e+000 1.000000e+000 -2.000000e+000 0.000000e+000 6.575305e+016
1.200000e-001 1.000000e+000 1.000000e+000 1.000000e+000 1.000000e+000 -2.000000e+000 0.000000e+000 6.575305e+016
1.300000e-001 1.000000e+000 1.000000e+000 1.000000e+000 1.000000e+000 -2.000000e+000 0.000000e+000 6.575305e+016
1.400000e-001 1.000000e+000 1.000000e+000 1.000000e+000 1.000000e+000 -2.000000e+000 0.000000e+000 6.575305e+016
1.500000e-001 1.000000e+000 1.000000e+000 1.000000e+000 1.000000e+000 -2.000000e+000 0.000000e+000 6.575305e+016
1.600000e-001 1.000000e+000 1.000000e+000 1.000000e+000 1.000000e+000 -2.000000e+000 0.000000e+000 6.575305e+016
1.700000e-001 1.000000e+000 1.000000e+000 1.000000e+000 1.000000e+000 -2.000000e+000 0.000000e+000 6.575305e+016
1.800000e-001 1.000000e+000 1.000000e+000 1.000000e+000 1.000000e+000 -2.000000e+000 0.000000e+000 6.575305e+016
1.900000e-001 1.000000e+000 1.000000e+000 1.000000e+000 1.000000e+000 -2.000000e+000 0.000000e+000 6.575305e+016
2.000000e-001 1.000000e+000 1.000000e+000 1.000000e+000 1.000000e+000 -2.000000e+000 0.000000e+000 6.575305e+016
2.100000e-001 1.000000e+000 1.000000e+000 1.000000e+000 1.000000e+000 -2.000000e+000 0.000000e+000 6.575305e+016
2.200000e-001 1.000000e+000 1.000000e+000 1.000000e+000 1.000000e+000 -2.000000e+000 0.000000e+000 6.575305e+016
2.300000e-001 1.000000e+000 1.000000e+000 1.000000e+000 1.000000e+000 -2.000000e+000 0.000000e+000 6.575305e+016
2.400000e-001 1.000000e+000 1.000000e+000 1.000000e+000 1.000000e+000 -2.000000e+000 0.000000e+000 6.575305e+016
2.500000e-001 1.000000e+000 1.000000e+000 1.000000e+000 1.000000e+000 -2.000000e+000 0.000000e+000 6.575305e+016
2.600000e-001 1.000000e+000 1.000000e+000 1.000000e+000 1.000000e+000 -2.000000e+000 0.000000e+000 6.575305e+016
2.700000e-001 1.000000e+000 1.000000e+000 1.000000e+000 1.000000e+000 -2.000000e+000 0.000000e+000 6.575305e+016
2.800000e-001 1.000000e+000 1.000000e+000 1.000000e+000 1.000000e+000 -2.000000e+000 0.000000e+000 6.575305e+016
2.900000e-001 1.000000e+000 1.000000e+000 1.000000e+000 1.000000e+000 -2.000000e+000 0.000000e+000 6.575305e+016
3.000000e-001 1.000000e+000 1.000000e+000 1.000000e+000 1.000000e+000 -2.000000e+000 0.000000e+000 6.575305e+016
3.100000e-001 1.000000e+000 1.000000e+000 1.000000e+000 1.000000e+000 -2.000000e+000 0.000000e+000 6.575305e+016
3.200000e-001 1.000000e+000 1.000000e+000 1.000000e+000 1.000000e+000 -2.000000e+000 0.000000e+000 6.575305e+016
3.300000e-001 1.000000e+000 1.000000e+000 1.000000e+000 1.000000e+000 -2.000000e+000 0.000000e+000 6.575305e+016
3.400000e-001 9.999901e-001 9.999804e-001 9.999901e-001 9.999901e-001 -1.999980e+000 9.122429e-004 1.843491e+004
3.500000e-001 1.000000e+000 1.000000e+000 1.000000e+000 1.000000e+000 -2.000000e+000 0.000000e+000 6.575305e+016
3.600000e-001 1.000000e+000 1.000000e+000 1.000000e+000 1.000000e+000 -2.000000e+000 0.000000e+000 6.575305e+016
3.700000e-001 9.999995e-001 9.999990e-001 9.999995e-001 9.999995e-001 -1.999999e+000 4.057909e-005 8.035627e+004
3.800000e-001 9.999995e-001 9.999990e-001 9.999995e-001 9.999995e-001 -1.999999e+000 3.847145e-005 8.035627e+004
3.900000e-001 9.999969e-001 9.999938e-001 9.999969e-001 9.999969e-001 -1.999994e+000 2.190883e-004 3.280527e+004
4.000000e-001 9.999922e-001 9.999845e-001 9.999922e-001 9.999922e-001 -1.999984e+000 5.204427e-004 2.074782e+004
4.100000e-001 9.999746e-001 9.999494e-001 9.999745e-001 9.999745e-001 -1.999949e+000 1.615439e-003 1.147932e+004
4.200000e-001 9.999818e-001 9.999639e-001 9.999818e-001 9.999818e-001 -1.999964e+000 1.100364e-003 1.358257e+004
4.300000e-001 9.999497e-001 9.998999e-001 9.999495e-001 9.999495e-001 -1.999899e+000 2.900353e-003 8.158739e+003
4.400000e-001 9.999201e-001 9.998410e-001 9.999198e-001 9.999198e-001 -1.999840e+000 4.385164e-003 6.475035e+003
4.500000e-001 9.999310e-001 9.998627e-001 9.999307e-001 9.999307e-001 -1.999861e+000 3.624569e-003 6.967533e+003
4.600000e-001 9.999102e-001 9.998214e-001 9.999099e-001 9.999099e-001 -1.999820e+000 4.502824e-003 6.109101e+003
4.700000e-001 9.999180e-001 9.998369e-001 9.999177e-001 9.999177e-001 -1.999835e+000 3.942251e-003 6.392541e+003
4.800000e-001 9.999102e-001 9.998214e-001 9.999099e-001 9.999099e-001 -1.999820e+000 4.135406e-003 6.109101e+003
4.900000e-001 9.998958e-001 9.997927e-001 9.998953e-001 9.998953e-001 -1.999796e+000 4.756796e-003 5.398410e+003
5.000000e-001 9.998340e-001 9.996698e-001 9.998333e-001 9.998333e-001 -1.999667e+000 7.352889e-003 4.522589e+003
5.100000e-001 9.998050e-001 9.996122e-001 9.998042e-001 9.998042e-001 -1.999616e+000 8.088597e-003 3.997509e+003
5.200000e-001 9.996381e-001 9.992804e-001 9.996365e-001 9.996365e-001 -1.999297e+000 1.415020e-002 2.864519e+003
5.300000e-001 9.996214e-001 9.992471e-001 9.996198e-001 9.996198e-001 -1.999247e+000 1.478113e-002 2.911740e+003
5.400000e-001 9.995322e-001 9.990695e-001 9.995302e-001 9.995302e-001 -1.999073e+000 1.700742e-002 2.610405e+003
5.500000e-001 9.995192e-001 9.990439e-001 9.995172e-001 9.995172e-001 -1.999037e+000 1.781104e-002 2.638178e+003
5.600000e-001 9.993091e-001 9.986258e-001 9.993062e-001 9.993062e-001 -1.998616e+000 2.336997e-002 2.179333e+003
5.700000e-001 9.992091e-001 9.984271e-001 9.992057e-001 9.992057e-001 -1.998437e+000 2.496794e-002 1.988323e+003
5.800000e-001 9.992216e-001 9.984524e-001 9.992182e-001 9.992182e-001 -1.998455e+000 2.538663e-002 2.037006e+003
5.900000e-001 9.990859e-001 9.981831e-001 9.990818e-001 9.990818e-001 -1.998207e+000 2.848283e-002 1.835063e+003
6.000000e-001 9.987939e-001 9.976023e-001 9.987885e-001 9.987885e-001 -1.997609e+000 3.604806e-002 1.637645e+003
6.100000e-001 9.984999e-001 9.970183e-001 9.984932e-001 9.984984e-001 -1.997021e+000 4.325317e-002 1.462068e+003
6.200000e-001 9.984876e-001 9.969942e-001 9.984807e-001 9.984841e-001 -1.997020e+000 4.209446e-002 1.432893e+003
6.300000e-001 9.982616e-001 9.965453e-001 9.982549e-001 9.982539e-001 -1.996561e+000 4.710443e-002 1.343308e+003
6.400000e-001 9.979376e-001 9.959029e-001 9.979276e-001 9.979284e-001 -1.995935e+000 5.578355e-002 1.225364e+003
6.500000e-001 9.976400e-001 9.953119e-001 9.976294e-001 9.976313e-001 -1.995324e+000 6.100484e-002 1.157880e+003
6.600000e-001 9.970332e-001 9.941069e-001 9.970253e-001 9.970238e-001 -1.994172e+000 7.005983e-002 1.022898e+003
6.700000e-001 9.968357e-001 9.937166e-001 9.968198e-001 9.968292e-001 -1.993755e+000 7.499241e-002 9.877547e+002
6.800000e-001 9.960474e-001 9.921578e-001 9.960326e-001 9.960285e-001 -1.992286e+000 9.575258e-002 8.682165e+002
6.900000e-001 9.959500e-001 9.919636e-001 9.959320e-001 9.959302e-001 -1.992041e+000 9.317761e-002 8.641646e+002
7.000000e-001 9.955033e-001 9.910772e-001 9.954828e-001 9.954852e-001 -1.991135e+000 9.977148e-002 8.277820e+002
7.100000e-001 9.948762e-001 9.898361e-001 9.948482e-001 9.948517e-001 -1.989976e+000 1.072769e-001 7.721497e+002
7.200000e-001 9.948101e-001 9.897105e-001 9.947977e-001 9.947852e-001 -1.989924e+000 1.103057e-001 7.395610e+002
7.300000e-001 9.937701e-001 9.876614e-001 9.937539e-001 9.937391e-001 -1.987970e+000 1.369212e-001 6.730345e+002
7.400000e-001 9.933784e-001 9.868784e-001 9.933458e-001 9.933651e-001 -1.987105e+000 1.309263e-001 6.689863e+002
7.500000e-001 9.926078e-001 9.853578e-001 9.925727e-001 9.925805e-001 -1.985610e+000 1.409529e-001 6.279194e+002
7.600000e-001 9.918542e-001 9.838667e-001 9.918187e-001 9.918223e-001 -1.984224e+000 1.441370e-001 6.008065e+002
7.700000e-001 9.905298e-001 9.812712e-001 9.904693e-001 9.904964e-001 -1.981821e+000 1.767888e-001 5.382444e+002
7.800000e-001 9.893056e-001 9.788563e-001 9.892464e-001 9.892766e-001 -1.979430e+000 1.905166e-001 5.081547e+002
7.900000e-001 9.890153e-001 9.782905e-001 9.889521e-001 9.889643e-001 -1.978790e+000 2.000943e-001 5.058670e+002
8.000000e-001 9.877496e-001 9.758068e-001 9.877068e-001 9.876919e-001 -1.976390e+000 2.191830e-001 4.798809e+002
8.100000e-001 9.865826e-001 9.735185e-001 9.864935e-001 9.865288e-001 -1.974300e+000 2.297631e-001 4.470523e+002
8.200000e-001 9.847131e-001 9.698662e-001 9.846401e-001 9.846375e-001 -1.970801e+000 2.672641e-001 4.161711e+002
8.300000e-001 9.837935e-001 9.680641e-001 9.836987e-001 9.836964e-001 -1.969130e+000 2.634279e-001 4.097769e+002
8.400000e-001 9.816701e-001 9.639388e-001 9.815490e-001 9.815582e-001 -1.965455e+000 3.062819e-001 3.711091e+002
8.500000e-001 9.804893e-001 9.616235e-001 9.803878e-001 9.803822e-001 -1.963142e+000 3.018879e-001 3.640423e+002
8.600000e-001 9.788957e-001 9.585295e-001 9.787966e-001 9.787872e-001 -1.960222e+000 3.272237e-001 3.453459e+002
8.700000e-001 9.774807e-001 9.557788e-001 9.773721e-001 9.773596e-001 -1.957582e+000 3.401635e-001 3.359494e+002
8.800000e-001 9.755927e-001 9.521337e-001 9.754576e-001 9.754590e-001 -1.954370e+000 3.575419e-001 3.109341e+002
8.900000e-001 9.735650e-001 9.482419e-001 9.734062e-001 9.734487e-001 -1.950866e+000 3.901084e-001 2.922061e+002
9.000000e-001 9.706233e-001 9.425771e-001 9.704568e-001 9.704503e-001 -1.945538e+000 4.376246e-001 2.775753e+002
9.100000e-001 9.683207e-001 9.381122e-001 9.681956e-001 9.681656e-001 -1.941094e+000 4.275390e-001 2.712941e+002
9.200000e-001 9.653928e-001 9.324849e-001 9.651607e-001 9.652087e-001 -1.936364e+000 4.376624e-001 2.535219e+002
9.300000e-001 9.634844e-001 9.288317e-001 9.632443e-001 9.632806e-001 -1.932557e+000 4.632132e-001 2.538455e+002
9.400000e-001 9.594856e-001 9.213032e-001 9.592750e-001 9.592124e-001 -1.926423e+000 5.478044e-001 2.254237e+002
9.500000e-001 9.564233e-001 9.154694e-001 9.560701e-001 9.561486e-001 -1.921179e+000 5.567714e-001 2.169024e+002
9.600000e-001 9.531977e-001 9.094296e-001 9.529146e-001 9.528546e-001 -1.915788e+000 6.033017e-001 2.033655e+002
9.700000e-001 9.511815e-001 9.055779e-001 9.509323e-001 9.508650e-001 -1.912170e+000 5.895066e-001 1.992736e+002
9.800000e-001 9.439514e-001 8.921065e-001 9.435448e-001 9.436259e-001 -1.899485e+000 7.473757e-001 1.832615e+002
9.900000e-001 9.417121e-001 8.878059e-001 9.412852e-001 9.412806e-001 -1.895996e+000 6.666722e-001 1.799472e+002
1.000000e+000 9.339511e-001 8.734917e-001 9.335078e-001 9.335030e-001 -1.883207e+000 7.814817e-001 1.640468e+002
1.010000e+000 9.321022e-001 8.701493e-001 9.316357e-001 9.316822e-001 -1.880740e+000 8.075153e-001 1.573976e+002
1.020000e+000 9.260335e-001 8.590504e-001 9.256807e-001 9.255857e-001 -1.870823e+000 8.894507e-001 1.489118e+002
1.030000e+000 9.208789e-001 8.496949e-001 9.203411e-001 9.202977e-001 -1.862508e+000 9.317836e-001 1.420965e+002
1.040000e+000 9.148070e-001 8.386620e-001 9.140727e-001 9.141451e-001 -1.852330e+000 9.928038e-001 1.357112e+002
1.050000e+000 9.081353e-001 8.266106e-001 9.074026e-001 9.073797e-001 -1.841991e+000 9.950024e-001 1.285569e+002
1.060000e+000 9.043526e-001 8.201119e-001 9.032583e-001 9.036518e-001 -1.835513e+000 1.116446e+000 1.242003e+002
1.070000e+000 8.924876e-001 7.991807e-001 8.913422e-001 8.917504e-001 -1.818689e+000 1.226215e+000 1.107986e+002
1.080000e+000 8.854614e-001 7.869227e-001 8.843091e-001 8.845691e-001 -1.807353e+000 1.303991e+000 1.072651e+002
1.090000e+000 8.763432e-001 7.713337e-001 8.750872e-001 8.753887e-001 -1.795846e+000 1.320186e+000 9.603868e+001
1.100000e+000 8.669632e-001 7.554768e-001 8.657747e-001 8.661671e-001 -1.782222e+000 1.446087e+000 9.023585e+001
1.110000e+000 8.565041e-001 7.378250e-001 8.547156e-001 8.553391e-001 -1.767072e+000 1.592476e+000 8.685551e+001
1.120000e+000 8.421618e-001 7.141130e-001 8.403911e-001 8.412220e-001 -1.748004e+000 1.666175e+000 7.825342e+001
1.130000e+000 8.257034e-001 6.883997e-001 8.229659e-001 8.248051e-001 -1.726128e+000 1.999243e+000 6.943008e+001
1.140000e+000 8.150077e-001 6.709913e-001 8.120461e-001 8.136770e-001 -1.709258e+000 1.963358e+000 6.785745e+001
1.150000e+000 8.014655e-001 6.498959e-001 7.985117e-001 8.004174e-001 -1.694777e+000 2.023023e+000 6.198795e+001
1.160000e+000 7.694247e-001 6.044512e-001 7.652508e-001 7.693505e-001 -1.655934e+000 2.750164e+000 5.118524e+001
1.170000e+000 7.516107e-001 5.790813e-001 7.460469e-001 7.516878e-001 -1.635303e+000 2.928254e+000 4.751866e+001
1.180000e+000 7.026897e-001 5.163151e-001 6.946635e-001 7.052270e-001 -1.585099e+000 3.984412e+000 3.719556e+001
1.190000e+000 6.711213e-001 4.769610e-001 6.620185e-001 6.740245e-001 -1.549589e+000 4.358497e+000 3.310897e+001
1.200000e+000 6.363081e-001 4.341347e-001 6.252273e-001 6.414846e-001 -1.512919e+000 4.630558e+000 2.909484e+001
1.210000e+000 5.756421e-001 3.742868e-001 5.613568e-001 5.846246e-001 -1.454075e+000 6.368697e+000 2.414851e+001
1.220000e+000 5.210601e-001 3.205515e-001 5.028065e-001 5.317997e-001 -1.398306e+000 7.021364e+000 2.088202e+001
1.230000e+000 3.838426e-001 2.040943e-001 3.572721e-001 4.051982e-001 -1.273699e+000 7.952719e+000 1.435947e+001
1.240000e+000 3.421728e-001 1.689393e-001 3.125612e-001 3.630634e-001 -1.223153e+000 7.489617e+000 1.315272e+001
1.250000e+000 3.052444e-001 1.385736e-001 2.732771e-001 3.322212e-001 -1.190315e+000 6.429282e+000 1.174432e+001
1.260000e+000 2.017487e-001 7.318749e-002 1.648487e-001 2.295879e-001 -1.079649e+000 5.253122e+000 8.826303e+000
1.270000e+000 1.778917e-001 5.686005e-002 1.415786e-001 2.040262e-001 -1.044749e+000 4.878675e+000 8.175467e+000
1.280000e+000 1.395618e-001 3.747484e-002 1.005495e-001 1.661910e-001 -1.000799e+000 3.580776e+000 7.037517e+000
1.290000e+000 1.222932e-001 3.176412e-002 9.056875e-002 1.460669e-001 -9.685206e-001 4.009957e+000 6.586357e+000
1.300000e+000 9.553100e-002 1.687315e-002 5.512240e-002 1.224757e-001 -9.448854e-001 2.209748e+000 5.584296e+000
1.310000e+000 8.328649e-002 1.352971e-002 4.748828e-002 1.068720e-001 -9.124279e-001 2.255260e+000 5.188509e+000
1.320000e+000 7.732004e-002 1.128828e-002 4.077135e-002 9.874193e-002 -8.909883e-001 1.822818e+000 5.127427e+000
1.330000e+000 6.837423e-002 8.217245e-003 3.216510e-002 8.749401e-002 -8.810112e-001 1.712724e+000 4.769444e+000
1.340000e+000 6.070676e-002 7.067953e-003 2.616380e-002 7.717487e-002 -8.585753e-001 1.706418e+000 4.577149e+000
1.350000e+000 5.298630e-002 5.257739e-003 1.803229e-002 6.538125e-002 -8.263854e-001 1.460661e+000 4.283837e+000
1.360000e+000 4.779247e-002 4.297895e-003 1.083906e-002 5.556771e-002 -8.172888e-001 1.249897e+000 4.053829e+000
1.370000e+000 4.576221e-002 3.583131e-003 1.691953e-002 5.823516e-002 -8.157846e-001 1.227911e+000 3.936291e+000
1.380000e+000 4.832873e-002 4.197357e-003 1.283307e-002 5.927982e-002 -8.098005e-001 1.216836e+000 4.149367e+000
1.390000e+000 4.059291e-002 3.077953e-003 1.265260e-002 4.610143e-002 -7.782625e-001 1.079706e+000 3.834419e+000
1.400000e+000 4.080749e-002 3.078502e-003 1.157292e-002 4.706719e-002 -7.728870e-001 1.302678e+000 3.865409e+000
1.410000e+000 3.544807e-002 2.445769e-003 6.884375e-003 4.286276e-002 -7.558896e-001 1.106031e+000 3.597934e+000
1.420000e+000 3.613674e-002 2.281067e-003 8.621094e-003 4.356693e-002 -7.520940e-001 1.150641e+000 3.612717e+000
1.430000e+000 3.509946e-002 2.166826e-003 7.995052e-003 3.731445e-002 -7.478638e-001 1.083114e+000 3.640274e+000
1.440000e+000 3.304852e-002 1.974410e-003 1.983854e-003 3.552773e-002 -7.357031e-001 1.203728e+000 3.518529e+000
1.450000e+000 3.318157e-002 1.815526e-003 1.263542e-002 3.320482e-002 -7.132701e-001 9.625774e-001 3.726634e+000
1.460000e+000 3.006259e-002 1.579369e-003 3.466667e-003 3.206641e-002 -7.083622e-001 9.007052e-001 3.485227e+000
1.470000e+000 2.909577e-002 1.435667e-003 7.225000e-003 3.217044e-002 -7.033818e-001 8.137860e-001 3.321378e+000
1.480000e+000 2.837713e-002 1.383117e-003 4.777604e-003 2.892878e-002 -6.869695e-001 8.658863e-001 3.391392e+000
1.490000e+000 2.796042e-002 1.409880e-003 2.451302e-003 2.929818e-002 -6.833109e-001 9.509904e-001 3.462114e+000
1.500000e+000 2.466534e-002 1.044391e-003 1.203646e-003 2.290937e-002 -6.664169e-001 8.502696e-001 3.209192e+000
1.510000e+000 2.225865e-002 8.421647e-004 -1.611198e-003 2.102513e-002 -6.488831e-001 7.342903e-001 3.028412e+000
1.520000e+000 2.257334e-002 8.720074e-004 -4.807552e-003 2.103932e-002 -6.483615e-001 6.731782e-001 3.084901e+000
1.530000e+000 2.236830e-002 8.509155e-004 4.015365e-003 1.956771e-002 -6.450245e-001 6.308919e-001 3.098933e+000
1.540000e+000 2.439353e-002 1.085690e-003 2.558594e-003 2.222396e-002 -6.558385e-001 7.655089e-001 3.275985e+000
1.550000e+000 2.218595e-002 8.310585e-004 -1.628646e-003 1.925339e-002 -6.307674e-001 5.607158e-001 3.233436e+000
1.560000e+000 2.182114e-002 8.306597e-004 4.429948e-003 1.702917e-002 -6.252724e-001 7.012855e-001 3.242515e+000
1.570000e+000 2.004612e-002 6.605804e-004 2.869010e-003 1.623112e-002 -6.138802e-001 8.095344e-001 2.967452e+000
1.580000e+000 2.075464e-002 7.003951e-004 3.280469e-003 1.608945e-002 -5.991935e-001 7.524305e-001 3.227377e+000
1.590000e+000 1.768264e-002 5.337083e-004 4.377604e-004 1.092435e-002 -5.924617e-001 5.433188e-001 2.872921e+000
1.600000e+000 1.701850e-002 4.904522e-004 -7.953125e-004 1.113073e-002 -5.810427e-001 5.639157e-001 2.876351e+000
1.610000e+000 1.969441e-002 6.650967e-004 2.208594e-003 1.847930e-002 -5.882406e-001 6.232909e-001 3.111740e+000
1.620000e+000 1.946805e-002 6.449572e-004 -2.312760e-003 1.345143e-002 -5.790995e-001 6.179365e-001 3.161493e+000
1.630000e+000 1.839754e-002 5.396483e-004 4.145052e-003 1.039701e-002 -5.787729e-001 5.477358e-001 3.029187e+000
1.640000e+000 1.666508e-002 4.725463e-004 -3.003385e-003 8.392057e-003 -5.556966e-001 5.040518e-001 3.011043e+000
1.650000e+000 1.727323e-002 5.123729e-004 9.531250e-004 9.733854e-003 -5.597180e-001 6.968945e-001 3.017640e+000
1.660000e+000 1.581918e-002 4.681011e-004 -4.594792e-003 7.621484e-003 -5.393612e-001 5.729311e-001 2.900939e+000
1.670000e+000 1.573227e-002 4.148369e-004 -4.433854e-003 8.631120e-003 -5.438865e-001 5.326482e-001 2.874388e+000
1.680000e+000 1.620275e-002 4.496944e-004 -1.631771e-003 1.485781e-002 -5.483240e-001 5.641010e-001 2.970715e+000
1.690000e+000 1.550211e-002 3.819850e-004 -7.682292e-005 7.382292e-003 -5.393029e-001 5.359809e-001 2.803044e+000
1.700000e+000 1.488236e-002 3.734827e-004 -5.105469e-003 3.379818e-003 -5.446224e-001 4.548718e-001 2.826900e+000
1.710000e+000 1.539837e-002 3.976508e-004 1.206510e-003 1.091380e-002 -5.265339e-001 3.780213e-001 2.910776e+000
1.720000e+000 1.564229e-002 3.873428e-004 1.079948e-003 8.760937e-003 -5.152409e-001 4.361268e-001 3.062001e+000
1.730000e+000 1.440139e-002 3.649408e-004 -2.431510e-003 8.739323e-003 -5.295581e-001 5.344378e-001 2.627660e+000
1.740000e+000 1.490335e-002 3.718310e-004 -3.916667e-004 8.066016e-003 -5.219961e-001 4.063991e-001 2.899183e+000
1.750000e+000 1.479713e-002 3.758141e-004 3.582292e-003 1.173620e-002 -5.223068e-001 4.031006e-001 2.863913e+000
1.760000e+000 1.558587e-002 3.976946e-004 1.369792e-004 9.348307e-003 -5.170380e-001 4.477866e-001 3.010917e+000
1.770000e+000 1.440259e-002 3.548602e-004 3.352344e-003 4.656380e-003 -4.988060e-001 3.534622e-001 3.034645e+000
1.780000e+000 1.469201e-002 3.564184e-004 3.833594e-003 5.934375e-003 -4.862846e-001 3.542377e-001 3.104249e+000
1.790000e+000 1.420660e-002 3.275580e-004 3.035417e-003 6.165234e-003 -5.037581e-001 4.478496e-001 2.879181e+000
1.800000e+000 1.352628e-002 3.007864e-004 -1.454427e-003 8.410807e-003 -4.962185e-001 4.341862e-001 2.834964e+000
1.810000e+000 1.382861e-002 3.153695e-004 3.809635e-003 4.574479e-003 -5.068771e-001 3.043953e-001 2.716462e+000
1.820000e+000 1.334717e-002 3.065943e-004 1.885156e-003 3.597917e-003 -4.857284e-001 3.691854e-001 2.876676e+000
1.830000e+000 1.236626e-002 2.622144e-004 3.919531e-003 9.089193e-003 -4.768169e-001 4.026772e-001 2.610733e+000
1.840000e+000 1.240338e-002 2.465826e-004 2.638542e-003 2.336589e-003 -4.694552e-001 3.952255e-001 2.740199e+000
1.850000e+000 1.255729e-002 2.542004e-004 -3.621615e-003 2.041276e-003 -4.685521e-001 3.728850e-001 2.812090e+000
1.860000e+000 1.162124e-002 2.295745e-004 -1.412760e-003 1.617969e-003 -4.733906e-001 3.298864e-001 2.545799e+000
1.870000e+000 1.235157e-002 2.529899e-004 -2.000000e-004 -1.793359e-003 -4.550818e-001 3.784726e-001 2.951284e+000
1.880000e+000 1.276899e-002 2.584910e-004 -3.243229e-003 1.970833e-003 -4.573138e-001 4.119398e-001 2.884803e+000
1.890000e+000 1.175024e-002 2.318473e-004 6.231771e-004 2.508203e-003 -4.574122e-001 3.717463e-001 2.627566e+000
1.900000e+000 1.036264e-002 1.778623e-004 -1.505208e-004 4.060807e-003 -4.398872e-001 2.894184e-001 2.473610e+000
1.910000e+000 1.275408e-002 2.745126e-004 6.348958e-004 3.905208e-003 -4.586081e-001 2.521304e-001 2.878962e+000
1.920000e+000 1.077692e-002 1.899773e-004 -3.041406e-003 2.949870e-003 -4.506747e-001 4.055542e-001 2.453005e+000
1.930000e+000 1.317685e-002 2.781209e-004 3.399479e-003 3.810547e-003 -4.676167e-001 3.116121e-001 2.914135e+000
1.940000e+000 1.273904e-002 2.667615e-004 4.989844e-003 2.396224e-003 -4.349870e-001 3.669968e-001 3.064759e+000
1.950000e+000 1.249947e-002 2.631315e-004 7.751562e-003 8.279948e-004 -4.498562e-001 2.691274e-001 2.942753e+000
1.960000e+000 1.088153e-002 1.963722e-004 1.418490e-003 4.048698e-003 -4.463422e-001 2.761628e-001 2.521923e+000
1.970000e+000 1.113073e-002 1.967226e-004 -3.466146e-003 5.827995e-003 -4.205914e-001 2.833754e-001 2.798032e+000
1.980000e+000 1.073475e-002 2.052603e-004 -4.172656e-003 4.100651e-003 -4.222326e-001 3.348068e-001 2.688061e+000
1.990000e+000 1.098564e-002 1.919871e-004 9.049479e-004 3.794792e-003 -4.360005e-001 3.383876e-001 2.666889e+000
2.000000e+000 1.079963e-002 1.978592e-004 -1.304948e-003 -1.229167e-004 -4.184359e-001 2.859738e-001 2.832732e+000
