# Temperature Magnetization2 Magnetization4 Correlation2 Correlation4 Energy Energy2 HeatCapacity CorrelationLength
0.000000e+000 1.000000e+000 1.000000e+000 1.000000e+000 1.000000e+000 -2.000000e+000 -1.#IND00e+000 6.575305e+016
1.000000e-002 1.000000e+000 1.000000e+000 1.000000e+000 1.000000e+000 -2.000000e+000 0.000000e+000 6.575305e+016
2.000000e-002 1.000000e+000 1.000000e+000 1.000000e+000 1.000000e+000 -2.000000e+000 0.000000e+000 6.575305e+016
3.000000e-002 1.000000e+000 1.000000e+000 1.000000e+000 1.000000e+000 -2.000000e+000 0.000000e+000 6.575305e+016
4.000000e-002 1.000000e+000 1.000000e+000 1.000000e+000 1.000000e+000 -2.000000e+000 0.000000e+000 6.575305e+016
5.000000e-002 1.000000e+000 1.000000e+000 1.000000e+000 1.000000e+000 -2.000000e+000 0.000000e+000 6.575305e+016
6.000000e-002 1.000000e+000 1.000000e+000 1.000000e+000 1.000000e+000 -2.000000e+000 0.000000e+000 6.575305e+016
7.000000e-002 1.000000e+000 1.000000e+000 1.000000e+000 1.000000e+000 -2.000000e+000 0.000000e+000 6.575305e+016
8.000000e-002 1.000000e+000 1.000000e+000 1.000000e+000 1.000000e+000 -2.000000e+000 0.000000e+000 6.575305e+016
9.000000e-002 1.000000e+000 1.000000e+000 1.000000e+000 1.000000e+000 -2.000000e+000 0.000000e+000 6.575305e+016
1.000000e-001 1.000000e+000 1.000000e+000 1.000000e+000 1.000000e+000 -2.000000e+000 0.000000e+000 6.575305e+016
1.100000e-001 1.000000e+000 1.000000e+000 1.000000e+000 1.000000e+000 -2.000000e+000 0.000000e+000 6.575305e+016
1.200000e-001 1.000000e+000 1.000000e+000 1.000000e+000 1.000000e+000 -2.000000e+000 0.000000e+000 6.575305e+016
1.300000e-001 1.000000e+000 1.000000e+000 1.000000e+000 1.000000e+000 -2.000000e+000 0.000000e+000 6.575305e+016
1.400000e-001 1.000000e+000 1.000000e+000 1.000000e+000 1.000000e+000 -2.000000e+000 0.000000e+000 6.575305e+016
1.500000e-001 1.000000e+000 1.000000e+000 1.000000e+000 1.000000e+000 -2.000000e+000 0.000000e+000 6.575305e+016
1.600000e-001 1.000000e+000 1.000000e+000 1.000000e+000 1.000000e+000 -2.000000e+000 0.000000e+000 6.575305e+016
1.700000e-001 1.000000e+000 1.000000e+000 1.000000e+000 1.000000e+000 -2.000000e+000 0.000000e+000 6.575305e+016
1.800000e-001 1.000000e+000 1.000000e+000 1.000000e+000 1.000000e+000 -2.000000e+000 0.000000e+000 6.575305e+016
1.900000e-001 1.000000e+000 1.000000e+000 1.000000e+000 1.000000e+000 -2.000000e+000 0.000000e+000 6.575305e+016
2.000000e-001 1.000000e+000 1.000000e+000 1.000000e+000 1.000000e+000 -2.000000e+000 0.000000e+000 6.575305e+016
2.100000e-001 1.000000e+000 1.000000e+000 1.000000e+000 1.000000e+000 -2.000000e+000 0.000000e+000 6.575305e+016
2.200000e-001 1.000000e+000 1.000000e+000 1.000000e+000 1.000000e+000 -2.000000e+000 0.000000e+000 6.575305e+016
2.300000e-001 1.000000e+000 1.000000e+000 1.000000e+000 1.000000e+000 -2.000000e+000 0.000000e+000 6.575305e+016
2.400000e-001 1.000000e+000 1.000000e+000 1.000000e+000 1.000000e+000 -2.000000e+000 0.000000e+000 6.575305e+016
2.500000e-001 1.000000e+000 1.000000e+000 1.000000e+000 1.000000e+000 -2.000000e+000 0.000000e+000 6.575305e+016
2.600000e-001 1.000000e+000 1.000000e+000 1.000000e+000 1.000000e+000 -2.000000e+000 0.000000e+000 6.575305e+016
2.700000e-001 1.000000e+000 1.000000e+000 1.000000e+000 1.000000e+000 -2.000000e+000 0.000000e+000 6.575305e+016
2.800000e-001 1.000000e+000 1.000000e+000 1.000000e+000 1.000000e+000 -2.000000e+000 0.000000e+000 6.575305e+016
2.900000e-001 1.000000e+000 1.000000e+000 1.000000e+000 1.000000e+000 -2.000000e+000 0.000000e+000 6.575305e+016
3.000000e-001 1.000000e+000 1.000000e+000 1.000000e+000 1.000000e+000 -2.000000e+000 0.000000e+000 6.575305e+016
3.100000e-001 1.000000e+000 1.000000e+000 1.000000e+000 1.000000e+000 -2.000000e+000 0.000000e+000 6.575305e+016
3.200000e-001 1.000000e+000 1.000000e+000 1.000000e+000 1.000000e+000 -2.000000e+000 0.000000e+000 6.575305e+016
3.300000e-001 1.000000e+000 1.000000e+000 1.000000e+000 1.000000e+000 -2.000000e+000 0.000000e+000 6.575305e+016
3.400000e-001 1.000000e+000 1.000000e+000 1.000000e+000 1.000000e+000 -2.000000e+000 0.000000e+000 6.575305e+016
3.500000e-001 1.000000e+000 1.000000e+000 1.000000e+000 1.000000e+000 -2.000000e+000 0.000000e+000 6.575305e+016
3.600000e-001 1.000000e+000 1.000000e+000 1.000000e+000 1.000000e+000 -2.000000e+000 0.000000e+000 6.575305e+016
3.700000e-001 1.000000e+000 1.000000e+000 1.000000e+000 1.000000e+000 -2.000000e+000 0.000000e+000 6.575305e+016
3.800000e-001 1.000000e+000 1.000000e+000 1.000000e+000 1.000000e+000 -2.000000e+000 0.000000e+000 6.575305e+016
3.900000e-001 9.999818e-001 9.999639e-001 9.999818e-001 9.999818e-001 -1.999964e+000 1.276162e-003 1.358257e+004
4.000000e-001 9.999917e-001 9.999835e-001 9.999917e-001 9.999917e-001 -1.999983e+000 5.551111e-004 2.008899e+004
4.100000e-001 9.999725e-001 9.999453e-001 9.999724e-001 9.999724e-001 -1.999945e+000 1.746961e-003 1.103763e+004
4.200000e-001 9.999735e-001 9.999474e-001 9.999734e-001 9.999734e-001 -1.999947e+000 1.602102e-003 1.125198e+004
4.300000e-001 9.999834e-001 9.999670e-001 9.999833e-001 9.999833e-001 -1.999967e+000 9.599423e-004 1.420500e+004
4.400000e-001 9.999720e-001 9.999443e-001 9.999719e-001 9.999719e-001 -1.999944e+000 1.545403e-003 1.093495e+004
4.500000e-001 9.999611e-001 9.999226e-001 9.999609e-001 9.999609e-001 -1.999922e+000 2.049897e-003 9.278564e+003
4.600000e-001 9.999346e-001 9.998699e-001 9.999344e-001 9.999344e-001 -1.999869e+000 3.287287e-003 7.158473e+003
4.700000e-001 9.998630e-001 9.997275e-001 9.998625e-001 9.998625e-001 -1.999726e+000 6.565101e-003 4.909599e+003
4.800000e-001 9.998750e-001 9.997512e-001 9.998745e-001 9.998745e-001 -1.999749e+000 5.741125e-003 5.175879e+003
4.900000e-001 9.997780e-001 9.995582e-001 9.997771e-001 9.997771e-001 -1.999554e+000 9.691351e-003 3.883736e+003
5.000000e-001 9.997894e-001 9.995809e-001 9.997885e-001 9.997885e-001 -1.999578e+000 8.845077e-003 3.978180e+003
5.100000e-001 9.997842e-001 9.995708e-001 9.997833e-001 9.997833e-001 -1.999567e+000 9.324744e-003 3.896777e+003
5.200000e-001 9.997992e-001 9.996005e-001 9.997984e-001 9.997984e-001 -1.999597e+000 7.797328e-003 4.084329e+003
5.300000e-001 9.996467e-001 9.992974e-001 9.996453e-001 9.996453e-001 -1.999291e+000 1.380111e-002 3.104542e+003
5.400000e-001 9.996784e-001 9.993604e-001 9.996771e-001 9.996771e-001 -1.999355e+000 1.214262e-002 3.183782e+003
5.500000e-001 9.995659e-001 9.991365e-001 9.995641e-001 9.995641e-001 -1.999138e+000 1.501400e-002 2.716754e+003
5.600000e-001 9.994357e-001 9.988778e-001 9.994333e-001 9.994333e-001 -1.998878e+000 1.921181e-002 2.374114e+003
5.700000e-001 9.992800e-001 9.985677e-001 9.992771e-001 9.992771e-001 -1.998557e+000 2.290054e-002 2.156170e+003
5.800000e-001 9.992072e-001 9.984241e-001 9.992042e-001 9.992036e-001 -1.998441e+000 2.568122e-002 1.969676e+003
5.900000e-001 9.990547e-001 9.981207e-001 9.990505e-001 9.990505e-001 -1.998122e+000 2.945290e-002 1.824048e+003
6.000000e-001 9.988879e-001 9.977897e-001 9.988828e-001 9.988828e-001 -1.997817e+000 3.378756e-002 1.664592e+003
6.100000e-001 9.985621e-001 9.971417e-001 9.985557e-001 9.985557e-001 -1.997145e+000 4.091617e-002 1.494203e+003
6.200000e-001 9.982125e-001 9.964479e-001 9.982042e-001 9.982052e-001 -1.996496e+000 4.829930e-002 1.296165e+003
6.300000e-001 9.980546e-001 9.961353e-001 9.980458e-001 9.980487e-001 -1.996170e+000 5.411493e-002 1.247986e+003
6.400000e-001 9.976862e-001 9.954040e-001 9.976750e-001 9.976762e-001 -1.995440e+000 6.242751e-002 1.156315e+003
6.500000e-001 9.976875e-001 9.954076e-001 9.976807e-001 9.976792e-001 -1.995433e+000 6.244283e-002 1.154888e+003
6.600000e-001 9.973507e-001 9.947370e-001 9.973383e-001 9.973388e-001 -1.994775e+000 6.377124e-002 1.089068e+003
6.700000e-001 9.970767e-001 9.941954e-001 9.970630e-001 9.970754e-001 -1.994272e+000 7.066285e-002 1.012173e+003
6.800000e-001 9.965012e-001 9.930539e-001 9.964849e-001 9.964897e-001 -1.993144e+000 8.058431e-002 9.282906e+002
6.900000e-001 9.960278e-001 9.921208e-001 9.960125e-001 9.960099e-001 -1.992245e+000 9.743777e-002 8.684793e+002
7.000000e-001 9.957589e-001 9.915853e-001 9.957378e-001 9.957517e-001 -1.991703e+000 9.491994e-002 8.439342e+002
7.100000e-001 9.951216e-001 9.903254e-001 9.950964e-001 9.950943e-001 -1.990514e+000 1.081893e-001 7.803777e+002
7.200000e-001 9.942388e-001 9.885810e-001 9.942091e-001 9.942077e-001 -1.988842e+000 1.229092e-001 7.098555e+002
7.300000e-001 9.939470e-001 9.880051e-001 9.939130e-001 9.939217e-001 -1.988288e+000 1.269987e-001 6.944150e+002
7.400000e-001 9.930060e-001 9.861507e-001 9.929656e-001 9.929780e-001 -1.986410e+000 1.475308e-001 6.507488e+002
7.500000e-001 9.920479e-001 9.842554e-001 9.920044e-001 9.920113e-001 -1.984687e+000 1.510774e-001 5.955035e+002
7.600000e-001 9.915763e-001 9.833209e-001 9.915378e-001 9.915375e-001 -1.983645e+000 1.534115e-001 5.864049e+002
7.700000e-001 9.905105e-001 9.812339e-001 9.904581e-001 9.904716e-001 -1.981730e+000 1.814919e-001 5.457810e+002
7.800000e-001 9.898506e-001 9.799254e-001 9.897969e-001 9.897965e-001 -1.980371e+000 1.794381e-001 5.296865e+002
7.900000e-001 9.879868e-001 9.762811e-001 9.879740e-001 9.879161e-001 -1.977153e+000 2.211757e-001 4.658727e+002
8.000000e-001 9.880768e-001 9.764470e-001 9.880271e-001 9.880233e-001 -1.977068e+000 2.104359e-001 4.867919e+002
8.100000e-001 9.856377e-001 9.716782e-001 9.855547e-001 9.855723e-001 -1.972639e+000 2.571147e-001 4.272665e+002
8.200000e-001 9.854710e-001 9.713482e-001 9.853938e-001 9.854126e-001 -1.972355e+000 2.424136e-001 4.218048e+002
8.300000e-001 9.832013e-001 9.669179e-001 9.830904e-001 9.830908e-001 -1.968236e+000 2.659634e-001 3.835769e+002
8.400000e-001 9.827607e-001 9.660614e-001 9.826393e-001 9.826796e-001 -1.967382e+000 2.874314e-001 3.857140e+002
8.500000e-001 9.807746e-001 9.621833e-001 9.806924e-001 9.806715e-001 -1.963763e+000 2.989229e-001 3.650214e+002
8.600000e-001 9.791053e-001 9.589425e-001 9.790247e-001 9.790138e-001 -1.960592e+000 3.316610e-001 3.512034e+002
8.700000e-001 9.772082e-001 9.552653e-001 9.771411e-001 9.770875e-001 -1.957193e+000 3.475565e-001 3.285544e+002
8.800000e-001 9.746878e-001 9.503825e-001 9.746122e-001 9.745384e-001 -1.952473e+000 3.774561e-001 3.106362e+002
8.900000e-001 9.733465e-001 9.477935e-001 9.731701e-001 9.732266e-001 -1.950299e+000 3.926455e-001 3.004618e+002
9.000000e-001 9.697045e-001 9.408003e-001 9.695161e-001 9.695454e-001 -1.944023e+000 4.360660e-001 2.724897e+002
9.100000e-001 9.678268e-001 9.371979e-001 9.677333e-001 9.676934e-001 -1.940729e+000 4.514527e-001 2.635084e+002
9.200000e-001 9.661396e-001 9.339607e-001 9.659589e-001 9.659236e-001 -1.937577e+000 4.616934e-001 2.584264e+002
9.300000e-001 9.627191e-001 9.274337e-001 9.624344e-001 9.625007e-001 -1.931709e+000 5.037222e-001 2.412455e+002
9.400000e-001 9.593288e-001 9.209878e-001 9.590109e-001 9.590827e-001 -1.925756e+000 5.523696e-001 2.297808e+002
9.500000e-001 9.557574e-001 9.141793e-001 9.554667e-001 9.554816e-001 -1.919821e+000 5.422411e-001 2.172280e+002
9.600000e-001 9.517166e-001 9.065818e-001 9.514583e-001 9.513771e-001 -1.912814e+000 6.222308e-001 2.042013e+002
9.700000e-001 9.483298e-001 9.002317e-001 9.479661e-001 9.480195e-001 -1.907479e+000 6.407182e-001 1.920439e+002
9.800000e-001 9.442865e-001 8.927575e-001 9.438169e-001 9.439329e-001 -1.900754e+000 7.338826e-001 1.823313e+002
9.900000e-001 9.420537e-001 8.885387e-001 9.416555e-001 9.416129e-001 -1.896336e+000 7.259603e-001 1.797419e+002
1.000000e+000 9.367669e-001 8.787477e-001 9.363990e-001 9.363193e-001 -1.888264e+000 7.761737e-001 1.679968e+002
1.010000e+000 9.322519e-001 8.703906e-001 9.318318e-001 9.317482e-001 -1.880773e+000 7.835507e-001 1.606820e+002
1.020000e+000 9.252139e-001 8.574026e-001 9.247367e-001 9.247016e-001 -1.868715e+000 8.301691e-001 1.495751e+002
1.030000e+000 9.204507e-001 8.488395e-001 9.199018e-001 9.198645e-001 -1.861418e+000 9.043120e-001 1.439901e+002
1.040000e+000 9.144965e-001 8.382379e-001 9.137208e-001 9.139621e-001 -1.852547e+000 1.015758e+000 1.325748e+002
1.050000e+000 9.077912e-001 8.260197e-001 9.069404e-001 9.069799e-001 -1.841197e+000 9.859367e-001 1.283537e+002
1.060000e+000 9.015295e-001 8.149467e-001 9.005917e-001 9.008163e-001 -1.831267e+000 1.112005e+000 1.236062e+002
1.070000e+000 8.941358e-001 8.018575e-001 8.932622e-001 8.932655e-001 -1.820091e+000 1.147459e+000 1.163305e+002
1.080000e+000 8.827108e-001 7.824025e-001 8.816703e-001 8.819509e-001 -1.805106e+000 1.381146e+000 1.018211e+002
1.090000e+000 8.750398e-001 7.690484e-001 8.736482e-001 8.741686e-001 -1.792364e+000 1.411924e+000 9.900015e+001
1.100000e+000 8.686953e-001 7.584355e-001 8.673391e-001 8.677764e-001 -1.784459e+000 1.454383e+000 9.296521e+001
1.110000e+000 8.478773e-001 7.240963e-001 8.458258e-001 8.471378e-001 -1.757386e+000 1.700982e+000 7.938636e+001
1.120000e+000 8.396788e-001 7.119351e-001 8.374802e-001 8.390734e-001 -1.747874e+000 2.061302e+000 7.275777e+001
1.130000e+000 8.282414e-001 6.916878e-001 8.261794e-001 8.271595e-001 -1.727957e+000 1.877966e+000 7.183960e+001
1.140000e+000 8.082037e-001 6.609761e-001 8.050456e-001 8.076799e-001 -1.704522e+000 2.160299e+000 6.280293e+001
1.150000e+000 8.006328e-001 6.484590e-001 7.972078e-001 7.995087e-001 -1.691972e+000 2.033337e+000 6.174443e+001
1.160000e+000 7.731508e-001 6.077362e-001 7.689435e-001 7.722738e-001 -1.658174e+000 2.582492e+000 5.458518e+001
1.170000e+000 7.503657e-001 5.767224e-001 7.449714e-001 7.504932e-001 -1.632688e+000 2.933878e+000 4.696774e+001
1.180000e+000 7.206962e-001 5.374616e-001 7.138146e-001 7.223878e-001 -1.602818e+000 3.303517e+000 4.021712e+001
1.190000e+000 6.683578e-001 4.731024e-001 6.577266e-001 6.729395e-001 -1.548560e+000 4.397365e+000 3.244779e+001
1.200000e+000 6.462210e-001 4.461871e-001 6.365169e-001 6.496624e-001 -1.518979e+000 4.719146e+000 3.118821e+001
1.210000e+000 5.921597e-001 3.894732e-001 5.783828e-001 5.996849e-001 -1.469980e+000 5.828798e+000 2.520966e+001
1.220000e+000 5.066540e-001 3.133029e-001 4.870698e-001 5.188238e-001 -1.389397e+000 8.195558e+000 1.987709e+001
1.230000e+000 4.261201e-001 2.345904e-001 4.040951e-001 4.431914e-001 -1.304251e+000 7.691240e+000 1.613411e+001
1.240000e+000 3.497890e-001 1.731302e-001 3.197646e-001 3.700125e-001 -1.233059e+000 7.152233e+000 1.343565e+001
1.250000e+000 2.602840e-001 1.123041e-001 2.247109e-001 2.889837e-001 -1.144561e+000 6.820702e+000 1.040039e+001
1.260000e+000 2.405773e-001 9.704939e-002 2.066065e-001 2.685113e-001 -1.120113e+000 5.703274e+000 9.823045e+000
1.270000e+000 1.498145e-001 4.676700e-002 1.124411e-001 1.752449e-001 -1.011899e+000 4.735943e+000 7.403353e+000
1.280000e+000 1.318151e-001 3.604091e-002 9.213620e-002 1.560238e-001 -9.916977e-001 3.759246e+000 6.885667e+000
1.290000e+000 1.086850e-001 2.462857e-002 7.287865e-002 1.334893e-001 -9.648794e-001 2.996584e+000 6.058291e+000
1.300000e+000 9.380304e-002 1.825175e-002 5.290885e-002 1.190819e-001 -9.348596e-001 2.698416e+000 5.581067e+000
1.310000e+000 8.263295e-002 1.314540e-002 4.291172e-002 1.032815e-001 -9.229276e-001 1.907831e+000 5.203327e+000
1.320000e+000 8.387979e-002 1.369140e-002 4.712474e-002 1.036246e-001 -9.050151e-001 2.107693e+000 5.379927e+000
1.330000e+000 7.226894e-002 1.016879e-002 3.730755e-002 9.216341e-002 -8.910974e-001 1.954465e+000 4.870380e+000
1.340000e+000 6.890062e-002 8.929126e-003 3.240469e-002 8.814180e-002 -8.727885e-001 1.842091e+000 4.816697e+000
1.350000e+000 5.765615e-002 6.497040e-003 2.386771e-002 7.342318e-002 -8.487370e-001 1.540569e+000 4.390418e+000
1.360000e+000 4.676121e-002 4.001793e-003 1.111719e-002 6.017891e-002 -8.065937e-001 1.419442e+000 4.015069e+000
1.370000e+000 4.620152e-002 3.970471e-003 1.478802e-002 5.579492e-002 -7.980542e-001 1.375387e+000 4.002092e+000
1.380000e+000 4.346599e-002 3.342161e-003 7.595573e-003 5.417552e-002 -7.980711e-001 1.309442e+000 3.917115e+000
1.390000e+000 4.370416e-002 3.458152e-003 1.437109e-002 5.385898e-002 -7.902141e-001 1.197332e+000 3.888287e+000
1.400000e+000 3.758169e-002 2.597897e-003 8.664323e-003 4.408385e-002 -7.595219e-001 1.095783e+000 3.661951e+000
1.410000e+000 3.726985e-002 2.506415e-003 1.171172e-002 4.148919e-002 -7.612466e-001 1.164145e+000 3.749173e+000
1.420000e+000 3.412610e-002 2.158873e-003 1.006042e-002 3.622396e-002 -7.426357e-001 1.114840e+000 3.580437e+000
1.430000e+000 3.264723e-002 1.757170e-003 4.511979e-003 3.697721e-002 -7.415172e-001 8.376637e-001 3.499856e+000
1.440000e+000 3.248498e-002 1.889622e-003 7.162500e-003 3.733112e-002 -7.201315e-001 1.206380e+000 3.517638e+000
1.450000e+000 3.189157e-002 1.721494e-003 3.542708e-003 3.346146e-002 -7.308677e-001 8.417609e-001 3.521569e+000
1.460000e+000 3.066973e-002 1.665903e-003 8.845052e-003 3.310326e-002 -7.096008e-001 9.733062e-001 3.521763e+000
1.470000e+000 2.816346e-002 1.394412e-003 8.278646e-004 2.781289e-002 -6.884141e-001 1.039237e+000 3.312470e+000
1.480000e+000 2.576642e-002 1.189340e-003 3.901823e-003 2.721419e-002 -6.603266e-001 8.939589e-001 3.282876e+000
1.490000e+000 2.497736e-002 1.066153e-003 -1.026823e-003 2.326615e-002 -6.766182e-001 8.645670e-001 3.178615e+000
1.500000e+000 2.393519e-002 9.946536e-004 7.708333e-005 2.441380e-002 -6.476422e-001 1.085331e+000 3.183972e+000
1.510000e+000 2.520856e-002 1.097424e-003 3.700000e-003 2.140690e-002 -6.627198e-001 7.048200e-001 3.325742e+000
1.520000e+000 2.440147e-002 1.031659e-003 -2.316406e-003 2.346016e-002 -6.521302e-001 7.979135e-001 3.288713e+000
1.530000e+000 2.264742e-002 8.269885e-004 5.599479e-003 2.220534e-002 -6.348758e-001 7.796674e-001 3.256615e+000
1.540000e+000 2.322594e-002 9.044962e-004 -1.440885e-003 2.317904e-002 -6.321271e-001 6.357592e-001 3.227891e+000
1.550000e+000 2.215502e-002 8.111010e-004 -1.667188e-003 1.827513e-002 -6.316044e-001 5.807368e-001 3.170443e+000
1.560000e+000 2.231747e-002 8.528069e-004 -2.440104e-004 1.891107e-002 -6.296701e-001 6.840297e-001 3.236034e+000
1.570000e+000 1.954082e-002 6.582879e-004 -1.682552e-003 1.387865e-002 -6.050187e-001 5.381561e-001 3.074985e+000
1.580000e+000 1.971678e-002 6.577928e-004 1.127865e-003 1.955846e-002 -5.928109e-001 7.464026e-001 3.104866e+000
1.590000e+000 2.087302e-002 7.196329e-004 5.054427e-003 1.700326e-002 -5.997602e-001 7.627883e-001 3.120232e+000
1.600000e+000 1.893298e-002 6.009126e-004 1.546875e-003 8.668099e-003 -6.012612e-001 5.758226e-001 3.028470e+000
1.610000e+000 1.745635e-002 5.204453e-004 -8.364583e-004 1.246901e-002 -5.771594e-001 6.001478e-001 2.809229e+000
1.620000e+000 1.995787e-002 6.623509e-004 -4.273438e-004 1.720781e-002 -5.962065e-001 5.750259e-001 3.040672e+000
1.630000e+000 1.806653e-002 5.421014e-004 1.663802e-003 1.549036e-002 -5.826023e-001 4.355223e-001 2.833424e+000
1.640000e+000 1.720346e-002 5.089512e-004 3.416406e-003 9.557292e-003 -5.654005e-001 5.044987e-001 2.980994e+000
1.650000e+000 1.751892e-002 5.278540e-004 1.389844e-003 1.197201e-002 -5.616563e-001 7.057692e-001 2.966764e+000
1.660000e+000 1.757038e-002 5.353975e-004 1.036198e-003 8.195573e-003 -5.600987e-001 5.245467e-001 3.061080e+000
1.670000e+000 1.642447e-002 4.604149e-004 6.302083e-005 1.144987e-002 -5.496305e-001 4.533567e-001 2.894280e+000
1.680000e+000 1.552441e-002 3.859945e-004 2.184115e-003 7.329167e-003 -5.386034e-001 5.084151e-001 2.844769e+000
1.690000e+000 1.603573e-002 4.176771e-004 -1.679688e-003 5.877604e-003 -5.237349e-001 4.876907e-001 3.101020e+000
1.700000e+000 1.560397e-002 4.124437e-004 -2.633854e-003 7.547005e-003 -5.208276e-001 5.253763e-001 3.085707e+000
1.710000e+000 1.570067e-002 3.920566e-004 4.671094e-003 8.622917e-003 -5.270638e-001 4.881182e-001 2.924980e+000
1.720000e+000 1.576695e-002 4.082529e-004 9.949479e-003 7.598828e-003 -5.340102e-001 4.795045e-001 3.041354e+000
1.730000e+000 1.716936e-002 4.911645e-004 7.382813e-004 6.291536e-003 -5.407781e-001 4.416209e-001 3.210460e+000
1.740000e+000 1.508031e-002 3.712278e-004 5.649740e-003 5.938802e-003 -5.184398e-001 4.358955e-001 2.871008e+000
1.750000e+000 1.376644e-002 3.348274e-004 -1.103125e-003 1.194922e-002 -4.912031e-001 5.262201e-001 2.894087e+000
1.760000e+000 1.524680e-002 4.017503e-004 -5.517448e-003 1.139661e-002 -4.984190e-001 4.654610e-001 3.163178e+000
1.770000e+000 1.568308e-002 3.953116e-004 3.854167e-005 7.580078e-003 -5.026875e-001 3.849255e-001 3.235435e+000
1.780000e+000 1.478168e-002 3.689949e-004 2.573177e-003 7.777604e-003 -5.057570e-001 4.917987e-001 2.904959e+000
1.790000e+000 1.527317e-002 3.986361e-004 3.400260e-003 4.549089e-003 -5.011596e-001 3.778522e-001 3.158097e+000
1.800000e+000 1.230105e-002 2.401113e-004 9.187500e-004 3.299740e-003 -4.839177e-001 3.947511e-001 2.683937e+000
1.810000e+000 1.365903e-002 3.367463e-004 -4.015885e-003 8.503516e-003 -4.885286e-001 4.089867e-001 2.799674e+000
1.820000e+000 1.391286e-002 3.184940e-004 5.988281e-003 2.745312e-003 -4.863815e-001 3.755273e-001 3.032700e+000
1.830000e+000 1.444598e-002 3.431089e-004 1.303646e-003 7.425391e-003 -4.798617e-001 3.873225e-001 2.961653e+000
1.840000e+000 1.269371e-002 2.715120e-004 -3.217969e-003 7.013021e-004 -4.837021e-001 4.446826e-001 2.729170e+000
1.850000e+000 1.187147e-002 2.342593e-004 -3.041146e-003 2.911198e-003 -4.563247e-001 3.462808e-001 2.744343e+000
1.860000e+000 1.205198e-002 2.383930e-004 -6.171354e-003 4.658854e-004 -4.677451e-001 3.915578e-001 2.677433e+000
1.870000e+000 1.157193e-002 2.276082e-004 5.077344e-003 5.444661e-003 -4.655315e-001 3.453817e-001 2.566218e+000
1.880000e+000 1.154604e-002 2.250269e-004 -6.754948e-003 2.156380e-003 -4.663560e-001 3.290861e-001 2.552249e+000
1.890000e+000 1.304760e-002 2.939164e-004 3.980208e-003 6.517969e-003 -4.599484e-001 2.911831e-001 3.065345e+000
1.900000e+000 1.351069e-002 3.145704e-004 -6.841146e-004 4.149870e-003 -4.605505e-001 3.044962e-001 3.152078e+000
1.910000e+000 1.170407e-002 2.395184e-004 -3.614323e-003 3.150000e-003 -4.460221e-001 3.405746e-001 2.786788e+000
1.920000e+000 1.186352e-002 2.393601e-004 -9.792708e-003 5.507812e-003 -4.405143e-001 3.636559e-001 2.946969e+000
1.930000e+000 1.264052e-002 2.879275e-004 2.131510e-003 7.382813e-003 -4.488474e-001 3.661621e-001 2.816667e+000
1.940000e+000 1.082271e-002 1.939217e-004 -2.122396e-004 -1.019141e-003 -4.433385e-001 3.393498e-001 2.568181e+000
1.950000e+000 1.137766e-002 2.097335e-004 1.136719e-003 2.095833e-003 -4.573443e-001 2.596100e-001 2.803067e+000
1.960000e+000 1.084647e-002 1.995361e-004 -9.382813e-004 2.755339e-003 -4.229727e-001 2.690134e-001 2.820225e+000
1.970000e+000 1.258021e-002 2.541850e-004 -2.242708e-003 5.017708e-003 -4.367130e-001 2.939896e-001 3.012490e+000
1.980000e+000 1.106557e-002 1.924757e-004 -5.065885e-003 6.097526e-003 -4.369073e-001 2.298470e-001 2.732976e+000
1.990000e+000 1.164769e-002 2.209817e-004 -7.925781e-003 -1.161589e-003 -4.362128e-001 2.259891e-001 2.844642e+000
2.000000e+000 1.212260e-002 2.329582e-004 -3.203385e-003 -1.434505e-003 -4.460094e-001 3.014116e-001 3.025293e+000
