# Temperature Magnetization2 Magnetization4 Correlation2 Correlation4 Energy Energy2 HeatCapacity CorrelationLength
0.000000e+000 1.000000e+000 1.000000e+000 1.000000e+000 1.000000e+000 -2.000000e+000 -1.#IND00e+000 6.575305e+016
1.000000e-002 1.000000e+000 1.000000e+000 1.000000e+000 1.000000e+000 -2.000000e+000 0.000000e+000 6.575305e+016
2.000000e-002 1.000000e+000 1.000000e+000 1.000000e+000 1.000000e+000 -2.000000e+000 0.000000e+000 6.575305e+016
3.000000e-002 1.000000e+000 1.000000e+000 1.000000e+000 1.000000e+000 -2.000000e+000 0.000000e+000 6.575305e+016
4.000000e-002 1.000000e+000 1.000000e+000 1.000000e+000 1.000000e+000 -2.000000e+000 0.000000e+000 6.575305e+016
5.000000e-002 1.000000e+000 1.000000e+000 1.000000e+000 1.000000e+000 -2.000000e+000 0.000000e+000 6.575305e+016
6.000000e-002 1.000000e+000 1.000000e+000 1.000000e+000 1.000000e+000 -2.000000e+000 0.000000e+000 6.575305e+016
7.000000e-002 1.000000e+000 1.000000e+000 1.000000e+000 1.000000e+000 -2.000000e+000 0.000000e+000 6.575305e+016
8.000000e-002 1.000000e+000 1.000000e+000 1.000000e+000 1.000000e+000 -2.000000e+000 0.000000e+000 6.575305e+016
9.000000e-002 1.000000e+000 1.000000e+000 1.000000e+000 1.000000e+000 -2.000000e+000 0.000000e+000 6.575305e+016
1.000000e-001 1.000000e+000 1.000000e+000 1.000000e+000 1.000000e+000 -2.000000e+000 0.000000e+000 6.575305e+016
1.100000e-001 1.000000e+000 1.000000e+000 1.000000e+000 1.000000e+000 -2.000000e+000 0.000000e+000 6.575305e+016
1.200000e-001 1.000000e+000 1.000000e+000 1.000000e+000 1.000000e+000 -2.000000e+000 0.000000e+000 6.575305e+016
1.300000e-001 1.000000e+000 1.000000e+000 1.000000e+000 1.000000e+000 -2.000000e+000 0.000000e+000 6.575305e+016
1.400000e-001 1.000000e+000 1.000000e+000 1.000000e+000 1.000000e+000 -2.000000e+000 0.000000e+000 6.575305e+016
1.500000e-001 1.000000e+000 1.000000e+000 1.000000e+000 1.000000e+000 -2.000000e+000 0.000000e+000 6.575305e+016
1.600000e-001 1.000000e+000 1.000000e+000 1.000000e+000 1.000000e+000 -2.000000e+000 0.000000e+000 6.575305e+016
1.700000e-001 1.000000e+000 1.000000e+000 1.000000e+000 1.000000e+000 -2.000000e+000 0.000000e+000 6.575305e+016
1.800000e-001 1.000000e+000 1.000000e+000 1.000000e+000 1.000000e+000 -2.000000e+000 0.000000e+000 6.575305e+016
1.900000e-001 1.000000e+000 1.000000e+000 1.000000e+000 1.000000e+000 -2.000000e+000 0.000000e+000 6.575305e+016
2.000000e-001 1.000000e+000 1.000000e+000 1.000000e+000 1.000000e+000 -2.000000e+000 0.000000e+000 6.575305e+016
2.100000e-001 1.000000e+000 1.000000e+000 1.000000e+000 1.000000e+000 -2.000000e+000 0.000000e+000 6.575305e+016
2.200000e-001 1.000000e+000 1.000000e+000 1.000000e+000 1.000000e+000 -2.000000e+000 0.000000e+000 6.575305e+016
2.300000e-001 1.000000e+000 1.000000e+000 1.000000e+000 1.000000e+000 -2.000000e+000 0.000000e+000 6.575305e+016
2.400000e-001 1.000000e+000 1.000000e+000 1.000000e+000 1.000000e+000 -2.000000e+000 0.000000e+000 6.575305e+016
2.500000e-001 1.000000e+000 1.000000e+000 1.000000e+000 1.000000e+000 -2.000000e+000 0.000000e+000 6.575305e+016
2.600000e-001 1.000000e+000 1.000000e+000 1.000000e+000 1.000000e+000 -2.000000e+000 0.000000e+000 6.575305e+016
2.700000e-001 1.000000e+000 1.000000e+000 1.000000e+000 1.000000e+000 -2.000000e+000 0.000000e+000 6.575305e+016
2.800000e-001 1.000000e+000 1.000000e+000 1.000000e+000 1.000000e+000 -2.000000e+000 0.000000e+000 6.575305e+016
2.900000e-001 9.999958e-001 9.999917e-001 9.999958e-001 9.999958e-001 -1.999992e+000 5.282600e-004 2.841018e+004
3.000000e-001 1.000000e+000 1.000000e+000 1.000000e+000 1.000000e+000 -2.000000e+000 0.000000e+000 6.575305e+016
3.100000e-001 1.000000e+000 1.000000e+000 1.000000e+000 1.000000e+000 -2.000000e+000 0.000000e+000 6.575305e+016
3.200000e-001 1.000000e+000 1.000000e+000 1.000000e+000 1.000000e+000 -2.000000e+000 0.000000e+000 6.575305e+016
3.300000e-001 9.999995e-001 9.999990e-001 9.999995e-001 9.999995e-001 -1.999999e+000 5.101265e-005 8.035627e+004
3.400000e-001 9.999995e-001 9.999990e-001 9.999995e-001 9.999995e-001 -1.999999e+000 4.805604e-005 8.035627e+004
3.500000e-001 1.000000e+000 1.000000e+000 1.000000e+000 1.000000e+000 -2.000000e+000 0.000000e+000 6.575305e+016
3.600000e-001 1.000000e+000 1.000000e+000 1.000000e+000 1.000000e+000 -2.000000e+000 0.000000e+000 6.575305e+016
3.700000e-001 9.999974e-001 9.999948e-001 9.999974e-001 9.999974e-001 -1.999995e+000 2.028549e-004 3.593638e+004
3.800000e-001 9.999933e-001 9.999866e-001 9.999932e-001 9.999932e-001 -1.999986e+000 4.998288e-004 2.228675e+004
3.900000e-001 1.000000e+000 1.000000e+000 1.000000e+000 1.000000e+000 -2.000000e+000 0.000000e+000 6.575305e+016
4.000000e-001 9.999948e-001 9.999897e-001 9.999948e-001 9.999948e-001 -1.999990e+000 3.470486e-004 2.541082e+004
4.100000e-001 9.999969e-001 9.999938e-001 9.999969e-001 9.999969e-001 -1.999994e+000 1.982352e-004 3.280527e+004
4.200000e-001 9.999818e-001 9.999639e-001 9.999818e-001 9.999818e-001 -1.999964e+000 1.100364e-003 1.358257e+004
4.300000e-001 9.999772e-001 9.999546e-001 9.999771e-001 9.999771e-001 -1.999954e+000 1.499405e-003 1.226273e+004
4.400000e-001 9.999709e-001 9.999422e-001 9.999708e-001 9.999708e-001 -1.999942e+000 1.602479e-003 1.073790e+004
4.500000e-001 9.999367e-001 9.998741e-001 9.999365e-001 9.999365e-001 -1.999873e+000 3.326634e-003 7.274886e+003
4.600000e-001 9.999222e-001 9.998452e-001 9.999219e-001 9.999219e-001 -1.999844e+000 3.915472e-003 6.519134e+003
4.700000e-001 9.999206e-001 9.998421e-001 9.999203e-001 9.999203e-001 -1.999841e+000 3.818459e-003 6.496163e+003
4.800000e-001 9.998781e-001 9.997574e-001 9.998776e-001 9.998776e-001 -1.999755e+000 5.599893e-003 5.241546e+003
4.900000e-001 9.997946e-001 9.995914e-001 9.997937e-001 9.997937e-001 -1.999587e+000 9.490472e-003 4.007426e+003
5.000000e-001 9.998070e-001 9.996160e-001 9.998063e-001 9.998063e-001 -1.999613e+000 8.112907e-003 4.165877e+003
5.100000e-001 9.998465e-001 9.996949e-001 9.998458e-001 9.998458e-001 -1.999704e+000 6.364373e-003 4.343737e+003
5.200000e-001 9.997038e-001 9.994106e-001 9.997026e-001 9.997026e-001 -1.999405e+000 1.139665e-002 3.362307e+003
5.300000e-001 9.995820e-001 9.991686e-001 9.995802e-001 9.995802e-001 -1.999173e+000 1.575003e-002 2.761615e+003
5.400000e-001 9.995372e-001 9.990793e-001 9.995354e-001 9.995354e-001 -1.999071e+000 1.638883e-002 2.690345e+003
5.500000e-001 9.995819e-001 9.991683e-001 9.995802e-001 9.995802e-001 -1.999161e+000 1.490695e-002 2.845185e+003
5.600000e-001 9.994373e-001 9.988812e-001 9.994349e-001 9.994349e-001 -1.998891e+000 1.929721e-002 2.348211e+003
5.700000e-001 9.994004e-001 9.988075e-001 9.993979e-001 9.993979e-001 -1.998802e+000 1.986878e-002 2.325488e+003
5.800000e-001 9.990132e-001 9.980383e-001 9.990089e-001 9.990089e-001 -1.998043e+000 3.248808e-002 1.809851e+003
5.900000e-001 9.989629e-001 9.979383e-001 9.989583e-001 9.989583e-001 -1.997947e+000 3.222687e-002 1.743160e+003
6.000000e-001 9.988359e-001 9.976861e-001 9.988307e-001 9.988307e-001 -1.997707e+000 3.444116e-002 1.631275e+003
6.100000e-001 9.985929e-001 9.972036e-001 9.985865e-001 9.985865e-001 -1.997221e+000 4.155235e-002 1.497198e+003
6.200000e-001 9.985155e-001 9.970496e-001 9.985089e-001 9.985092e-001 -1.997055e+000 4.146294e-002 1.458442e+003
6.300000e-001 9.983397e-001 9.967001e-001 9.983323e-001 9.983332e-001 -1.996715e+000 4.401701e-002 1.374543e+003
6.400000e-001 9.981531e-001 9.963306e-001 9.981529e-001 9.981443e-001 -1.996368e+000 4.894092e-002 1.288198e+003
6.500000e-001 9.973584e-001 9.947540e-001 9.973464e-001 9.973473e-001 -1.994798e+000 6.884859e-002 1.080745e+003
6.600000e-001 9.972935e-001 9.946246e-001 9.972943e-001 9.972811e-001 -1.994690e+000 6.621569e-002 1.060349e+003
6.700000e-001 9.970298e-001 9.941034e-001 9.970172e-001 9.970154e-001 -1.994158e+000 7.503724e-002 1.018154e+003
6.800000e-001 9.966819e-001 9.934115e-001 9.966659e-001 9.966672e-001 -1.993523e+000 7.414455e-002 9.503015e+002
6.900000e-001 9.958453e-001 9.917540e-001 9.958284e-001 9.958273e-001 -1.991818e+000 9.379691e-002 8.664255e+002
7.000000e-001 9.958950e-001 9.918536e-001 9.958760e-001 9.958758e-001 -1.991915e+000 9.225014e-002 8.557563e+002
7.100000e-001 9.948753e-001 9.898380e-001 9.948516e-001 9.948504e-001 -1.990036e+000 1.097287e-001 7.599395e+002
7.200000e-001 9.943254e-001 9.887496e-001 9.942969e-001 9.943013e-001 -1.988903e+000 1.210925e-001 7.234179e+002
7.300000e-001 9.941009e-001 9.883063e-001 9.940792e-001 9.940699e-001 -1.988559e+000 1.201038e-001 7.066080e+002
7.400000e-001 9.928695e-001 9.858726e-001 9.928359e-001 9.928415e-001 -1.986180e+000 1.377397e-001 6.383671e+002
7.500000e-001 9.927400e-001 9.856208e-001 9.927034e-001 9.927090e-001 -1.985919e+000 1.426142e-001 6.340111e+002
7.600000e-001 9.912552e-001 9.826904e-001 9.912120e-001 9.912190e-001 -1.983012e+000 1.638414e-001 5.754255e+002
7.700000e-001 9.906128e-001 9.814274e-001 9.905711e-001 9.905711e-001 -1.981812e+000 1.736971e-001 5.555325e+002
7.800000e-001 9.893597e-001 9.789561e-001 9.893018e-001 9.893135e-001 -1.979527e+000 1.778089e-001 5.100629e+002
7.900000e-001 9.883605e-001 9.770062e-001 9.883128e-001 9.882938e-001 -1.977849e+000 2.022706e-001 4.723606e+002
8.000000e-001 9.880951e-001 9.764775e-001 9.880352e-001 9.880475e-001 -1.977018e+000 2.059640e-001 4.865352e+002
8.100000e-001 9.865763e-001 9.735119e-001 9.865294e-001 9.865142e-001 -1.974358e+000 2.366071e-001 4.459585e+002
8.200000e-001 9.851141e-001 9.706486e-001 9.850693e-001 9.850362e-001 -1.971722e+000 2.495322e-001 4.204974e+002
8.300000e-001 9.835751e-001 9.676284e-001 9.834693e-001 9.835023e-001 -1.968766e+000 2.568052e-001 3.988619e+002
8.400000e-001 9.818721e-001 9.643281e-001 9.817844e-001 9.817721e-001 -1.965921e+000 2.966973e-001 3.717726e+002
8.500000e-001 9.801351e-001 9.609405e-001 9.799971e-001 9.800167e-001 -1.962702e+000 3.055522e-001 3.497768e+002
8.600000e-001 9.783834e-001 9.575601e-001 9.782318e-001 9.782594e-001 -1.959480e+000 3.428541e-001 3.368261e+002
8.700000e-001 9.777731e-001 9.563649e-001 9.776404e-001 9.776574e-001 -1.958407e+000 3.345435e-001 3.310096e+002
8.800000e-001 9.750221e-001 9.510084e-001 9.749164e-001 9.748945e-001 -1.953122e+000 3.564251e-001 3.163393e+002
8.900000e-001 9.721266e-001 9.454284e-001 9.720120e-001 9.719796e-001 -1.948153e+000 3.952753e-001 2.899191e+002
9.000000e-001 9.704650e-001 9.422618e-001 9.703154e-001 9.703076e-001 -1.945195e+000 4.434096e-001 2.783714e+002
9.100000e-001 9.685090e-001 9.384876e-001 9.683372e-001 9.683479e-001 -1.941459e+000 4.460428e-001 2.721765e+002
9.200000e-001 9.662239e-001 9.340870e-001 9.660729e-001 9.660151e-001 -1.937704e+000 4.430670e-001 2.581352e+002
9.300000e-001 9.621211e-001 9.262649e-001 9.618591e-001 9.618883e-001 -1.931133e+000 4.784090e-001 2.336891e+002
9.400000e-001 9.588543e-001 9.200570e-001 9.585872e-001 9.586039e-001 -1.925128e+000 5.260793e-001 2.274008e+002
9.500000e-001 9.565543e-001 9.157413e-001 9.562779e-001 9.562669e-001 -1.921320e+000 5.754404e-001 2.167160e+002
9.600000e-001 9.522183e-001 9.075284e-001 9.519437e-001 9.519841e-001 -1.913707e+000 6.249083e-001 2.058812e+002
9.700000e-001 9.495669e-001 9.025949e-001 9.491820e-001 9.492033e-001 -1.909628e+000 6.337645e-001 1.924540e+002
9.800000e-001 9.464715e-001 8.967745e-001 9.460839e-001 9.460835e-001 -1.903645e+000 6.834761e-001 1.907712e+002
9.900000e-001 9.396333e-001 8.841037e-001 9.391159e-001 9.392721e-001 -1.892705e+000 7.724344e-001 1.711894e+002
1.000000e+000 9.377932e-001 8.806867e-001 9.373013e-001 9.373876e-001 -1.889999e+000 7.787992e-001 1.660878e+002
1.010000e+000 9.313603e-001 8.687481e-001 9.307750e-001 9.309026e-001 -1.879773e+000 7.704998e-001 1.559003e+002
1.020000e+000 9.256700e-001 8.583988e-001 9.250203e-001 9.251634e-001 -1.870544e+000 8.749754e-001 1.476652e+002
1.030000e+000 9.206095e-001 8.491616e-001 9.199823e-001 9.200451e-001 -1.862187e+000 9.031005e-001 1.419138e+002
1.040000e+000 9.158033e-001 8.404453e-001 9.150810e-001 9.153500e-001 -1.854403e+000 9.391612e-001 1.350382e+002
1.050000e+000 9.096171e-001 8.295570e-001 9.088003e-001 9.089414e-001 -1.845032e+000 1.090914e+000 1.283599e+002
1.060000e+000 9.017366e-001 8.156279e-001 9.008263e-001 9.010674e-001 -1.833682e+000 1.164256e+000 1.180270e+002
1.070000e+000 8.942642e-001 8.024130e-001 8.930984e-001 8.935452e-001 -1.821624e+000 1.206301e+000 1.121689e+002
1.080000e+000 8.854733e-001 7.870033e-001 8.844982e-001 8.846923e-001 -1.807538e+000 1.271288e+000 1.055288e+002
1.090000e+000 8.763533e-001 7.711008e-001 8.752909e-001 8.755160e-001 -1.794718e+000 1.276687e+000 9.980624e+001
1.100000e+000 8.644003e-001 7.509947e-001 8.629818e-001 8.634065e-001 -1.778270e+000 1.469637e+000 9.207830e+001
1.110000e+000 8.555757e-001 7.363104e-001 8.538018e-001 8.548440e-001 -1.766735e+000 1.506207e+000 8.293638e+001
1.120000e+000 8.408834e-001 7.127539e-001 8.387672e-001 8.400647e-001 -1.747615e+000 1.774919e+000 7.488059e+001
1.130000e+000 8.265838e-001 6.890347e-001 8.242500e-001 8.255151e-001 -1.725774e+000 1.833766e+000 7.081880e+001
1.140000e+000 8.165999e-001 6.737406e-001 8.135997e-001 8.156111e-001 -1.712053e+000 2.030700e+000 6.779368e+001
1.150000e+000 7.940854e-001 6.394871e-001 7.909648e-001 7.932367e-001 -1.685169e+000 2.358742e+000 5.861183e+001
1.160000e+000 7.631397e-001 5.949880e-001 7.581104e-001 7.630673e-001 -1.648967e+000 2.823282e+000 4.995313e+001
1.170000e+000 7.519354e-001 5.791786e-001 7.464331e-001 7.519665e-001 -1.637674e+000 2.761215e+000 4.668940e+001
1.180000e+000 7.122553e-001 5.260391e-001 7.052133e-001 7.143273e-001 -1.589752e+000 3.547088e+000 3.925354e+001
1.190000e+000 6.913216e-001 4.995871e-001 6.821898e-001 6.934031e-001 -1.568080e+000 3.959347e+000 3.653529e+001
1.200000e+000 6.514874e-001 4.546087e-001 6.419922e-001 6.557141e-001 -1.524200e+000 5.234706e+000 3.099320e+001
1.210000e+000 5.561988e-001 3.584822e-001 5.373240e-001 5.663128e-001 -1.434515e+000 7.321287e+000 2.281532e+001
1.220000e+000 5.011342e-001 3.048348e-001 4.839586e-001 5.134121e-001 -1.382679e+000 7.738203e+000 1.956859e+001
1.230000e+000 4.129107e-001 2.262974e-001 3.881979e-001 4.330978e-001 -1.301683e+000 7.505921e+000 1.530923e+001
1.240000e+000 3.674914e-001 1.909794e-001 3.404203e-001 3.885676e-001 -1.254961e+000 7.881159e+000 1.387336e+001
1.250000e+000 2.877234e-001 1.278397e-001 2.571924e-001 3.146199e-001 -1.173812e+000 6.337423e+000 1.112872e+001
1.260000e+000 2.102076e-001 7.762011e-002 1.767266e-001 2.380954e-001 -1.087739e+000 5.347402e+000 9.064958e+000
1.270000e+000 1.730891e-001 5.514321e-002 1.349906e-001 2.012296e-001 -1.047423e+000 4.506666e+000 7.939793e+000
1.280000e+000 1.548637e-001 4.534276e-002 1.168417e-001 1.851607e-001 -1.026282e+000 4.016305e+000 7.408506e+000
1.290000e+000 1.090913e-001 2.671338e-002 7.466380e-002 1.326275e-001 -9.516096e-001 3.548950e+000 6.136306e+000
1.300000e+000 9.871930e-002 2.100695e-002 6.262422e-002 1.254066e-001 -9.371789e-001 3.035566e+000 5.759693e+000
1.310000e+000 9.001325e-002 1.612386e-002 5.244818e-002 1.146807e-001 -9.284995e-001 2.580257e+000 5.429518e+000
1.320000e+000 7.854422e-002 1.319954e-002 4.125729e-002 9.791523e-002 -8.966721e-001 2.323169e+000 5.216378e+000
1.330000e+000 6.695019e-002 8.351635e-003 2.952943e-002 8.441732e-002 -8.771357e-001 1.475146e+000 4.746909e+000
1.340000e+000 6.084050e-002 7.400168e-003 2.602969e-002 7.966458e-002 -8.502096e-001 1.723689e+000 4.559378e+000
1.350000e+000 5.796035e-002 6.628852e-003 2.452734e-002 7.016029e-002 -8.340643e-001 1.729503e+000 4.562682e+000
1.360000e+000 4.867733e-002 4.592068e-003 1.790937e-002 6.002956e-002 -8.133805e-001 1.374172e+000 4.188927e+000
1.370000e+000 4.837977e-002 4.431215e-003 1.801458e-002 6.021172e-002 -8.032268e-001 1.649717e+000 4.088732e+000
1.380000e+000 4.279749e-002 3.429894e-003 5.516406e-003 5.234297e-002 -7.914227e-001 1.238982e+000 3.858187e+000
1.390000e+000 4.028644e-002 2.839705e-003 7.103906e-003 5.170365e-002 -7.732698e-001 1.160883e+000 3.791824e+000
1.400000e+000 3.833795e-002 2.688691e-003 1.081849e-002 4.674128e-002 -7.775620e-001 1.397449e+000 3.650471e+000
1.410000e+000 4.037811e-002 3.083679e-003 1.062891e-002 4.712904e-002 -7.609008e-001 1.398678e+000 3.969334e+000
1.420000e+000 3.494882e-002 2.331294e-003 1.066432e-002 4.098568e-002 -7.489036e-001 9.067204e-001 3.601186e+000
1.430000e+000 3.261132e-002 1.796608e-003 4.296615e-003 3.581055e-002 -7.298586e-001 1.070026e+000 3.462991e+000
1.440000e+000 3.312802e-002 1.891353e-003 9.444792e-003 3.844128e-002 -7.225859e-001 9.458281e-001 3.595484e+000
1.450000e+000 3.132410e-002 1.723717e-003 9.685677e-003 3.367370e-002 -7.213948e-001 1.004281e+000 3.464507e+000
1.460000e+000 2.828322e-002 1.389117e-003 4.440885e-003 2.730195e-002 -6.959156e-001 8.819796e-001 3.407439e+000
1.470000e+000 2.862845e-002 1.519960e-003 5.068229e-003 2.955013e-002 -6.895440e-001 1.037001e+000 3.406427e+000
1.480000e+000 2.811517e-002 1.392949e-003 6.246354e-003 3.154401e-002 -6.878914e-001 7.731151e-001 3.297003e+000
1.490000e+000 2.664730e-002 1.266687e-003 -4.773437e-004 2.637500e-002 -6.814727e-001 7.155484e-001 3.264973e+000
1.500000e+000 2.538472e-002 1.068546e-003 1.253906e-003 2.462174e-002 -6.753773e-001 6.852502e-001 3.214935e+000
1.510000e+000 2.494808e-002 1.079843e-003 3.123438e-003 2.487448e-002 -6.611852e-001 8.075237e-001 3.244900e+000
1.520000e+000 2.458015e-002 1.168064e-003 -8.934896e-004 2.261094e-002 -6.562888e-001 7.620370e-001 3.362145e+000
1.530000e+000 2.401398e-002 9.919013e-004 3.596354e-003 2.540052e-002 -6.579958e-001 8.108216e-001 3.172744e+000
1.540000e+000 2.369532e-002 9.263846e-004 3.923437e-003 2.241992e-002 -6.570396e-001 6.846574e-001 3.217824e+000
1.550000e+000 2.140480e-002 8.043003e-004 -4.393229e-004 1.539661e-002 -6.389872e-001 8.322305e-001 3.060988e+000
1.560000e+000 2.264518e-002 8.755334e-004 2.635417e-003 1.965755e-002 -6.344044e-001 5.896679e-001 3.327241e+000
1.570000e+000 2.139281e-002 8.187132e-004 5.221354e-004 1.379427e-002 -6.278448e-001 6.938767e-001 3.201028e+000
1.580000e+000 2.160021e-002 7.912020e-004 -6.895833e-004 2.257331e-002 -6.332052e-001 5.964812e-001 3.101395e+000
1.590000e+000 2.066781e-002 7.187008e-004 1.298437e-003 1.302435e-002 -6.220289e-001 6.121740e-001 3.171108e+000
1.600000e+000 1.984771e-002 6.740439e-004 -1.533854e-004 1.730625e-002 -6.024997e-001 5.608594e-001 3.095880e+000
1.610000e+000 1.945094e-002 6.649373e-004 -1.723958e-004 1.703398e-002 -5.980607e-001 7.595280e-001 2.966515e+000
1.620000e+000 1.915726e-002 5.985294e-004 1.805729e-003 1.486016e-002 -5.863938e-001 4.992353e-001 3.134995e+000
1.630000e+000 1.724319e-002 4.942570e-004 1.098698e-003 1.009206e-002 -5.800232e-001 5.700287e-001 2.957547e+000
1.640000e+000 1.817774e-002 5.380276e-004 -5.935156e-003 7.752214e-003 -5.792068e-001 6.414937e-001 3.064207e+000
1.650000e+000 1.725754e-002 5.467609e-004 2.121094e-003 1.187370e-002 -5.510865e-001 5.897096e-001 2.966103e+000
1.660000e+000 1.715276e-002 5.137543e-004 4.660417e-003 7.305990e-003 -5.581924e-001 5.541293e-001 3.084883e+000
1.670000e+000 1.866802e-002 5.684215e-004 1.898698e-003 1.345365e-002 -5.504932e-001 4.872480e-001 3.239511e+000
1.680000e+000 1.563612e-002 4.056150e-004 6.364844e-003 9.230469e-003 -5.390714e-001 4.753113e-001 2.826965e+000
1.690000e+000 1.530413e-002 3.904567e-004 -1.182552e-003 5.214193e-003 -5.474531e-001 5.626872e-001 2.755314e+000
1.700000e+000 1.595948e-002 4.684632e-004 7.725781e-003 7.519271e-003 -5.553617e-001 6.091555e-001 2.869530e+000
1.710000e+000 1.525594e-002 4.008948e-004 4.352344e-003 8.637891e-003 -5.367654e-001 4.471527e-001 2.892216e+000
1.720000e+000 1.487508e-002 3.841942e-004 -1.548698e-003 1.107812e-002 -5.400331e-001 4.650141e-001 2.715053e+000
1.730000e+000 1.564236e-002 4.309799e-004 3.174479e-004 9.928125e-003 -5.175307e-001 5.593484e-001 3.101117e+000
1.740000e+000 1.640049e-002 4.393219e-004 3.166667e-004 1.066810e-002 -5.242286e-001 4.553763e-001 3.178380e+000
1.750000e+000 1.515564e-002 4.138965e-004 5.691406e-003 9.711849e-003 -5.186370e-001 4.615623e-001 2.915919e+000
1.760000e+000 1.454562e-002 3.593690e-004 -2.884635e-003 6.244922e-003 -5.062206e-001 5.019006e-001 2.911527e+000
1.770000e+000 1.482836e-002 3.561161e-004 6.160937e-003 6.649089e-003 -4.986273e-001 3.966209e-001 2.998988e+000
1.780000e+000 1.337598e-002 2.969950e-004 -2.388281e-003 5.914974e-003 -4.969844e-001 4.984100e-001 2.773241e+000
1.790000e+000 1.451242e-002 3.607253e-004 5.708333e-003 8.009635e-003 -4.950878e-001 4.158238e-001 2.993600e+000
1.800000e+000 1.418360e-002 3.260426e-004 1.546094e-003 7.017057e-003 -5.038951e-001 3.777351e-001 2.838623e+000
1.810000e+000 1.404203e-002 3.530987e-004 -5.760417e-004 7.588542e-003 -5.001198e-001 4.938885e-001 2.786505e+000
1.820000e+000 1.378239e-002 3.241824e-004 1.126302e-003 4.670703e-003 -4.755810e-001 4.213840e-001 3.020666e+000
1.830000e+000 1.365847e-002 2.922573e-004 3.132812e-003 4.859115e-003 -4.856221e-001 3.085987e-001 2.822053e+000
1.840000e+000 1.348075e-002 3.202975e-004 -1.215625e-003 3.858724e-003 -4.825948e-001 4.748442e-001 2.974031e+000
1.850000e+000 1.196204e-002 2.383174e-004 -9.010417e-005 2.324740e-003 -4.650706e-001 3.914698e-001 2.624709e+000
1.860000e+000 1.251620e-002 2.712113e-004 -3.560156e-003 7.615104e-003 -4.784833e-001 3.825769e-001 2.744419e+000
1.870000e+000 1.299964e-002 2.745126e-004 5.576562e-003 -5.494792e-004 -4.746539e-001 3.434876e-001 2.846591e+000
1.880000e+000 1.428650e-002 3.309052e-004 -4.979167e-004 7.611198e-003 -4.889987e-001 3.636869e-001 3.072066e+000
1.890000e+000 1.290660e-002 2.810442e-004 -1.825521e-004 5.715885e-003 -4.588062e-001 3.561509e-001 3.013100e+000
1.900000e+000 1.094298e-002 1.963692e-004 1.882292e-003 1.580078e-003 -4.474927e-001 2.766589e-001 2.562654e+000
1.910000e+000 1.338571e-002 3.139146e-004 -3.045312e-003 1.751693e-003 -4.513091e-001 3.682278e-001 3.080839e+000
1.920000e+000 1.186951e-002 2.252012e-004 -3.080729e-004 3.826042e-003 -4.570448e-001 4.195310e-001 2.678522e+000
1.930000e+000 1.126458e-002 2.035584e-004 -1.585937e-004 -6.753906e-004 -4.285211e-001 2.584783e-001 2.876359e+000
1.940000e+000 1.221428e-002 2.458645e-004 4.362240e-003 2.632813e-003 -4.466003e-001 3.173488e-001 2.836764e+000
1.950000e+000 1.074436e-002 1.846761e-004 1.115885e-003 6.018099e-003 -4.413922e-001 3.089025e-001 2.574447e+000
1.960000e+000 1.190922e-002 2.404128e-004 -2.697396e-003 7.357031e-003 -4.475909e-001 2.850695e-001 2.747693e+000
1.970000e+000 1.030842e-002 1.807804e-004 2.084375e-003 2.367187e-004 -4.297130e-001 4.159969e-001 2.575321e+000
1.980000e+000 1.181967e-002 2.280998e-004 1.684896e-004 -8.167969e-004 -4.373461e-001 2.458952e-001 2.888476e+000
1.990000e+000 1.213870e-002 2.373795e-004 -1.852083e-003 2.677734e-003 -4.463370e-001 2.898051e-001 2.924962e+000
2.000000e+000 1.165974e-002 2.288035e-004 2.503646e-003 5.328385e-003 -4.222979e-001 2.623955e-001 2.969468e+000
