# Temperature Magnetization2 Magnetization4 Correlation2 Correlation4 Energy Energy2 HeatCapacity CorrelationLength
0.000000e+000 1.000000e+000 1.000000e+000 1.000000e+000 1.000000e+000 -2.000000e+000 -1.#IND00e+000 6.575305e+016
1.000000e-002 1.000000e+000 1.000000e+000 1.000000e+000 1.000000e+000 -2.000000e+000 0.000000e+000 6.575305e+016
2.000000e-002 1.000000e+000 1.000000e+000 1.000000e+000 1.000000e+000 -2.000000e+000 0.000000e+000 6.575305e+016
3.000000e-002 1.000000e+000 1.000000e+000 1.000000e+000 1.000000e+000 -2.000000e+000 0.000000e+000 6.575305e+016
4.000000e-002 1.000000e+000 1.000000e+000 1.000000e+000 1.000000e+000 -2.000000e+000 0.000000e+000 6.575305e+016
5.000000e-002 1.000000e+000 1.000000e+000 1.000000e+000 1.000000e+000 -2.000000e+000 0.000000e+000 6.575305e+016
6.000000e-002 1.000000e+000 1.000000e+000 1.000000e+000 1.000000e+000 -2.000000e+000 0.000000e+000 6.575305e+016
7.000000e-002 1.000000e+000 1.000000e+000 1.000000e+000 1.000000e+000 -2.000000e+000 0.000000e+000 6.575305e+016
8.000000e-002 1.000000e+000 1.000000e+000 1.000000e+000 1.000000e+000 -2.000000e+000 0.000000e+000 6.575305e+016
9.000000e-002 1.000000e+000 1.000000e+000 1.000000e+000 1.000000e+000 -2.000000e+000 0.000000e+000 6.575305e+016
1.000000e-001 1.000000e+000 1.000000e+000 1.000000e+000 1.000000e+000 -2.000000e+000 0.000000e+000 6.575305e+016
1.100000e-001 1.000000e+000 1.000000e+000 1.000000e+000 1.000000e+000 -2.000000e+000 0.000000e+000 6.575305e+016
1.200000e-001 1.000000e+000 1.000000e+000 1.000000e+000 1.000000e+000 -2.000000e+000 0.000000e+000 6.575305e+016
1.300000e-001 1.000000e+000 1.000000e+000 1.000000e+000 1.000000e+000 -2.000000e+000 0.000000e+000 6.575305e+016
1.400000e-001 1.000000e+000 1.000000e+000 1.000000e+000 1.000000e+000 -2.000000e+000 0.000000e+000 6.575305e+016
1.500000e-001 1.000000e+000 1.000000e+000 1.000000e+000 1.000000e+000 -2.000000e+000 0.000000e+000 6.575305e+016
1.600000e-001 1.000000e+000 1.000000e+000 1.000000e+000 1.000000e+000 -2.000000e+000 0.000000e+000 6.575305e+016
1.700000e-001 1.000000e+000 1.000000e+000 1.000000e+000 1.000000e+000 -2.000000e+000 0.000000e+000 6.575305e+016
1.800000e-001 1.000000e+000 1.000000e+000 1.000000e+000 1.000000e+000 -2.000000e+000 0.000000e+000 6.575305e+016
1.900000e-001 1.000000e+000 1.000000e+000 1.000000e+000 1.000000e+000 -2.000000e+000 0.000000e+000 6.575305e+016
2.000000e-001 1.000000e+000 1.000000e+000 1.000000e+000 1.000000e+000 -2.000000e+000 0.000000e+000 6.575305e+016
2.100000e-001 1.000000e+000 1.000000e+000 1.000000e+000 1.000000e+000 -2.000000e+000 0.000000e+000 6.575305e+016
2.200000e-001 1.000000e+000 1.000000e+000 1.000000e+000 1.000000e+000 -2.000000e+000 0.000000e+000 6.575305e+016
2.300000e-001 1.000000e+000 1.000000e+000 1.000000e+000 1.000000e+000 -2.000000e+000 0.000000e+000 6.575305e+016
2.400000e-001 1.000000e+000 1.000000e+000 1.000000e+000 1.000000e+000 -2.000000e+000 0.000000e+000 6.575305e+016
2.500000e-001 1.000000e+000 1.000000e+000 1.000000e+000 1.000000e+000 -2.000000e+000 0.000000e+000 6.575305e+016
2.600000e-001 1.000000e+000 1.000000e+000 1.000000e+000 1.000000e+000 -2.000000e+000 0.000000e+000 6.575305e+016
2.700000e-001 1.000000e+000 1.000000e+000 1.000000e+000 1.000000e+000 -2.000000e+000 0.000000e+000 6.575305e+016
2.800000e-001 1.000000e+000 1.000000e+000 1.000000e+000 1.000000e+000 -2.000000e+000 0.000000e+000 6.575305e+016
2.900000e-001 1.000000e+000 1.000000e+000 1.000000e+000 1.000000e+000 -2.000000e+000 0.000000e+000 6.575305e+016
3.000000e-001 1.000000e+000 1.000000e+000 1.000000e+000 1.000000e+000 -2.000000e+000 0.000000e+000 6.575305e+016
3.100000e-001 1.000000e+000 1.000000e+000 1.000000e+000 1.000000e+000 -2.000000e+000 0.000000e+000 6.575305e+016
3.200000e-001 1.000000e+000 1.000000e+000 1.000000e+000 1.000000e+000 -2.000000e+000 0.000000e+000 6.575305e+016
3.300000e-001 1.000000e+000 1.000000e+000 1.000000e+000 1.000000e+000 -2.000000e+000 0.000000e+000 6.575305e+016
3.400000e-001 9.999964e-001 9.999928e-001 9.999964e-001 9.999964e-001 -1.999993e+000 3.362913e-004 3.037177e+004
3.500000e-001 9.999938e-001 9.999877e-001 9.999938e-001 9.999938e-001 -1.999991e+000 6.120612e-004 1.656094e+004
3.600000e-001 1.000000e+000 1.000000e+000 1.000000e+000 1.000000e+000 -2.000000e+000 0.000000e+000 6.575305e+016
3.700000e-001 9.999933e-001 9.999866e-001 9.999932e-001 9.999932e-001 -1.999986e+000 5.272117e-004 2.228675e+004
3.800000e-001 9.999984e-001 9.999969e-001 9.999984e-001 9.999984e-001 -1.999997e+000 1.154028e-004 4.639369e+004
3.900000e-001 9.999922e-001 9.999845e-001 9.999922e-001 9.999922e-001 -1.999984e+000 5.474743e-004 2.074782e+004
4.000000e-001 9.999647e-001 9.999298e-001 9.999646e-001 9.999646e-001 -1.999929e+000 2.353083e-003 9.744459e+003
4.100000e-001 9.999927e-001 9.999855e-001 9.999927e-001 9.999927e-001 -1.999985e+000 4.623637e-004 2.147604e+004
4.200000e-001 9.999678e-001 9.999360e-001 9.999677e-001 9.999677e-001 -1.999935e+000 1.946580e-003 1.020509e+004
4.300000e-001 9.999673e-001 9.999350e-001 9.999672e-001 9.999672e-001 -1.999934e+000 1.886952e-003 1.012378e+004
4.400000e-001 9.999409e-001 9.998824e-001 9.999406e-001 9.999406e-001 -1.999883e+000 3.282048e-003 7.283996e+003
4.500000e-001 9.999689e-001 9.999382e-001 9.999688e-001 9.999688e-001 -1.999938e+000 1.970370e-003 1.056219e+004
4.600000e-001 9.999097e-001 9.998204e-001 9.999094e-001 9.999094e-001 -1.999819e+000 4.528623e-003 6.091519e+003
4.700000e-001 9.999294e-001 9.998596e-001 9.999292e-001 9.999292e-001 -1.999858e+000 3.397093e-003 6.890251e+003
4.800000e-001 9.998713e-001 9.997440e-001 9.998708e-001 9.998708e-001 -1.999742e+000 6.002238e-003 5.094446e+003
4.900000e-001 9.998050e-001 9.996120e-001 9.998042e-001 9.998042e-001 -1.999611e+000 8.660162e-003 4.087591e+003
5.000000e-001 9.998355e-001 9.996728e-001 9.998349e-001 9.998349e-001 -1.999670e+000 6.932790e-003 4.512887e+003
5.100000e-001 9.996810e-001 9.993654e-001 9.996797e-001 9.996797e-001 -1.999365e+000 1.279797e-002 3.185417e+003
5.200000e-001 9.997547e-001 9.995122e-001 9.997536e-001 9.997536e-001 -1.999515e+000 9.942379e-003 3.571348e+003
5.300000e-001 9.996779e-001 9.993593e-001 9.996766e-001 9.996766e-001 -1.999354e+000 1.257860e-002 3.219284e+003
5.400000e-001 9.995898e-001 9.991844e-001 9.995880e-001 9.995880e-001 -1.999182e+000 1.609537e-002 2.799519e+003
5.500000e-001 9.994657e-001 9.989371e-001 9.994635e-001 9.994635e-001 -1.998932e+000 1.832587e-002 2.480010e+003
5.600000e-001 9.993418e-001 9.986908e-001 9.993391e-001 9.993391e-001 -1.998694e+000 2.160837e-002 2.206489e+003
5.700000e-001 9.993745e-001 9.987562e-001 9.993719e-001 9.993719e-001 -1.998747e+000 2.146198e-002 2.345487e+003
5.800000e-001 9.991878e-001 9.983848e-001 9.991844e-001 9.991844e-001 -1.998379e+000 2.583714e-002 2.011099e+003
5.900000e-001 9.990607e-001 9.981320e-001 9.990568e-001 9.990568e-001 -1.998122e+000 2.862299e-002 1.873620e+003
6.000000e-001 9.990209e-001 9.980533e-001 9.990167e-001 9.990177e-001 -1.998037e+000 3.020320e-002 1.848921e+003
6.100000e-001 9.987600e-001 9.975346e-001 9.987549e-001 9.987547e-001 -1.997524e+000 3.536777e-002 1.622966e+003
6.200000e-001 9.984897e-001 9.969978e-001 9.984836e-001 9.984828e-001 -1.997017e+000 4.105631e-002 1.439101e+003
6.300000e-001 9.982265e-001 9.964759e-001 9.982182e-001 9.982182e-001 -1.996496e+000 4.802803e-002 1.333937e+003
6.400000e-001 9.979577e-001 9.959427e-001 9.979482e-001 9.979491e-001 -1.995974e+000 5.484299e-002 1.238045e+003
6.500000e-001 9.976835e-001 9.953996e-001 9.976760e-001 9.976777e-001 -1.995479e+000 6.052229e-002 1.126328e+003
6.600000e-001 9.972234e-001 9.944868e-001 9.972185e-001 9.972098e-001 -1.994561e+000 6.882981e-002 1.034450e+003
6.700000e-001 9.968827e-001 9.938102e-001 9.968693e-001 9.968728e-001 -1.993878e+000 7.464802e-002 9.916358e+002
6.800000e-001 9.961806e-001 9.924201e-001 9.961646e-001 9.961639e-001 -1.992536e+000 9.000771e-002 8.865082e+002
6.900000e-001 9.958455e-001 9.917581e-001 9.958237e-001 9.958264e-001 -1.991954e+000 9.483152e-002 8.282897e+002
7.000000e-001 9.958374e-001 9.917429e-001 9.958164e-001 9.958182e-001 -1.991885e+000 9.667827e-002 8.466604e+002
7.100000e-001 9.951771e-001 9.904354e-001 9.951523e-001 9.951548e-001 -1.990635e+000 1.060218e-001 7.793204e+002
7.200000e-001 9.948665e-001 9.898168e-001 9.948396e-001 9.948457e-001 -1.989978e+000 1.036074e-001 7.621549e+002
7.300000e-001 9.935088e-001 9.871329e-001 9.934849e-001 9.934728e-001 -1.987326e+000 1.283695e-001 6.765580e+002
7.400000e-001 9.934295e-001 9.869821e-001 9.934089e-001 9.933964e-001 -1.987252e+000 1.330130e-001 6.632784e+002
7.500000e-001 9.925218e-001 9.851866e-001 9.924818e-001 9.924846e-001 -1.985514e+000 1.417666e-001 6.252521e+002
7.600000e-001 9.916806e-001 9.835306e-001 9.916380e-001 9.916480e-001 -1.983808e+000 1.587308e-001 5.960373e+002
7.700000e-001 9.902692e-001 9.807580e-001 9.902294e-001 9.902327e-001 -1.981242e+000 1.881065e-001 5.377512e+002
7.800000e-001 9.897727e-001 9.797803e-001 9.897430e-001 9.897402e-001 -1.980385e+000 1.858486e-001 5.181538e+002
7.900000e-001 9.885217e-001 9.773233e-001 9.884651e-001 9.884612e-001 -1.978037e+000 2.089207e-001 4.926732e+002
8.000000e-001 9.871030e-001 9.745443e-001 9.870331e-001 9.870547e-001 -1.975415e+000 2.235652e-001 4.506109e+002
8.100000e-001 9.861359e-001 9.726447e-001 9.860937e-001 9.860598e-001 -1.973590e+000 2.328073e-001 4.365035e+002
8.200000e-001 9.860043e-001 9.723805e-001 9.859292e-001 9.859553e-001 -1.973207e+000 2.283395e-001 4.409063e+002
8.300000e-001 9.835628e-001 9.676175e-001 9.834703e-001 9.834835e-001 -1.968771e+000 2.700983e-001 3.986121e+002
8.400000e-001 9.822714e-001 9.650939e-001 9.821659e-001 9.821826e-001 -1.966192e+000 2.883108e-001 3.904160e+002
8.500000e-001 9.808966e-001 9.624204e-001 9.807977e-001 9.807931e-001 -1.963697e+000 3.113131e-001 3.713935e+002
8.600000e-001 9.778616e-001 9.565230e-001 9.777448e-001 9.777609e-001 -1.958205e+000 3.436284e-001 3.402603e+002
8.700000e-001 9.768776e-001 9.546073e-001 9.767617e-001 9.767710e-001 -1.956297e+000 3.473628e-001 3.313762e+002
8.800000e-001 9.739024e-001 9.488496e-001 9.738260e-001 9.737749e-001 -1.951286e+000 3.686788e-001 3.022416e+002
8.900000e-001 9.709930e-001 9.432808e-001 9.708393e-001 9.708064e-001 -1.946468e+000 4.314479e-001 2.761142e+002
9.000000e-001 9.696651e-001 9.406960e-001 9.695549e-001 9.695219e-001 -1.943746e+000 4.168586e-001 2.718493e+002
9.100000e-001 9.692138e-001 9.398440e-001 9.690320e-001 9.690516e-001 -1.943078e+000 4.285707e-001 2.704585e+002
9.200000e-001 9.662062e-001 9.340901e-001 9.659773e-001 9.660199e-001 -1.937861e+000 4.702596e-001 2.555990e+002
9.300000e-001 9.635041e-001 9.289070e-001 9.632729e-001 9.632810e-001 -1.932895e+000 4.803525e-001 2.450979e+002
9.400000e-001 9.600385e-001 9.223131e-001 9.597203e-001 9.598251e-001 -1.926735e+000 5.423586e-001 2.344233e+002
9.500000e-001 9.560630e-001 9.148307e-001 9.557982e-001 9.558345e-001 -1.920021e+000 6.189409e-001 2.157837e+002
9.600000e-001 9.524083e-001 9.079315e-001 9.520812e-001 9.521026e-001 -1.914140e+000 6.325403e-001 2.046295e+002
9.700000e-001 9.504087e-001 9.041524e-001 9.500586e-001 9.500908e-001 -1.910776e+000 6.336271e-001 2.007098e+002
9.800000e-001 9.447160e-001 8.934288e-001 9.444263e-001 9.443478e-001 -1.900703e+000 6.811736e-001 1.886828e+002
9.900000e-001 9.418430e-001 8.880841e-001 9.414023e-001 9.414643e-001 -1.895952e+000 6.973100e-001 1.806281e+002
1.000000e+000 9.346651e-001 8.748533e-001 9.342591e-001 9.341857e-001 -1.884072e+000 7.882023e-001 1.645359e+002
1.010000e+000 9.305259e-001 8.673619e-001 9.300401e-001 9.300034e-001 -1.877679e+000 9.120878e-001 1.573006e+002
1.020000e+000 9.257716e-001 8.585044e-001 9.252747e-001 9.252914e-001 -1.870152e+000 8.587220e-001 1.495832e+002
1.030000e+000 9.196015e-001 8.474561e-001 9.188552e-001 9.190077e-001 -1.860567e+000 9.585569e-001 1.407246e+002
1.040000e+000 9.143366e-001 8.378426e-001 9.137206e-001 9.137712e-001 -1.851676e+000 9.997979e-001 1.344140e+002
1.050000e+000 9.080567e-001 8.267591e-001 9.071167e-001 9.074988e-001 -1.843214e+000 1.060075e+000 1.238236e+002
1.060000e+000 9.031765e-001 8.179277e-001 9.023464e-001 9.026552e-001 -1.834565e+000 1.091563e+000 1.216184e+002
1.070000e+000 8.906519e-001 7.959774e-001 8.897128e-001 8.898626e-001 -1.816539e+000 1.188429e+000 1.076290e+002
1.080000e+000 8.854969e-001 7.872054e-001 8.845065e-001 8.846187e-001 -1.810047e+000 1.278924e+000 1.031376e+002
1.090000e+000 8.720839e-001 7.645068e-001 8.705883e-001 8.710616e-001 -1.788990e+000 1.578477e+000 9.583858e+001
1.100000e+000 8.622221e-001 7.474714e-001 8.606130e-001 8.611581e-001 -1.775633e+000 1.505081e+000 8.799726e+001
1.110000e+000 8.532466e-001 7.323130e-001 8.514927e-001 8.522023e-001 -1.761372e+000 1.561272e+000 8.550440e+001
1.120000e+000 8.435267e-001 7.167672e-001 8.417484e-001 8.426727e-001 -1.748370e+000 1.788252e+000 7.893763e+001
1.130000e+000 8.275071e-001 6.911758e-001 8.249443e-001 8.267076e-001 -1.728117e+000 1.923388e+000 6.999228e+001
1.140000e+000 8.054355e-001 6.578657e-001 8.021987e-001 8.049595e-001 -1.701162e+000 2.283963e+000 6.033353e+001
1.150000e+000 7.905909e-001 6.358344e-001 7.873263e-001 7.895786e-001 -1.681210e+000 2.745900e+000 5.769781e+001
1.160000e+000 7.584506e-001 5.892305e-001 7.534667e-001 7.590728e-001 -1.646054e+000 3.077319e+000 4.750002e+001
1.170000e+000 7.445131e-001 5.680814e-001 7.398128e-001 7.452974e-001 -1.627811e+000 2.914482e+000 4.510784e+001
1.180000e+000 7.313532e-001 5.514050e-001 7.254745e-001 7.320599e-001 -1.612630e+000 3.160867e+000 4.257681e+001
1.190000e+000 6.857940e-001 4.930581e-001 6.778143e-001 6.889654e-001 -1.564478e+000 4.039309e+000 3.464459e+001
1.200000e+000 6.098575e-001 4.101212e-001 5.978914e-001 6.169501e-001 -1.486741e+000 5.854939e+000 2.665893e+001
1.210000e+000 5.838903e-001 3.800406e-001 5.701510e-001 5.917077e-001 -1.460783e+000 5.573218e+000 2.476399e+001
1.220000e+000 5.000593e-001 3.034476e-001 4.824299e-001 5.137755e-001 -1.381687e+000 7.481797e+000 1.941583e+001
1.230000e+000 4.358587e-001 2.495457e-001 4.153643e-001 4.526299e-001 -1.319451e+000 8.456474e+000 1.642720e+001
1.240000e+000 3.594089e-001 1.809341e-001 3.329417e-001 3.822974e-001 -1.245407e+000 7.041328e+000 1.340241e+001
1.250000e+000 2.652447e-001 1.149177e-001 2.310706e-001 2.912413e-001 -1.143622e+000 6.820033e+000 1.072247e+001
1.260000e+000 2.037462e-001 7.267729e-002 1.699148e-001 2.329249e-001 -1.085695e+000 5.024462e+000 8.697472e+000
1.270000e+000 1.770617e-001 5.932352e-002 1.404643e-001 2.036632e-001 -1.054840e+000 4.963097e+000 8.091342e+000
1.280000e+000 1.521211e-001 4.536177e-002 1.153232e-001 1.798969e-001 -1.021654e+000 4.145672e+000 7.350892e+000
1.290000e+000 1.049283e-001 2.193147e-002 6.308854e-002 1.319500e-001 -9.515833e-001 2.967867e+000 5.954212e+000
1.300000e+000 9.314768e-002 1.675283e-002 5.565104e-002 1.161556e-001 -9.266542e-001 2.305753e+000 5.614113e+000
1.310000e+000 8.537790e-002 1.538795e-002 4.747708e-002 1.085302e-001 -9.170737e-001 2.324709e+000 5.356186e+000
1.320000e+000 7.307444e-002 1.025135e-002 3.612500e-002 9.519987e-002 -8.968839e-001 1.745496e+000 4.831104e+000
1.330000e+000 5.868919e-002 6.456368e-003 2.163776e-002 7.645898e-002 -8.484534e-001 1.823511e+000 4.480528e+000
1.340000e+000 6.701957e-002 9.158512e-003 3.014245e-002 8.661419e-002 -8.759240e-001 2.073437e+000 4.736311e+000
1.350000e+000 5.626363e-002 5.900481e-003 2.144766e-002 7.421172e-002 -8.432135e-001 1.586792e+000 4.301705e+000
1.360000e+000 5.511374e-002 5.556968e-003 1.959349e-002 6.937734e-002 -8.387482e-001 1.626549e+000 4.367540e+000
1.370000e+000 4.522944e-002 3.667612e-003 1.457578e-002 5.669349e-002 -8.063695e-001 1.210213e+000 3.962948e+000
1.380000e+000 4.063034e-002 3.083538e-003 7.924219e-003 4.815716e-002 -7.807688e-001 1.233887e+000 3.816933e+000
1.390000e+000 4.091013e-002 2.939299e-003 1.273490e-002 4.909193e-002 -7.706201e-001 1.055221e+000 3.867894e+000
1.400000e+000 4.096534e-002 2.905945e-003 1.109635e-002 4.791497e-002 -7.739299e-001 9.711609e-001 3.884384e+000
1.410000e+000 4.009261e-002 2.760954e-003 1.326927e-002 4.861940e-002 -7.745289e-001 1.093253e+000 3.829369e+000
1.420000e+000 3.398203e-002 1.987771e-003 3.311979e-003 4.058021e-002 -7.372047e-001 1.199669e+000 3.613157e+000
1.430000e+000 3.408228e-002 2.017279e-003 8.271354e-003 3.854831e-002 -7.483062e-001 1.089280e+000 3.537834e+000
1.440000e+000 3.243923e-002 1.746013e-003 2.649219e-003 3.776172e-002 -7.344516e-001 9.314179e-001 3.421999e+000
1.450000e+000 3.292612e-002 1.813774e-003 9.929687e-003 3.324362e-002 -7.125232e-001 9.395485e-001 3.717505e+000
1.460000e+000 3.056414e-002 1.657369e-003 6.853385e-003 3.144297e-002 -6.975216e-001 1.086732e+000 3.559950e+000
1.470000e+000 2.939337e-002 1.537609e-003 -1.055469e-003 2.846172e-002 -7.001229e-001 8.923155e-001 3.476280e+000
1.480000e+000 2.697785e-002 1.250598e-003 3.353646e-003 3.194544e-002 -6.834734e-001 8.849275e-001 3.288393e+000
1.490000e+000 2.804559e-002 1.387536e-003 5.852604e-003 2.936133e-002 -6.876930e-001 7.162308e-001 3.456028e+000
1.500000e+000 2.602235e-002 1.097171e-003 1.985677e-003 2.022396e-002 -6.696466e-001 7.641028e-001 3.368232e+000
1.510000e+000 2.377725e-002 9.646031e-004 7.585937e-004 2.391745e-002 -6.455341e-001 7.799431e-001 3.222246e+000
1.520000e+000 2.451110e-002 1.042573e-003 1.453385e-003 2.140365e-002 -6.497404e-001 8.797320e-001 3.380071e+000
1.530000e+000 2.409976e-002 9.692242e-004 7.164062e-004 1.940182e-002 -6.486461e-001 7.407941e-001 3.302537e+000
1.540000e+000 2.340871e-002 9.423226e-004 4.324479e-003 1.549492e-002 -6.407156e-001 8.898976e-001 3.332930e+000
1.550000e+000 2.256885e-002 7.987142e-004 -2.437760e-003 2.179375e-002 -6.367128e-001 5.901111e-001 3.177449e+000
1.560000e+000 2.255104e-002 9.209905e-004 1.645573e-003 1.881237e-002 -6.208844e-001 7.896466e-001 3.263126e+000
1.570000e+000 2.296342e-002 8.997580e-004 2.497135e-003 2.061289e-002 -6.210786e-001 7.457073e-001 3.411947e+000
1.580000e+000 2.121570e-002 7.877539e-004 -2.623958e-003 1.599232e-002 -6.066854e-001 6.688594e-001 3.148884e+000
1.590000e+000 2.320803e-002 8.862818e-004 3.934896e-003 1.975052e-002 -6.142654e-001 5.747628e-001 3.347912e+000
1.600000e+000 1.922309e-002 6.512788e-004 2.933073e-003 1.165052e-002 -5.837930e-001 5.327481e-001 3.137048e+000
1.610000e+000 2.024700e-002 6.970038e-004 4.148698e-003 1.415339e-002 -6.015172e-001 5.148465e-001 3.121822e+000
1.620000e+000 1.861519e-002 5.933686e-004 5.256771e-003 1.185247e-002 -5.718583e-001 6.750048e-001 3.050179e+000
1.630000e+000 1.920071e-002 6.583792e-004 4.335937e-003 1.259896e-002 -5.695276e-001 7.247808e-001 3.167351e+000
1.640000e+000 1.844685e-002 5.862581e-004 3.041406e-003 1.081237e-002 -5.895216e-001 6.076382e-001 3.012054e+000
1.650000e+000 1.715748e-002 5.066296e-004 1.041146e-003 1.251354e-002 -5.755469e-001 5.822191e-001 2.831241e+000
1.660000e+000 1.795689e-002 5.564873e-004 4.313021e-003 9.975391e-003 -5.728229e-001 4.925631e-001 3.121881e+000
1.670000e+000 1.960203e-002 6.231435e-004 7.984375e-004 1.154635e-002 -5.658990e-001 4.955494e-001 3.423088e+000
1.680000e+000 1.602676e-002 4.168982e-004 -4.687500e-005 6.518099e-003 -5.468164e-001 5.317124e-001 3.040119e+000
1.690000e+000 1.663753e-002 4.636362e-004 -2.498177e-003 1.285820e-002 -5.320029e-001 6.002028e-001 3.046742e+000
1.700000e+000 1.655387e-002 4.600689e-004 2.566667e-003 8.177865e-003 -5.403349e-001 4.591218e-001 3.187482e+000
1.710000e+000 1.470574e-002 3.798369e-004 3.373958e-003 8.309375e-003 -5.054893e-001 4.787162e-001 2.877010e+000
1.720000e+000 1.627373e-002 4.387845e-004 -1.529687e-003 1.238203e-002 -5.433333e-001 4.840440e-001 2.906855e+000
1.730000e+000 1.601021e-002 4.242996e-004 2.166927e-003 6.547656e-003 -5.376685e-001 4.300896e-001 2.926598e+000
1.740000e+000 1.400330e-002 3.247036e-004 1.088802e-003 5.808333e-003 -5.213604e-001 4.190085e-001 2.779380e+000
1.750000e+000 1.516659e-002 3.759915e-004 8.023438e-004 6.515755e-003 -5.132937e-001 4.533836e-001 2.885249e+000
1.760000e+000 1.530901e-002 3.950781e-004 -3.929688e-004 6.193750e-003 -5.257755e-001 4.948531e-001 2.905648e+000
1.770000e+000 1.521799e-002 3.666888e-004 5.641146e-003 9.726432e-003 -5.157208e-001 4.495162e-001 3.013586e+000
1.780000e+000 1.390678e-002 3.217549e-004 7.678125e-003 -1.595443e-003 -5.016938e-001 4.316128e-001 2.927941e+000
1.790000e+000 1.413156e-002 3.457762e-004 3.582813e-003 8.747266e-003 -4.867529e-001 3.469054e-001 2.855779e+000
1.800000e+000 1.306536e-002 2.902558e-004 1.448438e-003 6.371484e-003 -5.036125e-001 4.121895e-001 2.580553e+000
1.810000e+000 1.457958e-002 3.439570e-004 -5.411458e-004 5.526953e-003 -4.900266e-001 3.738943e-001 3.085771e+000
1.820000e+000 1.485916e-002 3.568567e-004 2.964583e-003 6.428516e-003 -4.899635e-001 4.286674e-001 3.146797e+000
1.830000e+000 1.324039e-002 2.839194e-004 1.016146e-003 9.230078e-003 -4.847789e-001 3.234093e-001 2.765759e+000
1.840000e+000 1.503416e-002 3.543148e-004 3.965625e-003 3.082813e-003 -4.926185e-001 3.448374e-001 3.182538e+000
1.850000e+000 1.249057e-002 2.773716e-004 -6.766146e-003 3.662240e-003 -4.787727e-001 3.310570e-001 2.760163e+000
1.860000e+000 1.357256e-002 2.992065e-004 1.541927e-003 5.469531e-003 -4.823799e-001 3.530527e-001 3.038684e+000
1.870000e+000 1.233477e-002 2.468303e-004 -5.650781e-003 4.631510e-003 -4.670065e-001 3.274058e-001 2.785598e+000
1.880000e+000 1.339943e-002 3.048572e-004 5.159896e-003 5.939453e-003 -4.614687e-001 3.331824e-001 2.959272e+000
1.890000e+000 1.231333e-002 2.379360e-004 7.513021e-003 3.670964e-003 -4.608719e-001 2.491632e-001 2.838068e+000
1.900000e+000 1.312370e-002 2.892436e-004 -1.183594e-003 5.935286e-003 -4.490727e-001 3.779901e-001 3.014946e+000
1.910000e+000 1.114814e-002 2.086060e-004 -4.851563e-003 3.309245e-003 -4.576294e-001 3.920494e-001 2.611444e+000
1.920000e+000 1.286325e-002 2.809000e-004 1.653906e-003 5.679167e-003 -4.673500e-001 3.939008e-001 2.931512e+000
1.930000e+000 1.081832e-002 2.046884e-004 4.113542e-003 -1.653646e-003 -4.581891e-001 2.708427e-001 2.443536e+000
1.940000e+000 1.157774e-002 2.129672e-004 -1.007813e-004 5.888932e-003 -4.252698e-001 3.603329e-001 2.896915e+000
1.950000e+000 1.162150e-002 2.302610e-004 2.866667e-003 3.090885e-003 -4.217349e-001 4.110682e-001 2.847830e+000
1.960000e+000 1.153817e-002 2.332235e-004 3.234375e-003 -8.201823e-004 -4.362260e-001 3.973326e-001 2.802772e+000
1.970000e+000 1.174003e-002 2.241754e-004 3.121875e-003 2.284115e-003 -4.274620e-001 3.024902e-001 2.888071e+000
1.980000e+000 1.166009e-002 2.401797e-004 2.328646e-003 2.685417e-003 -4.428885e-001 3.359707e-001 2.694398e+000
1.990000e+000 1.208107e-002 2.445991e-004 7.593750e-004 3.144010e-003 -4.339206e-001 3.571787e-001 2.934521e+000
2.000000e+000 1.013553e-002 1.825172e-004 -2.288281e-003 1.014453e-003 -4.216964e-001 2.782325e-001 2.612076e+000
