# Temperature Magnetization2 Magnetization4 Correlation2 Correlation4 Energy Energy2 HeatCapacity CorrelationLength
0.000000e+000 1.000000e+000 1.000000e+000 1.000000e+000 1.000000e+000 -2.000000e+000 -1.#IND00e+000 6.575305e+016
1.000000e-002 1.000000e+000 1.000000e+000 1.000000e+000 1.000000e+000 -2.000000e+000 0.000000e+000 6.575305e+016
2.000000e-002 1.000000e+000 1.000000e+000 1.000000e+000 1.000000e+000 -2.000000e+000 0.000000e+000 6.575305e+016
3.000000e-002 1.000000e+000 1.000000e+000 1.000000e+000 1.000000e+000 -2.000000e+000 0.000000e+000 6.575305e+016
4.000000e-002 1.000000e+000 1.000000e+000 1.000000e+000 1.000000e+000 -2.000000e+000 0.000000e+000 6.575305e+016
5.000000e-002 1.000000e+000 1.000000e+000 1.000000e+000 1.000000e+000 -2.000000e+000 0.000000e+000 6.575305e+016
6.000000e-002 1.000000e+000 1.000000e+000 1.000000e+000 1.000000e+000 -2.000000e+000 0.000000e+000 6.575305e+016
7.000000e-002 1.000000e+000 1.000000e+000 1.000000e+000 1.000000e+000 -2.000000e+000 0.000000e+000 6.575305e+016
8.000000e-002 1.000000e+000 1.000000e+000 1.000000e+000 1.000000e+000 -2.000000e+000 0.000000e+000 6.575305e+016
9.000000e-002 1.000000e+000 1.000000e+000 1.000000e+000 1.000000e+000 -2.000000e+000 0.000000e+000 6.575305e+016
1.000000e-001 1.000000e+000 1.000000e+000 1.000000e+000 1.000000e+000 -2.000000e+000 0.000000e+000 6.575305e+016
1.100000e-001 1.000000e+000 1.000000e+000 1.000000e+000 1.000000e+000 -2.000000e+000 0.000000e+000 6.575305e+016
1.200000e-001 1.000000e+000 1.000000e+000 1.000000e+000 1.000000e+000 -2.000000e+000 0.000000e+000 6.575305e+016
1.300000e-001 1.000000e+000 1.000000e+000 1.000000e+000 1.000000e+000 -2.000000e+000 0.000000e+000 6.575305e+016
1.400000e-001 1.000000e+000 1.000000e+000 1.000000e+000 1.000000e+000 -2.000000e+000 0.000000e+000 6.575305e+016
1.500000e-001 1.000000e+000 1.000000e+000 1.000000e+000 1.000000e+000 -2.000000e+000 0.000000e+000 6.575305e+016
1.600000e-001 1.000000e+000 1.000000e+000 1.000000e+000 1.000000e+000 -2.000000e+000 0.000000e+000 6.575305e+016
1.700000e-001 1.000000e+000 1.000000e+000 1.000000e+000 1.000000e+000 -2.000000e+000 0.000000e+000 6.575305e+016
1.800000e-001 1.000000e+000 1.000000e+000 1.000000e+000 1.000000e+000 -2.000000e+000 0.000000e+000 6.575305e+016
1.900000e-001 1.000000e+000 1.000000e+000 1.000000e+000 1.000000e+000 -2.000000e+000 0.000000e+000 6.575305e+016
2.000000e-001 1.000000e+000 1.000000e+000 1.000000e+000 1.000000e+000 -2.000000e+000 0.000000e+000 6.575305e+016
2.100000e-001 1.000000e+000 1.000000e+000 1.000000e+000 1.000000e+000 -2.000000e+000 0.000000e+000 6.575305e+016
2.200000e-001 1.000000e+000 1.000000e+000 1.000000e+000 1.000000e+000 -2.000000e+000 0.000000e+000 6.575305e+016
2.300000e-001 1.000000e+000 1.000000e+000 1.000000e+000 1.000000e+000 -2.000000e+000 0.000000e+000 6.575305e+016
2.400000e-001 1.000000e+000 1.000000e+000 1.000000e+000 1.000000e+000 -2.000000e+000 0.000000e+000 6.575305e+016
2.500000e-001 1.000000e+000 1.000000e+000 1.000000e+000 1.000000e+000 -2.000000e+000 0.000000e+000 6.575305e+016
2.600000e-001 1.000000e+000 1.000000e+000 1.000000e+000 1.000000e+000 -2.000000e+000 0.000000e+000 6.575305e+016
2.700000e-001 1.000000e+000 1.000000e+000 1.000000e+000 1.000000e+000 -2.000000e+000 0.000000e+000 6.575305e+016
2.800000e-001 1.000000e+000 1.000000e+000 1.000000e+000 1.000000e+000 -2.000000e+000 0.000000e+000 6.575305e+016
2.900000e-001 1.000000e+000 1.000000e+000 1.000000e+000 1.000000e+000 -2.000000e+000 0.000000e+000 6.575305e+016
3.000000e-001 1.000000e+000 1.000000e+000 1.000000e+000 1.000000e+000 -2.000000e+000 0.000000e+000 6.575305e+016
3.100000e-001 1.000000e+000 1.000000e+000 1.000000e+000 1.000000e+000 -2.000000e+000 0.000000e+000 6.575305e+016
3.200000e-001 1.000000e+000 1.000000e+000 1.000000e+000 1.000000e+000 -2.000000e+000 0.000000e+000 6.575305e+016
3.300000e-001 1.000000e+000 1.000000e+000 1.000000e+000 1.000000e+000 -2.000000e+000 0.000000e+000 6.575305e+016
3.400000e-001 1.000000e+000 1.000000e+000 1.000000e+000 1.000000e+000 -2.000000e+000 0.000000e+000 6.575305e+016
3.500000e-001 1.000000e+000 1.000000e+000 1.000000e+000 1.000000e+000 -2.000000e+000 0.000000e+000 6.575305e+016
3.600000e-001 1.000000e+000 1.000000e+000 1.000000e+000 1.000000e+000 -2.000000e+000 0.000000e+000 6.575305e+016
3.700000e-001 1.000000e+000 1.000000e+000 1.000000e+000 1.000000e+000 -2.000000e+000 0.000000e+000 6.575305e+016
3.800000e-001 9.999917e-001 9.999835e-001 9.999917e-001 9.999917e-001 -1.999983e+000 6.150816e-004 2.008899e+004
3.900000e-001 9.999979e-001 9.999959e-001 9.999979e-001 9.999979e-001 -1.999996e+000 1.460735e-004 4.017810e+004
4.000000e-001 9.999938e-001 9.999876e-001 9.999937e-001 9.999937e-001 -1.999987e+000 4.164167e-004 2.319679e+004
4.100000e-001 9.999829e-001 9.999659e-001 9.999828e-001 9.999828e-001 -1.999966e+000 1.088821e-003 1.398811e+004
4.200000e-001 9.999767e-001 9.999536e-001 9.999766e-001 9.999766e-001 -1.999953e+000 1.414045e-003 1.197867e+004
4.300000e-001 9.999684e-001 9.999370e-001 9.999682e-001 9.999682e-001 -1.999936e+000 1.827232e-003 1.028841e+004
4.400000e-001 9.999191e-001 9.998390e-001 9.999187e-001 9.999187e-001 -1.999837e+000 4.441667e-003 6.433391e+003
4.500000e-001 9.999518e-001 9.999040e-001 9.999516e-001 9.999516e-001 -1.999903e+000 2.539576e-003 8.332358e+003
4.600000e-001 9.999300e-001 9.998607e-001 9.999297e-001 9.999297e-001 -1.999859e+000 3.520499e-003 6.915726e+003
4.700000e-001 9.998916e-001 9.997843e-001 9.998911e-001 9.998911e-001 -1.999782e+000 5.201347e-003 5.558059e+003
4.800000e-001 9.998812e-001 9.997636e-001 9.998807e-001 9.998807e-001 -1.999761e+000 5.458573e-003 5.309777e+003
4.900000e-001 9.998138e-001 9.996294e-001 9.998130e-001 9.998130e-001 -1.999626e+000 8.203895e-003 4.236794e+003
5.000000e-001 9.998387e-001 9.996790e-001 9.998380e-001 9.998380e-001 -1.999676e+000 6.803643e-003 4.556219e+003
5.100000e-001 9.997282e-001 9.994594e-001 9.997271e-001 9.997271e-001 -1.999463e+000 1.101633e-002 3.408186e+003
5.200000e-001 9.997474e-001 9.994974e-001 9.997464e-001 9.997464e-001 -1.999493e+000 1.009648e-002 3.641731e+003
5.300000e-001 9.996075e-001 9.992196e-001 9.996057e-001 9.996057e-001 -1.999235e+000 1.509583e-002 2.777779e+003
5.400000e-001 9.994496e-001 9.989066e-001 9.994469e-001 9.994469e-001 -1.998943e+000 2.059761e-002 2.201055e+003
5.500000e-001 9.994088e-001 9.988244e-001 9.994062e-001 9.994062e-001 -1.998824e+000 2.166574e-002 2.345726e+003
5.600000e-001 9.993574e-001 9.987221e-001 9.993547e-001 9.993547e-001 -1.998714e+000 2.265561e-002 2.290395e+003
5.700000e-001 9.992630e-001 9.985346e-001 9.992599e-001 9.992599e-001 -1.998531e+000 2.474475e-002 2.102680e+003
5.800000e-001 9.991791e-001 9.983681e-001 9.991755e-001 9.991755e-001 -1.998389e+000 2.556009e-002 1.924179e+003
5.900000e-001 9.989224e-001 9.978580e-001 9.989177e-001 9.989177e-001 -1.997873e+000 3.338180e-002 1.722167e+003
6.000000e-001 9.989789e-001 9.979701e-001 9.989745e-001 9.989747e-001 -1.997989e+000 2.989464e-002 1.748177e+003
6.100000e-001 9.984653e-001 9.969502e-001 9.984583e-001 9.984583e-001 -1.996968e+000 4.522507e-002 1.439380e+003
6.200000e-001 9.985076e-001 9.970348e-001 9.985073e-001 9.985005e-001 -1.997052e+000 4.436262e-002 1.467827e+003
6.300000e-001 9.983368e-001 9.966946e-001 9.983294e-001 9.983292e-001 -1.996721e+000 4.449223e-002 1.358152e+003
6.400000e-001 9.978451e-001 9.957189e-001 9.978349e-001 9.978350e-001 -1.995746e+000 5.707645e-002 1.211790e+003
6.500000e-001 9.977240e-001 9.954806e-001 9.977130e-001 9.977134e-001 -1.995562e+000 6.020539e-002 1.138532e+003
6.600000e-001 9.973659e-001 9.947687e-001 9.973633e-001 9.973534e-001 -1.994819e+000 6.586815e-002 1.090386e+003
6.700000e-001 9.972133e-001 9.944661e-001 9.972008e-001 9.972009e-001 -1.994514e+000 6.860534e-002 1.044349e+003
6.800000e-001 9.965581e-001 9.931687e-001 9.965448e-001 9.965414e-001 -1.993317e+000 8.026559e-002 9.164132e+002
6.900000e-001 9.962561e-001 9.925726e-001 9.962380e-001 9.962366e-001 -1.992685e+000 9.050516e-002 8.860055e+002
7.000000e-001 9.956732e-001 9.914145e-001 9.956505e-001 9.956572e-001 -1.991539e+000 9.488237e-002 8.368030e+002
7.100000e-001 9.948437e-001 9.897738e-001 9.948167e-001 9.948199e-001 -1.989973e+000 1.090456e-001 7.515780e+002
7.200000e-001 9.947659e-001 9.896200e-001 9.947458e-001 9.947447e-001 -1.989732e+000 1.117231e-001 7.588705e+002
7.300000e-001 9.940773e-001 9.882586e-001 9.940474e-001 9.940474e-001 -1.988450e+000 1.217102e-001 7.134858e+002
7.400000e-001 9.931617e-001 9.864559e-001 9.931242e-001 9.931307e-001 -1.986751e+000 1.405716e-001 6.493983e+002
7.500000e-001 9.927238e-001 9.855844e-001 9.926953e-001 9.926888e-001 -1.985774e+000 1.389787e-001 6.373107e+002
7.600000e-001 9.918288e-001 9.838310e-001 9.917896e-001 9.917865e-001 -1.984168e+000 1.670168e-001 5.913570e+002
7.700000e-001 9.905215e-001 9.812518e-001 9.904987e-001 9.904755e-001 -1.981789e+000 1.750973e-001 5.412277e+002
7.800000e-001 9.893009e-001 9.788462e-001 9.892570e-001 9.892460e-001 -1.979341e+000 1.897381e-001 5.177056e+002
7.900000e-001 9.892441e-001 9.787359e-001 9.891940e-001 9.891908e-001 -1.979282e+000 1.880754e-001 5.044051e+002
8.000000e-001 9.873836e-001 9.750951e-001 9.873060e-001 9.873142e-001 -1.975947e+000 2.228965e-001 4.560337e+002
8.100000e-001 9.867349e-001 9.738130e-001 9.866763e-001 9.866728e-001 -1.974584e+000 2.239659e-001 4.510249e+002
8.200000e-001 9.849179e-001 9.702745e-001 9.848167e-001 9.848253e-001 -1.971482e+000 2.616539e-001 4.186285e+002
8.300000e-001 9.838929e-001 9.682542e-001 9.838294e-001 9.838199e-001 -1.969364e+000 2.550688e-001 4.055102e+002
8.400000e-001 9.816254e-001 9.638402e-001 9.815299e-001 9.815190e-001 -1.965218e+000 3.011080e-001 3.755219e+002
8.500000e-001 9.804200e-001 9.614877e-001 9.803445e-001 9.803238e-001 -1.962850e+000 3.074775e-001 3.636407e+002
8.600000e-001 9.775801e-001 9.559682e-001 9.774404e-001 9.774582e-001 -1.957850e+000 3.374683e-001 3.344982e+002
8.700000e-001 9.761413e-001 9.531963e-001 9.759773e-001 9.760491e-001 -1.955261e+000 3.619830e-001 3.219060e+002
8.800000e-001 9.754540e-001 9.518316e-001 9.753172e-001 9.753176e-001 -1.953802e+000 3.378153e-001 3.231768e+002
8.900000e-001 9.718607e-001 9.449234e-001 9.716859e-001 9.716839e-001 -1.947951e+000 3.948374e-001 2.889511e+002
9.000000e-001 9.704581e-001 9.422188e-001 9.702839e-001 9.702682e-001 -1.944820e+000 4.150990e-001 2.799112e+002
9.100000e-001 9.676250e-001 9.368122e-001 9.674424e-001 9.674809e-001 -1.940257e+000 4.741220e-001 2.615500e+002
9.200000e-001 9.665388e-001 9.346965e-001 9.663628e-001 9.663176e-001 -1.938271e+000 4.540811e-001 2.611344e+002
9.300000e-001 9.624828e-001 9.269925e-001 9.621964e-001 9.622177e-001 -1.931286e+000 5.066911e-001 2.382505e+002
9.400000e-001 9.588316e-001 9.200394e-001 9.586016e-001 9.586026e-001 -1.924806e+000 5.543528e-001 2.242062e+002
9.500000e-001 9.570922e-001 9.166970e-001 9.567987e-001 9.568227e-001 -1.921849e+000 5.221005e-001 2.213611e+002
9.600000e-001 9.520981e-001 9.073157e-001 9.518250e-001 9.518466e-001 -1.913637e+000 5.911724e-001 1.996309e+002
9.700000e-001 9.490006e-001 9.014778e-001 9.486992e-001 9.487501e-001 -1.907921e+000 6.466668e-001 1.971555e+002
9.800000e-001 9.439813e-001 8.920958e-001 9.434964e-001 9.436908e-001 -1.900217e+000 6.952488e-001 1.835484e+002
9.900000e-001 9.408709e-001 8.863823e-001 9.403505e-001 9.405146e-001 -1.895261e+000 7.210055e-001 1.741022e+002
1.000000e+000 9.344512e-001 8.744483e-001 9.340326e-001 9.339871e-001 -1.884453e+000 7.945959e-001 1.652898e+002
1.010000e+000 9.316837e-001 8.694166e-001 9.310516e-001 9.312189e-001 -1.880063e+000 8.119303e-001 1.556862e+002
1.020000e+000 9.268934e-001 8.605114e-001 9.264419e-001 9.263546e-001 -1.871838e+000 8.395271e-001 1.524785e+002
1.030000e+000 9.208686e-001 8.497237e-001 9.203328e-001 9.202378e-001 -1.863243e+000 9.392829e-001 1.410025e+002
1.040000e+000 9.178576e-001 8.441929e-001 9.170721e-001 9.173154e-001 -1.857352e+000 9.523008e-001 1.394862e+002
1.050000e+000 9.071845e-001 8.250307e-001 9.065479e-001 9.064914e-001 -1.841508e+000 1.038329e+000 1.258846e+002
1.060000e+000 9.009287e-001 8.141157e-001 9.000284e-001 9.002699e-001 -1.830796e+000 1.150345e+000 1.202509e+002
1.070000e+000 8.941102e-001 8.021424e-001 8.930568e-001 8.933802e-001 -1.821933e+000 1.203896e+000 1.119463e+002
1.080000e+000 8.809642e-001 7.793207e-001 8.796190e-001 8.802441e-001 -1.801586e+000 1.398123e+000 1.011553e+002
1.090000e+000 8.783055e-001 7.747017e-001 8.770070e-001 8.772421e-001 -1.798060e+000 1.340977e+000 9.896902e+001
1.100000e+000 8.653167e-001 7.526098e-001 8.636117e-001 8.644393e-001 -1.779807e+000 1.434255e+000 8.983574e+001
1.110000e+000 8.543043e-001 7.339782e-001 8.528250e-001 8.533682e-001 -1.762483e+000 1.522642e+000 8.481496e+001
1.120000e+000 8.408736e-001 7.124254e-001 8.386107e-001 8.400315e-001 -1.746670e+000 1.717016e+000 7.535476e+001
1.130000e+000 8.289348e-001 6.934608e-001 8.264609e-001 8.282828e-001 -1.729328e+000 2.017648e+000 7.151012e+001
1.140000e+000 8.110508e-001 6.648260e-001 8.082581e-001 8.101669e-001 -1.705351e+000 2.079764e+000 6.531354e+001
1.150000e+000 7.884884e-001 6.309690e-001 7.843893e-001 7.876508e-001 -1.679995e+000 2.240688e+000 5.702026e+001
1.160000e+000 7.773036e-001 6.137863e-001 7.733203e-001 7.763703e-001 -1.662586e+000 2.314328e+000 5.519887e+001
1.170000e+000 7.494521e-001 5.754660e-001 7.443435e-001 7.497682e-001 -1.632117e+000 2.851368e+000 4.656234e+001
1.180000e+000 7.274596e-001 5.452401e-001 7.208076e-001 7.287611e-001 -1.607480e+000 3.213523e+000 4.220733e+001
1.190000e+000 6.966306e-001 5.084624e-001 6.884914e-001 6.981323e-001 -1.571573e+000 4.252038e+000 3.722744e+001
1.200000e+000 6.482495e-001 4.520629e-001 6.375469e-001 6.529573e-001 -1.525005e+000 5.104927e+000 3.033386e+001
1.210000e+000 5.556558e-001 3.550952e-001 5.392536e-001 5.662806e-001 -1.435421e+000 6.867800e+000 2.264288e+001
1.220000e+000 5.074851e-001 3.120386e-001 4.889901e-001 5.206699e-001 -1.388961e+000 7.656640e+000 1.972609e+001
1.230000e+000 3.886111e-001 2.040783e-001 3.627372e-001 4.077143e-001 -1.274077e+000 7.565499e+000 1.469256e+001
1.240000e+000 3.160081e-001 1.500269e-001 2.845385e-001 3.401934e-001 -1.204474e+000 7.073768e+000 1.215078e+001
1.250000e+000 2.514906e-001 1.084772e-001 2.179508e-001 2.743689e-001 -1.134775e+000 7.139721e+000 1.029372e+001
1.260000e+000 1.974056e-001 6.916480e-002 1.620068e-001 2.233639e-001 -1.072482e+000 5.157936e+000 8.751164e+000
1.270000e+000 1.631328e-001 5.021054e-002 1.254352e-001 1.917633e-001 -1.037583e+000 4.137662e+000 7.660799e+000
1.280000e+000 1.348515e-001 3.312967e-002 9.768021e-002 1.632146e-001 -9.980221e-001 3.131334e+000 6.806115e+000
1.290000e+000 1.192220e-001 2.655696e-002 7.876615e-002 1.500835e-001 -9.837146e-001 2.759136e+000 6.294991e+000
1.300000e+000 9.308633e-002 1.807276e-002 5.790938e-002 1.153660e-001 -9.276526e-001 2.618844e+000 5.623010e+000
1.310000e+000 8.390761e-002 1.412390e-002 5.187005e-002 1.072840e-001 -9.153297e-001 2.207149e+000 5.292150e+000
1.320000e+000 7.205672e-002 9.748199e-003 3.752031e-002 9.165208e-002 -8.818076e-001 2.054643e+000 4.914679e+000
1.330000e+000 6.341049e-002 7.846456e-003 2.985000e-002 8.093958e-002 -8.549198e-001 1.803863e+000 4.699066e+000
1.340000e+000 5.385605e-002 5.470322e-003 1.336276e-002 7.222995e-002 -8.497992e-001 1.463629e+000 4.208415e+000
1.350000e+000 5.364737e-002 5.433567e-003 1.928229e-002 6.531484e-002 -8.446042e-001 1.589150e+000 4.300816e+000
1.360000e+000 4.867293e-002 4.206839e-003 1.253073e-002 6.321237e-002 -8.200443e-001 1.265211e+000 4.043325e+000
1.370000e+000 4.748186e-002 4.060003e-003 1.528307e-002 5.608359e-002 -8.134055e-001 1.316313e+000 4.110615e+000
1.380000e+000 4.331932e-002 3.288752e-003 1.143594e-002 5.264596e-002 -7.872893e-001 1.017108e+000 3.993289e+000
1.390000e+000 4.005467e-002 2.905619e-003 9.486719e-003 4.794362e-002 -7.642180e-001 1.407739e+000 3.807872e+000
1.400000e+000 4.148313e-002 2.894633e-003 8.504427e-003 5.094310e-002 -7.854052e-001 1.045368e+000 3.790002e+000
1.410000e+000 3.493637e-002 2.142251e-003 4.467448e-003 4.251458e-002 -7.533406e-001 9.730784e-001 3.551851e+000
1.420000e+000 3.646741e-002 2.434245e-003 6.753125e-003 4.172682e-002 -7.569945e-001 1.056834e+000 3.686583e+000
1.430000e+000 3.463594e-002 2.229086e-003 6.721094e-003 3.905299e-002 -7.280193e-001 1.136388e+000 3.678798e+000
1.440000e+000 3.440963e-002 2.169090e-003 6.410417e-003 3.968672e-002 -7.355224e-001 1.123307e+000 3.587839e+000
1.450000e+000 2.944177e-002 1.556642e-003 1.384896e-003 2.853672e-002 -7.061758e-001 8.308536e-001 3.446304e+000
1.460000e+000 2.583726e-002 1.170738e-003 4.414323e-003 2.606419e-002 -6.762057e-001 8.296354e-001 3.213971e+000
1.470000e+000 2.760918e-002 1.293257e-003 4.406510e-003 2.409674e-002 -6.936130e-001 9.556828e-001 3.373043e+000
1.480000e+000 2.868549e-002 1.416761e-003 5.005208e-003 2.704948e-002 -6.901568e-001 8.538395e-001 3.503225e+000
1.490000e+000 2.800227e-002 1.269957e-003 9.252344e-003 2.664596e-002 -6.802258e-001 8.315642e-001 3.465860e+000
1.500000e+000 2.688517e-002 1.181977e-003 2.765625e-004 2.559531e-002 -6.652167e-001 8.018623e-001 3.404998e+000
1.510000e+000 2.673044e-002 1.216735e-003 3.246875e-003 2.372695e-002 -6.688948e-001 6.688860e-001 3.404373e+000
1.520000e+000 2.526301e-002 1.087865e-003 -1.388021e-003 2.697344e-002 -6.622615e-001 7.690071e-001 3.266558e+000
1.530000e+000 2.149501e-002 7.797981e-004 -1.706250e-003 1.816315e-002 -6.427206e-001 6.404314e-001 3.068564e+000
1.540000e+000 2.285383e-002 8.719410e-004 7.737500e-003 1.609128e-002 -6.320984e-001 6.819942e-001 3.201635e+000
1.550000e+000 2.355992e-002 9.333938e-004 -2.210937e-004 1.970065e-002 -6.321091e-001 7.286697e-001 3.260842e+000
1.560000e+000 2.213743e-002 8.613452e-004 -4.770573e-003 2.318294e-002 -6.331833e-001 8.157132e-001 3.164933e+000
1.570000e+000 2.158619e-002 8.142505e-004 -2.461458e-003 1.434479e-002 -6.343904e-001 7.364585e-001 3.126331e+000
1.580000e+000 1.880915e-002 5.980384e-004 -1.715885e-003 1.188086e-002 -5.835099e-001 7.192695e-001 3.008092e+000
1.590000e+000 2.149970e-002 7.729755e-004 -1.323177e-003 1.551979e-002 -6.101823e-001 7.099814e-001 3.233455e+000
1.600000e+000 1.978813e-002 6.658100e-004 2.566927e-003 1.175664e-002 -5.860435e-001 6.219585e-001 3.035636e+000
1.610000e+000 1.944737e-002 6.283001e-004 -1.112760e-003 1.489714e-002 -5.840878e-001 5.174579e-001 3.133118e+000
1.620000e+000 1.875741e-002 5.984055e-004 1.947135e-003 1.085508e-002 -5.825326e-001 7.224003e-001 3.085147e+000
1.630000e+000 1.784428e-002 5.490563e-004 3.172396e-003 9.699349e-003 -5.713583e-001 6.374936e-001 2.942439e+000
1.640000e+000 1.684716e-002 5.052351e-004 -1.814063e-003 1.268320e-002 -5.523734e-001 6.312507e-001 3.048734e+000
1.650000e+000 1.725369e-002 5.214178e-004 4.540885e-003 1.110299e-002 -5.635547e-001 7.301632e-001 2.971285e+000
1.660000e+000 1.666499e-002 4.836650e-004 1.773958e-003 1.101784e-002 -5.588422e-001 6.467501e-001 2.927743e+000
1.670000e+000 1.709060e-002 4.869340e-004 6.125260e-003 1.519766e-002 -5.532685e-001 5.034656e-001 2.994789e+000
1.680000e+000 1.694654e-002 4.728904e-004 1.223698e-003 1.364596e-002 -5.619872e-001 4.862284e-001 2.877563e+000
1.690000e+000 1.678980e-002 4.773832e-004 5.303906e-003 6.671615e-003 -5.418661e-001 4.838193e-001 3.109161e+000
1.700000e+000 1.644599e-002 4.502863e-004 1.178906e-003 7.108724e-003 -5.611089e-001 4.403322e-001 2.876039e+000
1.710000e+000 1.802968e-002 5.620206e-004 5.034896e-003 9.337891e-003 -5.438036e-001 5.360568e-001 3.250915e+000
1.720000e+000 1.435107e-002 3.514224e-004 -2.257292e-003 4.572656e-003 -5.354305e-001 4.674167e-001 2.697505e+000
1.730000e+000 1.616715e-002 4.381989e-004 6.701042e-003 9.652734e-003 -5.277305e-001 4.205430e-001 3.023810e+000
1.740000e+000 1.615654e-002 4.460681e-004 -4.216406e-003 1.230286e-002 -5.278927e-001 4.481910e-001 3.033805e+000
1.750000e+000 1.460128e-002 3.434440e-004 3.348438e-003 8.194401e-003 -5.104727e-001 4.423484e-001 2.952323e+000
1.760000e+000 1.609795e-002 4.438863e-004 3.219271e-003 1.330951e-002 -5.228263e-001 4.313353e-001 3.082472e+000
1.770000e+000 1.302621e-002 2.842821e-004 -3.751823e-003 7.505208e-003 -5.022815e-001 3.928898e-001 2.726865e+000
1.780000e+000 1.446613e-002 3.673188e-004 -5.083333e-003 8.439844e-003 -5.108773e-001 4.544813e-001 2.902353e+000
1.790000e+000 1.291274e-002 2.871102e-004 -5.130990e-003 3.517448e-003 -4.974531e-001 4.972331e-001 2.673491e+000
1.800000e+000 1.347184e-002 2.975661e-004 -8.992187e-004 4.513542e-003 -5.059951e-001 3.625708e-001 2.870483e+000
1.810000e+000 1.289391e-002 2.775733e-004 1.399479e-003 3.860026e-003 -5.002609e-001 3.886570e-001 2.667107e+000
1.820000e+000 1.337479e-002 3.005066e-004 -1.709115e-003 6.543229e-003 -5.083180e-001 4.066439e-001 2.667143e+000
1.830000e+000 1.276496e-002 2.721481e-004 -1.833073e-003 2.492187e-003 -4.877081e-001 3.857370e-001 2.671257e+000
1.840000e+000 1.269551e-002 2.718010e-004 -3.316406e-003 5.445703e-003 -4.847143e-001 3.693097e-001 2.812109e+000
1.850000e+000 1.261202e-002 2.658805e-004 -2.403906e-003 1.646615e-003 -4.792844e-001 4.389258e-001 2.732563e+000
1.860000e+000 1.378121e-002 3.376786e-004 -2.618490e-003 6.188281e-003 -4.723841e-001 4.198185e-001 3.032399e+000
1.870000e+000 1.161352e-002 2.169838e-004 -2.861198e-003 -1.172786e-003 -4.522044e-001 2.986904e-001 2.740110e+000
1.880000e+000 1.241712e-002 2.508520e-004 5.208333e-006 5.580208e-003 -4.688664e-001 3.589696e-001 2.679638e+000
1.890000e+000 1.305473e-002 2.633583e-004 -2.215625e-003 1.168099e-003 -4.711419e-001 3.056178e-001 2.866692e+000
1.900000e+000 1.152645e-002 2.222698e-004 6.039062e-004 -3.381510e-004 -4.622531e-001 3.426042e-001 2.686828e+000
1.910000e+000 1.403416e-002 3.349090e-004 4.632031e-003 4.692578e-003 -4.664513e-001 3.664963e-001 3.094141e+000
1.920000e+000 1.173352e-002 2.314779e-004 4.703646e-003 6.063672e-003 -4.512185e-001 2.471130e-001 2.779999e+000
1.930000e+000 1.389484e-002 3.212710e-004 1.092943e-002 8.112370e-003 -4.625112e-001 3.222987e-001 3.023114e+000
1.940000e+000 1.244395e-002 2.541013e-004 3.919531e-003 6.917708e-003 -4.489773e-001 2.695633e-001 2.815631e+000
1.950000e+000 1.211611e-002 2.632452e-004 1.188281e-003 3.708724e-003 -4.536979e-001 3.324993e-001 2.937074e+000
1.960000e+000 1.056532e-002 1.782495e-004 -3.653646e-003 1.839323e-003 -4.220812e-001 2.674691e-001 2.646032e+000
1.970000e+000 1.198385e-002 2.479510e-004 3.293490e-003 5.638932e-003 -4.377419e-001 3.031989e-001 2.868656e+000
1.980000e+000 1.206566e-002 2.315370e-004 -3.372396e-003 -2.860547e-003 -4.421487e-001 3.381918e-001 3.003752e+000
1.990000e+000 1.092902e-002 2.011351e-004 -4.574219e-003 3.947786e-003 -4.130568e-001 2.812285e-001 2.817573e+000
2.000000e+000 1.111360e-002 1.967804e-004 4.933073e-003 4.811068e-003 -4.229977e-001 2.696892e-001 2.765959e+000
