# Temperature Magnetization2 Magnetization4 Correlation2 Correlation4 Energy Energy2 HeatCapacity CorrelationLength
0.000000e+000 1.000000e+000 1.000000e+000 1.000000e+000 1.000000e+000 -2.000000e+000 -1.#IND00e+000 6.575305e+016
1.000000e-002 1.000000e+000 1.000000e+000 1.000000e+000 1.000000e+000 -2.000000e+000 0.000000e+000 6.575305e+016
2.000000e-002 1.000000e+000 1.000000e+000 1.000000e+000 1.000000e+000 -2.000000e+000 0.000000e+000 6.575305e+016
3.000000e-002 1.000000e+000 1.000000e+000 1.000000e+000 1.000000e+000 -2.000000e+000 0.000000e+000 6.575305e+016
4.000000e-002 1.000000e+000 1.000000e+000 1.000000e+000 1.000000e+000 -2.000000e+000 0.000000e+000 6.575305e+016
5.000000e-002 1.000000e+000 1.000000e+000 1.000000e+000 1.000000e+000 -2.000000e+000 0.000000e+000 6.575305e+016
6.000000e-002 1.000000e+000 1.000000e+000 1.000000e+000 1.000000e+000 -2.000000e+000 0.000000e+000 6.575305e+016
7.000000e-002 1.000000e+000 1.000000e+000 1.000000e+000 1.000000e+000 -2.000000e+000 0.000000e+000 6.575305e+016
8.000000e-002 1.000000e+000 1.000000e+000 1.000000e+000 1.000000e+000 -2.000000e+000 0.000000e+000 6.575305e+016
9.000000e-002 1.000000e+000 1.000000e+000 1.000000e+000 1.000000e+000 -2.000000e+000 0.000000e+000 6.575305e+016
1.000000e-001 1.000000e+000 1.000000e+000 1.000000e+000 1.000000e+000 -2.000000e+000 0.000000e+000 6.575305e+016
1.100000e-001 1.000000e+000 1.000000e+000 1.000000e+000 1.000000e+000 -2.000000e+000 0.000000e+000 6.575305e+016
1.200000e-001 1.000000e+000 1.000000e+000 1.000000e+000 1.000000e+000 -2.000000e+000 0.000000e+000 6.575305e+016
1.300000e-001 1.000000e+000 1.000000e+000 1.000000e+000 1.000000e+000 -2.000000e+000 0.000000e+000 6.575305e+016
1.400000e-001 1.000000e+000 1.000000e+000 1.000000e+000 1.000000e+000 -2.000000e+000 0.000000e+000 6.575305e+016
1.500000e-001 1.000000e+000 1.000000e+000 1.000000e+000 1.000000e+000 -2.000000e+000 0.000000e+000 6.575305e+016
1.600000e-001 1.000000e+000 1.000000e+000 1.000000e+000 1.000000e+000 -2.000000e+000 0.000000e+000 6.575305e+016
1.700000e-001 1.000000e+000 1.000000e+000 1.000000e+000 1.000000e+000 -2.000000e+000 0.000000e+000 6.575305e+016
1.800000e-001 1.000000e+000 1.000000e+000 1.000000e+000 1.000000e+000 -2.000000e+000 0.000000e+000 6.575305e+016
1.900000e-001 1.000000e+000 1.000000e+000 1.000000e+000 1.000000e+000 -2.000000e+000 0.000000e+000 6.575305e+016
2.000000e-001 1.000000e+000 1.000000e+000 1.000000e+000 1.000000e+000 -2.000000e+000 0.000000e+000 6.575305e+016
2.100000e-001 1.000000e+000 1.000000e+000 1.000000e+000 1.000000e+000 -2.000000e+000 0.000000e+000 6.575305e+016
2.200000e-001 1.000000e+000 1.000000e+000 1.000000e+000 1.000000e+000 -2.000000e+000 0.000000e+000 6.575305e+016
2.300000e-001 1.000000e+000 1.000000e+000 1.000000e+000 1.000000e+000 -2.000000e+000 0.000000e+000 6.575305e+016
2.400000e-001 1.000000e+000 1.000000e+000 1.000000e+000 1.000000e+000 -2.000000e+000 0.000000e+000 6.575305e+016
2.500000e-001 1.000000e+000 1.000000e+000 1.000000e+000 1.000000e+000 -2.000000e+000 0.000000e+000 6.575305e+016
2.600000e-001 1.000000e+000 1.000000e+000 1.000000e+000 1.000000e+000 -2.000000e+000 0.000000e+000 6.575305e+016
2.700000e-001 1.000000e+000 1.000000e+000 1.000000e+000 1.000000e+000 -2.000000e+000 0.000000e+000 6.575305e+016
2.800000e-001 1.000000e+000 1.000000e+000 1.000000e+000 1.000000e+000 -2.000000e+000 0.000000e+000 6.575305e+016
2.900000e-001 1.000000e+000 1.000000e+000 1.000000e+000 1.000000e+000 -2.000000e+000 0.000000e+000 6.575305e+016
3.000000e-001 1.000000e+000 1.000000e+000 1.000000e+000 1.000000e+000 -2.000000e+000 0.000000e+000 6.575305e+016
3.100000e-001 1.000000e+000 1.000000e+000 1.000000e+000 1.000000e+000 -2.000000e+000 0.000000e+000 6.575305e+016
3.200000e-001 1.000000e+000 1.000000e+000 1.000000e+000 1.000000e+000 -2.000000e+000 0.000000e+000 6.575305e+016
3.300000e-001 1.000000e+000 1.000000e+000 1.000000e+000 1.000000e+000 -2.000000e+000 0.000000e+000 6.575305e+016
3.400000e-001 1.000000e+000 1.000000e+000 1.000000e+000 1.000000e+000 -2.000000e+000 0.000000e+000 6.575305e+016
3.500000e-001 1.000000e+000 1.000000e+000 1.000000e+000 1.000000e+000 -2.000000e+000 0.000000e+000 6.575305e+016
3.600000e-001 9.999922e-001 9.999845e-001 9.999922e-001 9.999922e-001 -1.999984e+000 6.425219e-004 2.074782e+004
3.700000e-001 9.999870e-001 9.999742e-001 9.999870e-001 9.999870e-001 -1.999974e+000 1.013260e-003 1.607115e+004
3.800000e-001 9.999933e-001 9.999866e-001 9.999932e-001 9.999932e-001 -1.999986e+000 4.998288e-004 2.228675e+004
3.900000e-001 9.999948e-001 9.999897e-001 9.999948e-001 9.999948e-001 -1.999990e+000 3.650741e-004 2.541082e+004
4.000000e-001 9.999927e-001 9.999855e-001 9.999927e-001 9.999927e-001 -1.999985e+000 4.857708e-004 2.147604e+004
4.100000e-001 9.999663e-001 9.999329e-001 9.999661e-001 9.999661e-001 -1.999933e+000 2.211547e-003 9.822499e+003
4.200000e-001 9.999590e-001 9.999185e-001 9.999589e-001 9.999589e-001 -1.999918e+000 2.478205e-003 9.040603e+003
4.300000e-001 9.999642e-001 9.999288e-001 9.999641e-001 9.999641e-001 -1.999928e+000 2.066040e-003 9.673587e+003
4.400000e-001 9.999564e-001 9.999133e-001 9.999562e-001 9.999562e-001 -1.999912e+000 2.400344e-003 8.767399e+003
4.500000e-001 9.999315e-001 9.998637e-001 9.999312e-001 9.999312e-001 -1.999862e+000 3.597498e-003 6.993877e+003
4.600000e-001 9.999232e-001 9.998472e-001 9.999229e-001 9.999229e-001 -1.999846e+000 3.856984e-003 6.604992e+003
4.700000e-001 9.999009e-001 9.998028e-001 9.999005e-001 9.999005e-001 -1.999801e+000 4.757707e-003 5.814088e+003
4.800000e-001 9.998822e-001 9.997657e-001 9.998818e-001 9.998818e-001 -1.999764e+000 5.459673e-003 5.328971e+003
4.900000e-001 9.997940e-001 9.995902e-001 9.997932e-001 9.997932e-001 -1.999587e+000 9.009889e-003 4.022815e+003
5.000000e-001 9.998023e-001 9.996067e-001 9.998016e-001 9.998016e-001 -1.999603e+000 8.305377e-003 4.116370e+003
5.100000e-001 9.997909e-001 9.995840e-001 9.997901e-001 9.997901e-001 -1.999580e+000 8.434353e-003 4.002413e+003
5.200000e-001 9.996773e-001 9.993581e-001 9.996760e-001 9.996760e-001 -1.999353e+000 1.255276e-002 3.210167e+003
5.300000e-001 9.996369e-001 9.992776e-001 9.996354e-001 9.996354e-001 -1.999271e+000 1.371583e-002 3.031390e+003
5.400000e-001 9.996026e-001 9.992095e-001 9.996010e-001 9.996010e-001 -1.999206e+000 1.411141e-002 2.876775e+003
5.500000e-001 9.995052e-001 9.990160e-001 9.995031e-001 9.995031e-001 -1.999012e+000 1.811715e-002 2.572573e+003
5.600000e-001 9.994182e-001 9.988433e-001 9.994156e-001 9.994180e-001 -1.998856e+000 2.013207e-002 2.284571e+003
5.700000e-001 9.991476e-001 9.983055e-001 9.991437e-001 9.991437e-001 -1.998305e+000 2.986885e-002 1.952217e+003
5.800000e-001 9.991946e-001 9.983986e-001 9.991935e-001 9.991911e-001 -1.998390e+000 2.655313e-002 2.035109e+003
5.900000e-001 9.988856e-001 9.977850e-001 9.988820e-001 9.988807e-001 -1.997783e+000 3.578283e-002 1.687083e+003
6.000000e-001 9.988386e-001 9.976916e-001 9.988333e-001 9.988339e-001 -1.997688e+000 3.651926e-002 1.704396e+003
6.100000e-001 9.987966e-001 9.976085e-001 9.987914e-001 9.987915e-001 -1.997607e+000 3.688808e-002 1.631991e+003
6.200000e-001 9.984986e-001 9.970165e-001 9.984919e-001 9.984917e-001 -1.997018e+000 4.384424e-002 1.460331e+003
6.300000e-001 9.982297e-001 9.964830e-001 9.982214e-001 9.982214e-001 -1.996473e+000 5.131323e-002 1.341427e+003
6.400000e-001 9.979321e-001 9.958901e-001 9.979229e-001 9.979259e-001 -1.995889e+000 5.274027e-002 1.239362e+003
6.500000e-001 9.976597e-001 9.953513e-001 9.976495e-001 9.976487e-001 -1.995390e+000 5.952040e-002 1.148209e+003
6.600000e-001 9.972258e-001 9.944909e-001 9.972146e-001 9.972128e-001 -1.994553e+000 6.959187e-002 1.056372e+003
6.700000e-001 9.970445e-001 9.941305e-001 9.970297e-001 9.970323e-001 -1.994185e+000 6.996657e-002 1.012560e+003
6.800000e-001 9.968674e-001 9.937813e-001 9.968516e-001 9.968530e-001 -1.993863e+000 7.557504e-002 9.915491e+002
6.900000e-001 9.962207e-001 9.925052e-001 9.962023e-001 9.962026e-001 -1.992741e+000 8.783899e-002 8.344923e+002
7.000000e-001 9.957310e-001 9.915320e-001 9.957086e-001 9.957134e-001 -1.991668e+000 9.816270e-002 8.271516e+002
7.100000e-001 9.947733e-001 9.896335e-001 9.947458e-001 9.947462e-001 -1.989797e+000 1.109447e-001 7.632878e+002
7.200000e-001 9.947869e-001 9.896613e-001 9.947578e-001 9.947674e-001 -1.989861e+000 1.072711e-001 7.474902e+002
7.300000e-001 9.940481e-001 9.882038e-001 9.940203e-001 9.940199e-001 -1.988462e+000 1.222744e-001 6.901373e+002
7.400000e-001 9.930111e-001 9.861594e-001 9.929758e-001 9.929772e-001 -1.986464e+000 1.463738e-001 6.391728e+002
7.500000e-001 9.924007e-001 9.849580e-001 9.923701e-001 9.923673e-001 -1.985254e+000 1.620630e-001 6.207843e+002
7.600000e-001 9.922543e-001 9.846589e-001 9.922115e-001 9.922137e-001 -1.984925e+000 1.453898e-001 6.150209e+002
7.700000e-001 9.906233e-001 9.814525e-001 9.905828e-001 9.905767e-001 -1.981914e+000 1.760186e-001 5.413757e+002
7.800000e-001 9.895596e-001 9.793605e-001 9.895112e-001 9.895145e-001 -1.979916e+000 1.926756e-001 5.135781e+002
7.900000e-001 9.879701e-001 9.762297e-001 9.879219e-001 9.879056e-001 -1.976940e+000 2.020026e-001 4.769848e+002
8.000000e-001 9.880929e-001 9.764764e-001 9.880289e-001 9.880501e-001 -1.977055e+000 2.074071e-001 4.818387e+002
8.100000e-001 9.864128e-001 9.731870e-001 9.863586e-001 9.863467e-001 -1.974102e+000 2.290449e-001 4.404812e+002
8.200000e-001 9.848596e-001 9.701490e-001 9.847766e-001 9.847973e-001 -1.971416e+000 2.446198e-001 4.114376e+002
8.300000e-001 9.841882e-001 9.688260e-001 9.841109e-001 9.841276e-001 -1.969781e+000 2.523380e-001 4.150294e+002
8.400000e-001 9.817593e-001 9.641098e-001 9.816659e-001 9.816686e-001 -1.965686e+000 2.917641e-001 3.642729e+002
8.500000e-001 9.807218e-001 9.620933e-001 9.806188e-001 9.806436e-001 -1.963515e+000 3.236253e-001 3.673065e+002
8.600000e-001 9.793113e-001 9.593334e-001 9.792362e-001 9.791988e-001 -1.961159e+000 3.107882e-001 3.476773e+002
8.700000e-001 9.777628e-001 9.563315e-001 9.776339e-001 9.776350e-001 -1.958221e+000 3.345842e-001 3.349857e+002
8.800000e-001 9.754436e-001 9.518271e-001 9.753654e-001 9.752924e-001 -1.953917e+000 3.433898e-001 3.147697e+002
8.900000e-001 9.726136e-001 9.463627e-001 9.724391e-001 9.724660e-001 -1.948936e+000 3.798655e-001 2.940687e+002
9.000000e-001 9.701719e-001 9.417153e-001 9.700023e-001 9.699979e-001 -1.945031e+000 4.381480e-001 2.723919e+002
9.100000e-001 9.679576e-001 9.374582e-001 9.677654e-001 9.677658e-001 -1.941082e+000 4.544636e-001 2.610334e+002
9.200000e-001 9.649172e-001 9.316199e-001 9.647237e-001 9.647124e-001 -1.935057e+000 4.988107e-001 2.526404e+002
9.300000e-001 9.628573e-001 9.276879e-001 9.626805e-001 9.626228e-001 -1.931625e+000 5.064920e-001 2.448541e+002
9.400000e-001 9.577085e-001 9.179331e-001 9.575521e-001 9.574461e-001 -1.922912e+000 5.867597e-001 2.225080e+002
9.500000e-001 9.566380e-001 9.159155e-001 9.562945e-001 9.563108e-001 -1.921949e+000 5.749088e-001 2.123649e+002
9.600000e-001 9.517452e-001 9.066135e-001 9.514701e-001 9.514359e-001 -1.912747e+000 5.969752e-001 2.051964e+002
9.700000e-001 9.497981e-001 9.029939e-001 9.493961e-001 9.494993e-001 -1.909416e+000 6.420986e-001 1.987158e+002
9.800000e-001 9.453586e-001 8.946471e-001 9.449495e-001 9.449905e-001 -1.902239e+000 6.598010e-001 1.878208e+002
9.900000e-001 9.406471e-001 8.858940e-001 9.401596e-001 9.402701e-001 -1.893938e+000 7.265236e-001 1.774293e+002
1.000000e+000 9.365170e-001 8.782809e-001 9.361659e-001 9.361346e-001 -1.887432e+000 7.743037e-001 1.701550e+002
1.010000e+000 9.314492e-001 8.689757e-001 9.310383e-001 9.310092e-001 -1.878776e+000 8.541489e-001 1.608139e+002
1.020000e+000 9.251840e-001 8.574348e-001 9.245091e-001 9.247358e-001 -1.869159e+000 8.400344e-001 1.474697e+002
1.030000e+000 9.184764e-001 8.453517e-001 9.179768e-001 9.178839e-001 -1.858437e+000 9.874850e-001 1.381115e+002
1.040000e+000 9.132199e-001 8.359074e-001 9.124956e-001 9.126740e-001 -1.850871e+000 9.968947e-001 1.298494e+002
1.050000e+000 9.112817e-001 8.324382e-001 9.106505e-001 9.107297e-001 -1.846977e+000 1.025009e+000 1.298418e+002
1.060000e+000 9.006340e-001 8.136859e-001 8.994268e-001 9.001449e-001 -1.831694e+000 1.162770e+000 1.164725e+002
1.070000e+000 8.935215e-001 8.011630e-001 8.925427e-001 8.927143e-001 -1.820982e+000 1.222327e+000 1.104167e+002
1.080000e+000 8.828811e-001 7.826083e-001 8.813260e-001 8.819706e-001 -1.805130e+000 1.312988e+000 1.006604e+002
1.090000e+000 8.746442e-001 7.683051e-001 8.732531e-001 8.735349e-001 -1.791945e+000 1.381852e+000 9.836705e+001
1.100000e+000 8.589842e-001 7.424083e-001 8.572935e-001 8.581422e-001 -1.771065e+000 1.677013e+000 8.475014e+001
1.110000e+000 8.519753e-001 7.301061e-001 8.501581e-001 8.510017e-001 -1.759934e+000 1.560808e+000 8.371130e+001
1.120000e+000 8.372010e-001 7.069443e-001 8.349198e-001 8.364185e-001 -1.743439e+000 1.794938e+000 7.306080e+001
1.130000e+000 8.280164e-001 6.919161e-001 8.257341e-001 8.271292e-001 -1.730179e+000 1.931970e+000 7.015772e+001
1.140000e+000 8.127884e-001 6.678950e-001 8.096172e-001 8.117970e-001 -1.708704e+000 2.046205e+000 6.469081e+001
1.150000e+000 7.914684e-001 6.369157e-001 7.874432e-001 7.913613e-001 -1.685088e+000 2.421175e+000 5.507006e+001
1.160000e+000 7.647555e-001 5.989739e-001 7.596797e-001 7.651617e-001 -1.651739e+000 3.129655e+000 4.838395e+001
1.170000e+000 7.454287e-001 5.729173e-001 7.397443e-001 7.462483e-001 -1.629992e+000 3.493247e+000 4.490918e+001
1.180000e+000 7.095163e-001 5.256778e-001 7.027380e-001 7.111264e-001 -1.591956e+000 4.047568e+000 3.838451e+001
1.190000e+000 6.701883e-001 4.775564e-001 6.604104e-001 6.744578e-001 -1.550642e+000 4.665240e+000 3.270037e+001
1.200000e+000 6.437395e-001 4.445535e-001 6.326195e-001 6.479766e-001 -1.518693e+000 4.976694e+000 3.014120e+001
1.210000e+000 5.775563e-001 3.744370e-001 5.647117e-001 5.862204e-001 -1.452391e+000 6.307485e+000 2.451104e+001
1.220000e+000 5.185302e-001 3.169397e-001 4.990198e-001 5.314859e-001 -1.400839e+000 6.644269e+000 2.017282e+001
1.230000e+000 4.497451e-001 2.590717e-001 4.279424e-001 4.658208e-001 -1.328083e+000 8.137453e+000 1.730676e+001
1.240000e+000 3.474418e-001 1.756888e-001 3.184729e-001 3.678936e-001 -1.232238e+000 7.815047e+000 1.328174e+001
1.250000e+000 2.539664e-001 1.077880e-001 2.223878e-001 2.803331e-001 -1.136407e+000 6.715708e+000 1.031012e+001
1.260000e+000 2.083595e-001 7.776611e-002 1.739065e-001 2.371358e-001 -1.085848e+000 5.731801e+000 8.929594e+000
1.270000e+000 1.360749e-001 3.841021e-002 1.009453e-001 1.625464e-001 -9.943346e-001 4.277722e+000 6.931081e+000
1.280000e+000 1.496692e-001 4.314825e-002 1.113786e-001 1.770749e-001 -1.025341e+000 3.618447e+000 7.244324e+000
1.290000e+000 1.081812e-001 2.359675e-002 6.952005e-002 1.310858e-001 -9.540398e-001 2.857288e+000 6.124587e+000
1.300000e+000 1.023536e-001 2.064148e-002 6.284818e-002 1.281329e-001 -9.552276e-001 2.473638e+000 5.824457e+000
1.310000e+000 8.112462e-002 1.273520e-002 4.619271e-002 1.055517e-001 -9.076422e-001 2.177940e+000 5.137487e+000
1.320000e+000 6.981005e-002 9.624213e-003 3.349844e-002 8.973112e-002 -8.879458e-001 2.032256e+000 4.837333e+000
1.330000e+000 5.766058e-002 5.855384e-003 2.316797e-002 7.363268e-002 -8.516354e-001 1.578207e+000 4.414308e+000
1.340000e+000 6.143873e-002 7.160604e-003 2.565937e-002 7.740312e-002 -8.504917e-001 1.845554e+000 4.587020e+000
1.350000e+000 5.467520e-002 5.670198e-003 2.194661e-002 6.868164e-002 -8.304820e-001 1.702575e+000 4.365465e+000
1.360000e+000 4.921754e-002 4.773890e-003 2.162448e-002 6.121497e-002 -8.071536e-001 1.921215e+000 4.181229e+000
1.370000e+000 4.629166e-002 4.081488e-003 1.521068e-002 5.954336e-002 -8.084073e-001 1.087185e+000 4.004855e+000
1.380000e+000 3.962866e-002 2.907602e-003 3.620573e-003 4.455482e-002 -7.626297e-001 1.222817e+000 3.872611e+000
1.390000e+000 4.021043e-002 2.986699e-003 4.373958e-003 4.834714e-002 -7.749651e-001 1.272772e+000 3.853251e+000
1.400000e+000 4.019985e-002 2.829707e-003 9.245573e-003 4.789987e-002 -7.794245e-001 1.004431e+000 3.792866e+000
1.410000e+000 3.692983e-002 2.546803e-003 7.754687e-003 4.451966e-002 -7.595891e-001 9.553753e-001 3.639313e+000
1.420000e+000 3.464022e-002 2.109792e-003 7.023958e-003 3.655977e-002 -7.498766e-001 1.028951e+000 3.556464e+000
1.430000e+000 3.422145e-002 2.065386e-003 4.773958e-003 3.868906e-002 -7.298120e-001 1.020618e+000 3.597529e+000
1.440000e+000 3.437885e-002 2.142488e-003 8.767187e-003 3.817305e-002 -7.270578e-001 1.110982e+000 3.692196e+000
1.450000e+000 2.657092e-002 1.246589e-003 3.661719e-003 2.576328e-002 -7.100932e-001 1.023477e+000 3.119803e+000
1.460000e+000 2.806425e-002 1.414696e-003 4.540365e-003 2.801810e-002 -6.981224e-001 1.099952e+000 3.254536e+000
1.470000e+000 3.039238e-002 1.656204e-003 2.852604e-003 3.242917e-002 -6.969724e-001 9.396227e-001 3.501868e+000
1.480000e+000 2.970500e-002 1.538845e-003 1.138021e-003 2.934701e-002 -6.951685e-001 8.529202e-001 3.536612e+000
1.490000e+000 2.841901e-002 1.386261e-003 5.705990e-003 2.891003e-002 -6.939966e-001 9.828025e-001 3.447752e+000
1.500000e+000 2.441761e-002 1.007619e-003 -7.708333e-005 2.120911e-002 -6.614839e-001 8.726036e-001 3.224471e+000
1.510000e+000 2.527363e-002 1.141560e-003 5.417708e-003 2.258880e-002 -6.710141e-001 7.876308e-001 3.290864e+000
1.520000e+000 2.411987e-002 9.678437e-004 5.901563e-003 2.184831e-002 -6.522201e-001 9.002023e-001 3.194392e+000
1.530000e+000 2.429527e-002 1.005519e-003 6.317969e-003 2.106888e-002 -6.500758e-001 7.777041e-001 3.329375e+000
1.540000e+000 2.175906e-002 8.259642e-004 -1.819010e-003 1.957578e-002 -6.315023e-001 7.382066e-001 3.031659e+000
1.550000e+000 2.328907e-002 9.354519e-004 3.496615e-003 1.952630e-002 -6.374836e-001 7.933725e-001 3.283430e+000
1.560000e+000 2.038368e-002 6.708130e-004 -3.090104e-003 1.406576e-002 -6.134451e-001 6.845973e-001 3.090214e+000
1.570000e+000 2.056935e-002 7.208901e-004 -1.311979e-003 1.207630e-002 -6.159443e-001 6.317873e-001 3.070078e+000
1.580000e+000 2.088697e-002 7.630185e-004 2.156250e-004 1.605000e-002 -6.247958e-001 7.765631e-001 3.089502e+000
1.590000e+000 1.998221e-002 6.942324e-004 4.438021e-003 1.558607e-002 -6.055914e-001 6.246721e-001 3.082698e+000
1.600000e+000 1.780180e-002 5.395505e-004 -1.231510e-003 1.556719e-002 -6.131500e-001 5.754296e-001 2.741324e+000
1.610000e+000 1.866341e-002 6.024292e-004 -1.369010e-003 9.736328e-003 -5.899432e-001 5.955748e-001 3.075256e+000
1.620000e+000 1.844309e-002 5.540332e-004 1.537500e-003 8.523177e-003 -5.708693e-001 5.697471e-001 3.162198e+000
1.630000e+000 1.783714e-002 5.263710e-004 4.915365e-003 9.359766e-003 -5.698789e-001 5.630211e-001 2.941985e+000
1.640000e+000 1.848181e-002 5.946095e-004 -3.744010e-003 1.635182e-002 -5.919990e-001 5.816377e-001 2.960304e+000
1.650000e+000 1.835108e-002 5.504895e-004 1.822917e-005 1.190599e-002 -5.721026e-001 5.748420e-001 3.021412e+000
1.660000e+000 1.617228e-002 4.417815e-004 1.085937e-004 9.589453e-003 -5.389305e-001 4.789947e-001 2.912237e+000
1.670000e+000 1.649609e-002 4.490513e-004 5.767448e-003 1.131354e-002 -5.472299e-001 4.866472e-001 2.926078e+000
1.680000e+000 1.585462e-002 4.306151e-004 -3.803906e-003 1.097682e-002 -5.429273e-001 5.315644e-001 2.907481e+000
1.690000e+000 1.608832e-002 4.257567e-004 -2.684896e-004 8.328385e-003 -5.435341e-001 5.656268e-001 3.028748e+000
1.700000e+000 1.548376e-002 4.144348e-004 3.103906e-003 5.578776e-003 -5.282911e-001 5.312480e-001 2.938702e+000
1.710000e+000 1.528325e-002 4.130784e-004 -4.716667e-003 4.931120e-003 -5.363445e-001 3.695474e-001 2.955433e+000
1.720000e+000 1.537429e-002 4.173298e-004 2.994792e-005 3.184375e-003 -5.207044e-001 4.231408e-001 3.055609e+000
1.730000e+000 1.487670e-002 3.907556e-004 1.562760e-003 9.730990e-003 -5.345026e-001 6.247025e-001 2.721311e+000
1.740000e+000 1.716393e-002 4.983954e-004 7.204167e-003 1.049010e-002 -5.165552e-001 3.610951e-001 3.237224e+000
1.750000e+000 1.537074e-002 3.708435e-004 -1.097917e-003 6.803125e-003 -5.098367e-001 4.151978e-001 3.026697e+000
1.760000e+000 1.427333e-002 3.378119e-004 -2.187500e-003 4.032552e-003 -5.154615e-001 4.318068e-001 2.906389e+000
1.770000e+000 1.441499e-002 3.501240e-004 2.830208e-003 4.319141e-003 -4.859719e-001 4.606433e-001 2.985239e+000
1.780000e+000 1.361215e-002 3.039109e-004 -6.310677e-003 9.048828e-003 -4.923974e-001 4.637781e-001 2.782944e+000
1.790000e+000 1.356214e-002 3.072046e-004 -7.924479e-003 6.675391e-003 -5.014240e-001 4.239235e-001 2.879172e+000
1.800000e+000 1.304539e-002 2.825082e-004 7.906250e-004 4.516276e-003 -4.855443e-001 2.980037e-001 2.815710e+000
1.810000e+000 1.313286e-002 2.879125e-004 9.950521e-004 5.090755e-003 -4.938721e-001 3.929810e-001 2.795836e+000
1.820000e+000 1.420060e-002 3.283221e-004 1.195573e-003 6.227995e-003 -4.964096e-001 3.977817e-001 3.018838e+000
1.830000e+000 1.406491e-002 3.177371e-004 6.155208e-003 4.497135e-003 -5.003174e-001 4.760109e-001 2.849547e+000
1.840000e+000 1.263860e-002 2.644385e-004 3.066406e-003 1.397135e-003 -4.858060e-001 3.536589e-001 2.758188e+000
1.850000e+000 1.297425e-002 2.782160e-004 -1.866927e-003 6.122396e-003 -4.765208e-001 4.500427e-001 2.782596e+000
1.860000e+000 1.313292e-002 3.046812e-004 2.645573e-003 2.869531e-003 -4.713273e-001 3.453903e-001 2.897787e+000
1.870000e+000 1.280796e-002 3.188654e-004 -1.800000e-003 7.727865e-003 -4.607128e-001 3.448029e-001 2.796977e+000
1.880000e+000 1.196516e-002 2.418011e-004 -3.377604e-004 1.302604e-003 -4.585562e-001 3.219189e-001 2.743950e+000
1.890000e+000 1.212671e-002 2.438893e-004 1.848698e-003 7.258464e-003 -4.363831e-001 3.424424e-001 2.816711e+000
1.900000e+000 1.152793e-002 2.265356e-004 -5.521615e-003 3.789453e-003 -4.581391e-001 3.979931e-001 2.680778e+000
1.910000e+000 1.212287e-002 2.690862e-004 -2.760156e-003 5.849609e-003 -4.581122e-001 2.476398e-001 2.680286e+000
1.920000e+000 1.215540e-002 2.301510e-004 2.758594e-003 6.015885e-003 -4.399320e-001 2.733968e-001 2.945471e+000
1.930000e+000 1.253924e-002 2.549945e-004 4.501042e-003 2.624089e-003 -4.351508e-001 2.819852e-001 2.976416e+000
1.940000e+000 1.106890e-002 2.138690e-004 1.758073e-003 4.856250e-003 -4.433172e-001 2.711831e-001 2.682396e+000
1.950000e+000 1.151461e-002 2.223332e-004 3.816406e-003 3.434635e-003 -4.520596e-001 2.847935e-001 2.862076e+000
1.960000e+000 1.064070e-002 1.862745e-004 -6.217969e-003 3.005990e-003 -4.242083e-001 2.735982e-001 2.608289e+000
1.970000e+000 1.111259e-002 1.901194e-004 -5.677083e-004 6.421745e-003 -4.233383e-001 3.234974e-001 2.776482e+000
1.980000e+000 1.180304e-002 2.398901e-004 7.817708e-003 3.180208e-003 -4.269667e-001 3.592379e-001 2.842431e+000
1.990000e+000 1.110154e-002 2.041922e-004 3.925781e-003 -1.388021e-004 -4.249990e-001 2.903668e-001 2.764033e+000
2.000000e+000 1.087111e-002 2.042969e-004 1.097656e-003 4.607031e-003 -4.187362e-001 3.522919e-001 2.702495e+000
