# Enhanced Quasi-3D Monte Carlo Simulation
# Timestamp: 20250716_042947
# Spin model: icosahedral (13 states)
# Algorithm: hybrid (hybrid Metropolis+Wolff)
# Theoretical Tc (8-state Potts): ~0.751
# Temperature range: 0.1-1.5 (optimized for critical region)
# Layer: 3/3
# System size: 8x8x3, Total sites: 192
# Void parameter D: 0.500
#
# Temperature          M^2          M^4          G^2          G^4       Energy           Cv         Corr
 1.000000e-01  1.000000e+00  1.000000e+00  1.000000e+00  1.000000e+00 -4.000000e+00  0.000000e+00  0.000000e+00
 1.080000e-01  1.000000e+00  1.000000e+00  1.000000e+00  1.000000e+00 -4.000000e+00  0.000000e+00  0.000000e+00
 1.160000e-01  1.000000e+00  1.000000e+00  1.000000e+00  1.000000e+00 -4.000000e+00  0.000000e+00  0.000000e+00
 1.240000e-01  1.000000e+00  1.000000e+00  1.000000e+00  1.000000e+00 -4.000000e+00  0.000000e+00  0.000000e+00
 1.320000e-01  1.000000e+00  1.000000e+00  1.000000e+00  1.000000e+00 -4.000000e+00  0.000000e+00  0.000000e+00
 1.400000e-01  1.000000e+00  1.000000e+00  1.000000e+00  1.000000e+00 -4.000000e+00  0.000000e+00  0.000000e+00
 1.480000e-01  1.000000e+00  1.000000e+00  1.000000e+00  1.000000e+00 -4.000000e+00  0.000000e+00  0.000000e+00
 1.560000e-01  1.000000e+00  1.000000e+00  1.000000e+00  1.000000e+00 -4.000000e+00  0.000000e+00  0.000000e+00
 1.640000e-01  1.000000e+00  1.000000e+00  1.000000e+00  1.000000e+00 -4.000000e+00  0.000000e+00  0.000000e+00
 1.720000e-01  1.000000e+00  1.000000e+00  1.000000e+00  1.000000e+00 -4.000000e+00  0.000000e+00  0.000000e+00
 1.800000e-01  1.000000e+00  1.000000e+00  1.000000e+00  1.000000e+00 -4.000000e+00  0.000000e+00  0.000000e+00
 1.880000e-01  1.000000e+00  1.000000e+00  1.000000e+00  1.000000e+00 -4.000000e+00  0.000000e+00  0.000000e+00
 1.960000e-01  1.000000e+00  1.000000e+00  1.000000e+00  1.000000e+00 -4.000000e+00  0.000000e+00  0.000000e+00
 2.040000e-01  1.000000e+00  1.000000e+00  1.000000e+00  1.000000e+00 -4.000000e+00  0.000000e+00  0.000000e+00
 2.120000e-01  1.000000e+00  1.000000e+00  1.000000e+00  1.000000e+00 -4.000000e+00  0.000000e+00  0.000000e+00
 2.200000e-01  1.000000e+00  1.000000e+00  1.000000e+00  9.999978e-01 -3.999996e+00  4.929946e-05  0.000000e+00
 2.280000e-01  1.000000e+00  1.000000e+00  9.999914e-01  1.000000e+00 -3.999983e+00  1.833266e-04  0.000000e+00
 2.360000e-01  9.999915e-01  9.999831e-01  9.999935e-01  9.999935e-01 -3.999974e+00  1.542290e-03  5.029731e+03
 2.440000e-01  9.999660e-01  9.999326e-01  9.999741e-01  9.999741e-01 -3.999896e+00  5.762595e-03  2.514833e+03
 2.520000e-01  9.999745e-01  9.999494e-01  9.999806e-01  9.999806e-01 -3.999922e+00  4.053923e-03  2.903892e+03
 2.600000e-01  1.000000e+00  1.000000e+00  1.000000e+00  9.999957e-01 -3.999991e+00  7.055918e-05  0.000000e+00
 2.680000e-01  9.999915e-01  9.999831e-01  9.999827e-01  9.999849e-01 -3.999935e+00  1.491972e-03  5.029731e+03
 2.760000e-01  9.999830e-01  9.999663e-01  9.999827e-01  9.999741e-01 -3.999914e+00  2.500860e-03  3.556542e+03
 2.840000e-01  9.999575e-01  9.999157e-01  9.999676e-01  9.999611e-01 -3.999857e+00  5.400389e-03  2.249326e+03
 2.920000e-01  9.999235e-01  9.998483e-01  9.999395e-01  9.999201e-01 -3.999719e+00  9.656428e-03  1.676520e+03
 3.000000e-01  9.999660e-01  9.999326e-01  9.999590e-01  9.999633e-01 -3.999845e+00  4.120777e-03  2.514833e+03
 3.080000e-01  9.999320e-01  9.998651e-01  9.999201e-01  9.999266e-01 -3.999693e+00  7.763000e-03  1.778225e+03
 3.160000e-01  9.998895e-01  9.997808e-01  9.998834e-01  9.998812e-01 -3.999529e+00  1.178772e-02  1.394925e+03
 3.240000e-01  9.998044e-01  9.996122e-01  9.998035e-01  9.998208e-01 -3.999249e+00  1.930420e-02  1.048673e+03
 3.320000e-01  9.998725e-01  9.997471e-01  9.998553e-01  9.998316e-01 -3.999374e+00  1.343883e-02  1.298593e+03
 3.400000e-01  9.995747e-01  9.991573e-01  9.996027e-01  9.995919e-01 -3.998389e+00  4.021703e-02  7.111620e+02
 3.480000e-01  9.995324e-01  9.990727e-01  9.994926e-01  9.995487e-01 -3.998083e+00  3.969019e-02  6.780519e+02
 3.560000e-01  9.993967e-01  9.988044e-01  9.994213e-01  9.994515e-01 -3.997759e+00  5.105347e-02  5.874972e+02
 3.640000e-01  9.994134e-01  9.988373e-01  9.994774e-01  9.994321e-01 -3.997819e+00  4.759382e-02  6.015038e+02
 3.720000e-01  9.991498e-01  9.983140e-01  9.991557e-01  9.991773e-01 -3.996666e+00  6.158686e-02  5.027597e+02
 3.800000e-01  9.991932e-01  9.984016e-01  9.991751e-01  9.991384e-01 -3.996653e+00  5.975969e-02  5.024659e+02
 3.880000e-01  9.990141e-01  9.980467e-01  9.990024e-01  9.989678e-01 -3.995940e+00  7.345622e-02  4.623951e+02
 3.960000e-01  9.986494e-01  9.973250e-01  9.986331e-01  9.986375e-01 -3.994554e+00  9.581576e-02  3.943142e+02
 4.040000e-01  9.984353e-01  9.968997e-01  9.984561e-01  9.983546e-01 -3.993621e+00  1.025648e-01  3.715726e+02
 4.120000e-01  9.979702e-01  9.959809e-01  9.980026e-01  9.979292e-01 -3.991915e+00  1.271363e-01  3.173900e+02
 4.200000e-01  9.980709e-01  9.961772e-01  9.980372e-01  9.980345e-01 -3.992143e+00  1.132373e-01  3.341111e+02
 4.280000e-01  9.976048e-01  9.952556e-01  9.975621e-01  9.976053e-01 -3.990361e+00  1.326557e-01  2.937451e+02
 4.360000e-01  9.972225e-01  9.945012e-01  9.970763e-01  9.972253e-01 -3.988616e+00  1.585834e-01  2.739754e+02
 4.440000e-01  9.968102e-01  9.936889e-01  9.967691e-01  9.967907e-01 -3.987221e+00  1.770358e-01  2.511802e+02
 4.520000e-01  9.964941e-01  9.930610e-01  9.964177e-01  9.963105e-01 -3.985551e+00  1.804585e-01  2.422428e+02
 4.600000e-01  9.956889e-01  9.914701e-01  9.957224e-01  9.956083e-01 -3.982734e+00  2.157584e-01  2.177144e+02
 4.680000e-01  9.954383e-01  9.909710e-01  9.954742e-01  9.952732e-01 -3.981568e+00  2.077267e-01  2.130898e+02
 4.760000e-01  9.944956e-01  9.891197e-01  9.945887e-01  9.944959e-01 -3.978307e+00  2.641018e-01  1.913239e+02
 4.840000e-01  9.940184e-01  9.881806e-01  9.939086e-01  9.939728e-01 -3.975925e+00  2.710427e-01  1.837801e+02
 4.920000e-01  9.933397e-01  9.868408e-01  9.932732e-01  9.931129e-01 -3.972943e+00  2.860785e-01  1.750795e+02
 5.050000e-01  9.916101e-01  9.834515e-01  9.915523e-01  9.915100e-01 -3.966459e+00  3.854732e-01  1.547265e+02
 5.100000e-01  9.915691e-01  9.833573e-01  9.912467e-01  9.911634e-01 -3.965144e+00  3.440146e-01  1.535714e+02
 5.150000e-01  9.899356e-01  9.801415e-01  9.898203e-01  9.900923e-01 -3.960129e+00  3.865147e-01  1.409405e+02
 5.200000e-01  9.902916e-01  9.808446e-01  9.900719e-01  9.900415e-01 -3.960522e+00  3.650901e-01  1.435477e+02
 5.250000e-01  9.881862e-01  9.767245e-01  9.884296e-01  9.884368e-01 -3.954189e+00  4.516254e-01  1.288365e+02
 5.300000e-01  9.887495e-01  9.778264e-01  9.886394e-01  9.886029e-01 -3.954884e+00  4.293470e-01  1.334019e+02
 5.350000e-01  9.874546e-01  9.752739e-01  9.873866e-01  9.871845e-01 -3.949566e+00  4.479752e-01  1.267548e+02
 5.400000e-01  9.866247e-01  9.736720e-01  9.865592e-01  9.865589e-01 -3.946722e+00  5.002140e-01  1.223208e+02
 5.450000e-01  9.857069e-01  9.718892e-01  9.855944e-01  9.857504e-01 -3.943146e+00  5.341240e-01  1.181870e+02
 5.500000e-01  9.847347e-01  9.699657e-01  9.846822e-01  9.847557e-01 -3.939329e+00  5.262361e-01  1.138075e+02
 5.550000e-01  9.835382e-01  9.676500e-01  9.834029e-01  9.837491e-01 -3.935139e+00  5.852393e-01  1.088674e+02
 5.600000e-01  9.836039e-01  9.677696e-01  9.836080e-01  9.831341e-01 -3.934256e+00  5.638494e-01  1.081519e+02
 5.650000e-01  9.812899e-01  9.632440e-01  9.816830e-01  9.812996e-01 -3.926800e+00  5.656655e-01  1.027643e+02
 5.700000e-01  9.823197e-01  9.652976e-01  9.819563e-01  9.818078e-01 -3.928471e+00  6.310322e-01  1.038743e+02
 5.750000e-01  9.804798e-01  9.616986e-01  9.805505e-01  9.804784e-01 -3.922962e+00  6.372093e-01  1.006133e+02
 5.800000e-01  9.794556e-01  9.596931e-01  9.795683e-01  9.794040e-01 -3.919005e+00  6.265213e-01  9.618826e+01
 5.850000e-01  9.776620e-01  9.562430e-01  9.777304e-01  9.780423e-01 -3.912967e+00  7.056566e-01  9.219900e+01
 5.900000e-01  9.772902e-01  9.554829e-01  9.769545e-01  9.768194e-01 -3.908979e+00  6.619650e-01  9.095726e+01
 5.950000e-01  9.741563e-01  9.494346e-01  9.743555e-01  9.745452e-01 -3.899184e+00  7.379993e-01  8.543498e+01
 6.000000e-01  9.747609e-01  9.506255e-01  9.750783e-01  9.748769e-01 -3.901805e+00  7.385065e-01  8.541896e+01
 6.050000e-01  9.737433e-01  9.486638e-01  9.732470e-01  9.737434e-01 -3.895729e+00  7.622114e-01  8.508781e+01
 6.100000e-01  9.728922e-01  9.470177e-01  9.726438e-01  9.726102e-01 -3.892177e+00  7.856108e-01  8.334095e+01
 6.150000e-01  9.693964e-01  9.402566e-01  9.697441e-01  9.696575e-01 -3.880821e+00  8.171380e-01  7.776274e+01
 6.200000e-01  9.678521e-01  9.373277e-01  9.680350e-01  9.679142e-01 -3.874445e+00  8.682665e-01  7.550444e+01
 6.250000e-01  9.679720e-01  9.375731e-01  9.680883e-01  9.677134e-01 -3.873912e+00  8.768855e-01  7.504696e+01
 6.300000e-01  9.668620e-01  9.354462e-01  9.669179e-01  9.665450e-01 -3.869715e+00  8.741953e-01  7.361961e+01
 6.350000e-01  9.630350e-01  9.281519e-01  9.632063e-01  9.635589e-01 -3.856277e+00  1.018063e+00  7.002160e+01
 6.400000e-01  9.613751e-01  9.249092e-01  9.614057e-01  9.613996e-01 -3.848741e+00  9.136073e-01  6.857245e+01
 6.450000e-01  9.597180e-01  9.218149e-01  9.599902e-01  9.598747e-01 -3.842528e+00  1.043000e+00  6.714242e+01
 6.500000e-01  9.573047e-01  9.172679e-01  9.580406e-01  9.580441e-01 -3.836006e+00  1.120344e+00  6.440584e+01
 6.550000e-01  9.574986e-01  9.175793e-01  9.576609e-01  9.575462e-01 -3.834311e+00  1.003235e+00  6.338389e+01
 6.600000e-01  9.541105e-01  9.112236e-01  9.545486e-01  9.549501e-01 -3.823549e+00  1.161606e+00  6.137914e+01
 6.650000e-01  9.517433e-01  9.067372e-01  9.526872e-01  9.519248e-01 -3.814071e+00  1.163138e+00  5.940412e+01
 6.700000e-01  9.502182e-01  9.039259e-01  9.504816e-01  9.508580e-01 -3.807642e+00  1.226416e+00  5.838003e+01
 6.750000e-01  9.472223e-01  8.982598e-01  9.476921e-01  9.482484e-01 -3.797605e+00  1.238885e+00  5.654332e+01
 6.800000e-01  9.464471e-01  8.967642e-01  9.460814e-01  9.467330e-01 -3.791462e+00  1.175250e+00  5.606332e+01
 6.850000e-01  9.445094e-01  8.931320e-01  9.451314e-01  9.449916e-01 -3.786120e+00  1.204335e+00  5.475711e+01
 6.900000e-01  9.404655e-01  8.856577e-01  9.416056e-01  9.420289e-01 -3.774745e+00  1.337535e+00  5.260197e+01
 6.950000e-01  9.380588e-01  8.811718e-01  9.388725e-01  9.390289e-01 -3.762574e+00  1.334052e+00  5.161111e+01
 7.000000e-01  9.377861e-01  8.806311e-01  9.389452e-01  9.383745e-01 -3.761718e+00  1.302933e+00  5.161807e+01
 7.050000e-01  9.342520e-01  8.740579e-01  9.351946e-01  9.347542e-01 -3.746882e+00  1.329599e+00  5.018685e+01
 7.100000e-01  9.338183e-01  8.732607e-01  9.345249e-01  9.347992e-01 -3.746726e+00  1.323555e+00  4.920883e+01
 7.150000e-01  9.284723e-01  8.634794e-01  9.295826e-01  9.299071e-01 -3.728263e+00  1.463947e+00  4.685755e+01
 7.200000e-01  9.236864e-01  8.546921e-01  9.253248e-01  9.257350e-01 -3.711656e+00  1.544251e+00  4.549564e+01
 7.250000e-01  9.201302e-01  8.481738e-01  9.223408e-01  9.211005e-01 -3.698317e+00  1.527680e+00  4.376864e+01
 7.300000e-01  9.183892e-01  8.450970e-01  9.197234e-01  9.206860e-01 -3.691812e+00  1.653055e+00  4.380710e+01
 7.350000e-01  9.129836e-01  8.351892e-01  9.157783e-01  9.155300e-01 -3.674685e+00  1.617163e+00  4.159209e+01
 7.400000e-01  9.117313e-01  8.329982e-01  9.145930e-01  9.145225e-01 -3.670477e+00  1.630336e+00  4.089773e+01
 7.450000e-01  9.101663e-01  8.301795e-01  9.120808e-01  9.120851e-01 -3.661368e+00  1.665051e+00  4.102611e+01
 7.500000e-01  9.055317e-01  8.219582e-01  9.076098e-01  9.089974e-01 -3.647301e+00  1.789317e+00  3.957902e+01
 7.550000e-01  9.005992e-01  8.131923e-01  9.036215e-01  9.035048e-01 -3.628884e+00  1.860308e+00  3.812972e+01
 7.600000e-01  8.955546e-01  8.041268e-01  8.994186e-01  8.995127e-01 -3.614530e+00  1.834764e+00  3.718266e+01
 7.650000e-01  8.868057e-01  7.888915e-01  8.912222e-01  8.919903e-01 -3.586993e+00  2.067183e+00  3.468978e+01
 7.700000e-01  8.918128e-01  7.973478e-01  8.952168e-01  8.956753e-01 -3.599495e+00  1.739859e+00  3.640690e+01
 7.750000e-01  8.897397e-01  7.937554e-01  8.927646e-01  8.926864e-01 -3.588993e+00  1.851256e+00  3.575751e+01
 7.800000e-01  8.843031e-01  7.841721e-01  8.881558e-01  8.879797e-01 -3.573209e+00  1.812935e+00  3.425293e+01
 7.850000e-01  8.744276e-01  7.670584e-01  8.791237e-01  8.795648e-01 -3.540839e+00  1.885570e+00  3.240732e+01
 7.900000e-01  8.754308e-01  7.690167e-01  8.789872e-01  8.797317e-01 -3.539943e+00  2.086570e+00  3.256427e+01
 7.950000e-01  8.700745e-01  7.597044e-01  8.747559e-01  8.758837e-01 -3.524714e+00  2.101611e+00  3.182639e+01
 8.000000e-01  8.687138e-01  7.570154e-01  8.735322e-01  8.727429e-01 -3.516536e+00  1.774593e+00  3.169368e+01
 8.050000e-01  8.626350e-01  7.468302e-01  8.679498e-01  8.691533e-01 -3.499131e+00  2.027563e+00  3.035330e+01
 8.100000e-01  8.532385e-01  7.308529e-01  8.594085e-01  8.606819e-01 -3.469371e+00  1.932311e+00  2.895991e+01
 8.150000e-01  8.516326e-01  7.280438e-01  8.575523e-01  8.588813e-01 -3.462890e+00  1.914920e+00  2.868709e+01
 8.200000e-01  8.499846e-01  7.252882e-01  8.550115e-01  8.561632e-01 -3.453415e+00  2.005198e+00  2.864690e+01
 8.250000e-01  8.404309e-01  7.095272e-01  8.477926e-01  8.480308e-01 -3.425713e+00  2.155139e+00  2.737413e+01
 8.300000e-01  8.385390e-01  7.063167e-01  8.444891e-01  8.466918e-01 -3.415003e+00  2.159693e+00  2.734970e+01
 8.350000e-01  8.304463e-01  6.932021e-01  8.394208e-01  8.395048e-01 -3.395300e+00  2.293794e+00  2.605139e+01
 8.400000e-01  8.260660e-01  6.858434e-01  8.338848e-01  8.344519e-01 -3.375846e+00  2.206682e+00  2.586436e+01
 8.450000e-01  8.189949e-01  6.747947e-01  8.279859e-01  8.303238e-01 -3.359399e+00  2.483196e+00  2.425122e+01
 8.500000e-01  8.125688e-01  6.641798e-01  8.224618e-01  8.243194e-01 -3.337592e+00  2.451018e+00  2.415209e+01
 8.550000e-01  8.114160e-01  6.620148e-01  8.209685e-01  8.222316e-01 -3.331886e+00  2.188845e+00  2.396658e+01
 8.600000e-01  8.064894e-01  6.541833e-01  8.154976e-01  8.180569e-01 -3.315990e+00  2.264641e+00  2.339662e+01
 8.650000e-01  7.937021e-01  6.344181e-01  8.053740e-01  8.079730e-01 -3.278875e+00  2.565976e+00  2.195921e+01
 8.700000e-01  7.901060e-01  6.285319e-01  8.007369e-01  8.037932e-01 -3.266005e+00  2.351583e+00  2.188639e+01
 8.750000e-01  7.810990e-01  6.148444e-01  7.933469e-01  7.971309e-01 -3.242567e+00  2.540011e+00  2.074922e+01
 8.800000e-01  7.751817e-01  6.057699e-01  7.883948e-01  7.923183e-01 -3.224939e+00  2.535222e+00  2.036935e+01
 8.850000e-01  7.704819e-01  5.986430e-01  7.853486e-01  7.872311e-01 -3.207709e+00  2.599912e+00  1.994696e+01
 8.900000e-01  7.673920e-01  5.935140e-01  7.803505e-01  7.837877e-01 -3.192530e+00  2.492472e+00  2.022318e+01
 8.950000e-01  7.565237e-01  5.778705e-01  7.710974e-01  7.766457e-01 -3.169843e+00  2.673375e+00  1.874911e+01
 9.000000e-01  7.481834e-01  5.649184e-01  7.650355e-01  7.693600e-01 -3.140530e+00  2.562607e+00  1.874012e+01
 9.050000e-01  7.508922e-01  5.687549e-01  7.673737e-01  7.715674e-01 -3.149886e+00  2.497198e+00  1.869383e+01
 9.100000e-01  7.359069e-01  5.474348e-01  7.549903e-01  7.587683e-01 -3.106465e+00  2.634269e+00  1.730564e+01
 9.150000e-01  7.253473e-01  5.322429e-01  7.458551e-01  7.515092e-01 -3.079828e+00  2.686067e+00  1.700045e+01
 9.200000e-01  7.181436e-01  5.220840e-01  7.383454e-01  7.440817e-01 -3.055466e+00  2.870514e+00  1.673925e+01
 9.250000e-01  7.085281e-01  5.082574e-01  7.308454e-01  7.361289e-01 -3.027369e+00  2.717461e+00  1.609902e+01
 9.300000e-01  7.060943e-01  5.047123e-01  7.285435e-01  7.331770e-01 -3.020554e+00  2.544040e+00  1.591737e+01
 9.350000e-01  6.885953e-01  4.811250e-01  7.140061e-01  7.215668e-01 -2.983842e+00  2.704911e+00  1.452150e+01
 9.400000e-01  6.825763e-01  4.733507e-01  7.103779e-01  7.185117e-01 -2.968220e+00  2.763217e+00  1.427205e+01
 9.450000e-01  6.766484e-01  4.644821e-01  7.044265e-01  7.111308e-01 -2.946217e+00  2.638127e+00  1.426068e+01
 9.500000e-01  6.706661e-01  4.565900e-01  6.985177e-01  7.055164e-01 -2.930241e+00  2.655071e+00  1.395407e+01
 9.550000e-01  6.583966e-01  4.411750e-01  6.895195e-01  6.983350e-01 -2.898828e+00  2.895117e+00  1.342803e+01
 9.600000e-01  6.504495e-01  4.309226e-01  6.813349e-01  6.910988e-01 -2.876457e+00  2.871533e+00  1.299932e+01
 9.650000e-01  6.423033e-01  4.198790e-01  6.746585e-01  6.853781e-01 -2.854572e+00  2.591416e+00  1.277365e+01
 9.700000e-01  6.222789e-01  3.961756e-01  6.579376e-01  6.707688e-01 -2.808871e+00  2.984141e+00  1.188880e+01
 9.750000e-01  6.278544e-01  4.023285e-01  6.635632e-01  6.747842e-01 -2.820478e+00  2.783395e+00  1.223691e+01
 9.800000e-01  6.158788e-01  3.874123e-01  6.536146e-01  6.668742e-01 -2.792457e+00  2.582399e+00  1.173291e+01
 9.850000e-01  6.114964e-01  3.815115e-01  6.477556e-01  6.611142e-01 -2.772243e+00  2.456037e+00  1.160178e+01
 9.900000e-01  6.042479e-01  3.723733e-01  6.433014e-01  6.565158e-01 -2.754758e+00  2.471302e+00  1.149223e+01
 9.950000e-01  5.912783e-01  3.571992e-01  6.328743e-01  6.461597e-01 -2.723625e+00  2.311192e+00  1.091368e+01
 1.000000e+00  5.823410e-01  3.466605e-01  6.248645e-01  6.393640e-01 -2.705235e+00  2.421039e+00  1.066432e+01
 1.010000e+00  5.566558e-01  3.178925e-01  6.042210e-01  6.223644e-01 -2.645578e+00  2.384010e+00  9.781901e+00
 1.020000e+00  5.445044e-01  3.040853e-01  5.935042e-01  6.127894e-01 -2.611671e+00  2.286056e+00  9.503194e+00
 1.030000e+00  5.407784e-01  3.003478e-01  5.896571e-01  6.084952e-01 -2.594543e+00  2.386371e+00  9.583965e+00
 1.040000e+00  5.318888e-01  2.901600e-01  5.810958e-01  6.002214e-01 -2.567178e+00  2.100932e+00  9.338876e+00
 1.050000e+00  5.087263e-01  2.654996e-01  5.668269e-01  5.818500e-01 -2.512472e+00  2.013194e+00  8.831931e+00
 1.060000e+00  4.946988e-01  2.513517e-01  5.538896e-01  5.752386e-01 -2.479688e+00  1.910850e+00  8.396072e+00
 1.070000e+00  4.893446e-01  2.455789e-01  5.468445e-01  5.667102e-01 -2.456235e+00  1.783266e+00  8.341371e+00
 1.080000e+00  4.685865e-01  2.267514e-01  5.298377e-01  5.526550e-01 -2.414392e+00  1.872492e+00  7.874344e+00
 1.090000e+00  4.627292e-01  2.208000e-01  5.258631e-01  5.460392e-01 -2.387320e+00  1.868392e+00  7.899494e+00
 1.100000e+00  4.553819e-01  2.142050e-01  5.190282e-01  5.404125e-01 -2.366128e+00  1.842401e+00  7.790195e+00
 1.110000e+00  4.442700e-01  2.040942e-01  5.079061e-01  5.314104e-01 -2.335803e+00  1.841245e+00  7.543563e+00
 1.120000e+00  4.432131e-01  2.034363e-01  5.043638e-01  5.275128e-01 -2.316999e+00  1.844419e+00  7.620356e+00
 1.130000e+00  4.354833e-01  1.960719e-01  4.999021e-01  5.243819e-01 -2.305353e+00  1.661186e+00  7.453320e+00
 1.140000e+00  4.121495e-01  1.770598e-01  4.830827e-01  5.081633e-01 -2.251266e+00  1.755476e+00  6.972143e+00
 1.150000e+00  4.117068e-01  1.768212e-01  4.815111e-01  5.025058e-01 -2.238985e+00  1.679186e+00  7.092596e+00
 1.160000e+00  3.959681e-01  1.635833e-01  4.657635e-01  4.915311e-01 -2.196828e+00  1.747082e+00  6.796674e+00
 1.170000e+00  3.897051e-01  1.591596e-01  4.619040e-01  4.853616e-01 -2.169501e+00  1.840053e+00  6.720388e+00
 1.180000e+00  3.872640e-01  1.567479e-01  4.592088e-01  4.837623e-01 -2.156600e+00  1.676632e+00  6.739758e+00
 1.190000e+00  3.763499e-01  1.488770e-01  4.488024e-01  4.743228e-01 -2.136727e+00  1.687706e+00  6.524379e+00
 1.200000e+00  3.620411e-01  1.381800e-01  4.387892e-01  4.643675e-01 -2.091570e+00  1.673014e+00  6.292825e+00
 1.210000e+00  3.575925e-01  1.355911e-01  4.311062e-01  4.569581e-01 -2.072627e+00  1.756961e+00  6.305263e+00
 1.220000e+00  3.514296e-01  1.303485e-01  4.284555e-01  4.524472e-01 -2.054067e+00  1.671154e+00  6.234722e+00
 1.230000e+00  3.384523e-01  1.222967e-01  4.163004e-01  4.450339e-01 -2.026849e+00  1.687283e+00  5.909722e+00
 1.240000e+00  3.276277e-01  1.150119e-01  4.076502e-01  4.347359e-01 -1.990946e+00  1.706246e+00  5.809673e+00
 1.250000e+00  3.321284e-01  1.177377e-01  4.071789e-01  4.352732e-01 -1.983740e+00  1.636695e+00  5.959433e+00
 1.260000e+00  3.109542e-01  1.051679e-01  3.920707e-01  4.195269e-01 -1.943282e+00  1.779030e+00  5.553136e+00
 1.270000e+00  2.968516e-01  9.669769e-02  3.778694e-01  4.076056e-01 -1.905323e+00  1.726281e+00  5.381851e+00
 1.280000e+00  2.861876e-01  9.007556e-02  3.713984e-01  4.010272e-01 -1.871557e+00  1.644181e+00  5.216071e+00
 1.290000e+00  2.875414e-01  9.024525e-02  3.727594e-01  3.997751e-01 -1.868732e+00  1.664842e+00  5.255335e+00
 1.300000e+00  2.759621e-01  8.438339e-02  3.607700e-01  3.907625e-01 -1.820510e+00  1.663952e+00  5.202521e+00
 1.310000e+00  2.644617e-01  7.807937e-02  3.536593e-01  3.826107e-01 -1.801667e+00  1.716153e+00  4.966718e+00
 1.320000e+00  2.649329e-01  7.768816e-02  3.509936e-01  3.788704e-01 -1.782862e+00  1.596246e+00  5.066340e+00
 1.330000e+00  2.481983e-01  7.068065e-02  3.368519e-01  3.669262e-01 -1.750587e+00  1.798895e+00  4.740490e+00
 1.340000e+00  2.425539e-01  6.702614e-02  3.304224e-01  3.614813e-01 -1.729355e+00  1.708835e+00  4.688953e+00
 1.350000e+00  2.313293e-01  6.197304e-02  3.215945e-01  3.504683e-01 -1.693731e+00  1.713796e+00  4.531885e+00
 1.360000e+00  2.144772e-01  5.484150e-02  3.092488e-01  3.392422e-01 -1.658527e+00  1.833913e+00  4.242199e+00
 1.370000e+00  2.159750e-01  5.555942e-02  3.054036e-01  3.387891e-01 -1.652328e+00  1.661670e+00  4.281337e+00
 1.380000e+00  2.007564e-01  4.876067e-02  2.941395e-01  3.291422e-01 -1.608999e+00  1.716947e+00  4.069015e+00
 1.390000e+00  1.941896e-01  4.614181e-02  2.859839e-01  3.202424e-01 -1.587560e+00  1.642089e+00  4.021908e+00
 1.400000e+00  1.864222e-01  4.289342e-02  2.808700e-01  3.135883e-01 -1.553399e+00  1.690196e+00  3.962578e+00
 1.410000e+00  1.832925e-01  4.116296e-02  2.756111e-01  3.096664e-01 -1.533714e+00  1.518546e+00  3.921412e+00
 1.420000e+00  1.809212e-01  4.058266e-02  2.739242e-01  3.077559e-01 -1.522499e+00  1.519158e+00  3.854288e+00
 1.430000e+00  1.656958e-01  3.460263e-02  2.611185e-01  2.943841e-01 -1.484150e+00  1.491438e+00  3.628869e+00
 1.440000e+00  1.608307e-01  3.279554e-02  2.562969e-01  2.902587e-01 -1.467611e+00  1.605422e+00  3.543569e+00
 1.450000e+00  1.519419e-01  3.009278e-02  2.483818e-01  2.799504e-01 -1.426896e+00  1.584924e+00  3.456677e+00
 1.460000e+00  1.430401e-01  2.708756e-02  2.404401e-01  2.763623e-01 -1.412492e+00  1.453695e+00  3.306304e+00
 1.470000e+00  1.341453e-01  2.428921e-02  2.350123e-01  2.667778e-01 -1.382527e+00  1.466461e+00  3.171569e+00
 1.480000e+00  1.299721e-01  2.279913e-02  2.249616e-01  2.620949e-01 -1.361274e+00  1.345897e+00  3.101797e+00
 1.490000e+00  1.221894e-01  2.061641e-02  2.233221e-01  2.553145e-01 -1.338454e+00  1.301903e+00  3.031803e+00
 1.500000e+00  1.205230e-01  1.987749e-02  2.182501e-01  2.530603e-01 -1.321489e+00  1.271887e+00  2.970488e+00
 1.510000e+00  1.162473e-01  1.891308e-02  2.169881e-01  2.463012e-01 -1.301255e+00  1.329256e+00  2.920751e+00
