# Enhanced Quasi-3D Monte Carlo Simulation
# Timestamp: 20250716_042947
# Spin model: icosahedral (13 states)
# Algorithm: hybrid (hybrid Metropolis+Wolff)
# Theoretical Tc (8-state Potts): ~0.751
# Temperature range: 0.1-1.5 (optimized for critical region)
# Layer: 1/3
# System size: 8x8x3, Total sites: 192
# Void parameter D: 0.500
#
# Temperature          M^2          M^4          G^2          G^4       Energy           Cv         Corr
 1.000000e-01  1.000000e+00  1.000000e+00  1.000000e+00  1.000000e+00 -4.000000e+00  0.000000e+00  0.000000e+00
 1.080000e-01  1.000000e+00  1.000000e+00  1.000000e+00  1.000000e+00 -4.000000e+00  0.000000e+00  0.000000e+00
 1.160000e-01  1.000000e+00  1.000000e+00  1.000000e+00  1.000000e+00 -4.000000e+00  0.000000e+00  0.000000e+00
 1.240000e-01  1.000000e+00  1.000000e+00  1.000000e+00  1.000000e+00 -4.000000e+00  0.000000e+00  0.000000e+00
 1.320000e-01  1.000000e+00  1.000000e+00  1.000000e+00  1.000000e+00 -4.000000e+00  0.000000e+00  0.000000e+00
 1.400000e-01  1.000000e+00  1.000000e+00  1.000000e+00  1.000000e+00 -4.000000e+00  0.000000e+00  0.000000e+00
 1.480000e-01  1.000000e+00  1.000000e+00  1.000000e+00  1.000000e+00 -4.000000e+00  0.000000e+00  0.000000e+00
 1.560000e-01  1.000000e+00  1.000000e+00  1.000000e+00  1.000000e+00 -4.000000e+00  0.000000e+00  0.000000e+00
 1.640000e-01  1.000000e+00  1.000000e+00  1.000000e+00  1.000000e+00 -4.000000e+00  0.000000e+00  0.000000e+00
 1.720000e-01  1.000000e+00  1.000000e+00  1.000000e+00  1.000000e+00 -4.000000e+00  0.000000e+00  0.000000e+00
 1.800000e-01  1.000000e+00  1.000000e+00  1.000000e+00  1.000000e+00 -4.000000e+00  0.000000e+00  0.000000e+00
 1.880000e-01  1.000000e+00  1.000000e+00  1.000000e+00  1.000000e+00 -4.000000e+00  0.000000e+00  0.000000e+00
 1.960000e-01  1.000000e+00  1.000000e+00  1.000000e+00  1.000000e+00 -4.000000e+00  0.000000e+00  0.000000e+00
 2.040000e-01  1.000000e+00  1.000000e+00  1.000000e+00  1.000000e+00 -4.000000e+00  0.000000e+00  0.000000e+00
 2.120000e-01  1.000000e+00  1.000000e+00  1.000000e+00  1.000000e+00 -4.000000e+00  0.000000e+00  0.000000e+00
 2.200000e-01  1.000000e+00  1.000000e+00  9.999978e-01  1.000000e+00 -3.999996e+00  4.929946e-05  0.000000e+00
 2.280000e-01  9.999660e-01  9.999326e-01  9.999741e-01  9.999741e-01 -3.999896e+00  6.599759e-03  2.514833e+03
 2.360000e-01  1.000000e+00  1.000000e+00  1.000000e+00  9.999978e-01 -3.999996e+00  4.284139e-05  0.000000e+00
 2.440000e-01  1.000000e+00  1.000000e+00  1.000000e+00  9.999914e-01 -3.999983e+00  1.600721e-04  0.000000e+00
 2.520000e-01  1.000000e+00  1.000000e+00  1.000000e+00  9.999935e-01 -3.999987e+00  1.126090e-04  0.000000e+00
 2.600000e-01  1.000000e+00  1.000000e+00  9.999957e-01  1.000000e+00 -3.999991e+00  7.055918e-05  0.000000e+00
 2.680000e-01  9.999575e-01  9.999157e-01  9.999590e-01  9.999655e-01 -3.999849e+00  6.128675e-03  2.249326e+03
 2.760000e-01  9.999830e-01  9.999663e-01  9.999741e-01  9.999827e-01 -3.999914e+00  2.500860e-03  3.556542e+03
 2.840000e-01  1.000000e+00  1.000000e+00  9.999935e-01  9.999892e-01 -3.999965e+00  2.358400e-04  0.000000e+00
 2.920000e-01  9.999915e-01  9.999831e-01  9.999719e-01  9.999741e-01 -3.999892e+00  1.587181e-03  5.029731e+03
 3.000000e-01  9.999405e-01  9.998820e-01  9.999439e-01  9.999460e-01 -3.999780e+00  6.888638e-03  1.901011e+03
 3.080000e-01  9.998895e-01  9.997808e-01  9.998942e-01  9.998985e-01 -3.999585e+00  1.211441e-02  1.394925e+03
 3.160000e-01  9.998725e-01  9.997471e-01  9.998683e-01  9.998748e-01 -3.999486e+00  1.343398e-02  1.298593e+03
 3.240000e-01  9.998129e-01  9.996291e-01  9.998273e-01  9.998078e-01 -3.999270e+00  1.852776e-02  1.072246e+03
 3.320000e-01  9.998129e-01  9.996291e-01  9.997862e-01  9.998251e-01 -3.999223e+00  1.862199e-02  1.072246e+03
 3.400000e-01  9.997109e-01  9.994268e-01  9.996955e-01  9.996718e-01 -3.998735e+00  2.631129e-02  8.624698e+02
 3.480000e-01  9.994048e-01  9.988199e-01  9.994537e-01  9.994278e-01 -3.997763e+00  5.061904e-02  6.000543e+02
 3.560000e-01  9.995154e-01  9.990390e-01  9.995509e-01  9.994818e-01 -3.998065e+00  3.906068e-02  6.660443e+02
 3.640000e-01  9.997027e-01  9.994107e-01  9.996523e-01  9.996243e-01 -3.998562e+00  2.485657e-02  8.300542e+02
 3.720000e-01  9.992263e-01  9.984657e-01  9.992356e-01  9.991946e-01 -3.996860e+00  5.638955e-02  5.270557e+02
 3.800000e-01  9.991765e-01  9.983687e-01  9.991255e-01  9.991665e-01 -3.996593e+00  6.371180e-02  5.058930e+02
 3.880000e-01  9.990314e-01  9.980801e-01  9.989765e-01  9.990110e-01 -3.995979e+00  6.948258e-02  4.690966e+02
 3.960000e-01  9.986748e-01  9.973740e-01  9.986569e-01  9.986461e-01 -3.994606e+00  9.211736e-02  4.028118e+02
 4.040000e-01  9.985969e-01  9.972185e-01  9.984842e-01  9.985381e-01 -3.994039e+00  8.867939e-02  3.920236e+02
 4.120000e-01  9.981645e-01  9.963631e-01  9.980782e-01  9.980976e-01 -3.992378e+00  1.081439e-01  3.377257e+02
 4.200000e-01  9.980553e-01  9.961485e-01  9.980285e-01  9.980285e-01 -3.992149e+00  1.190590e-01  3.302124e+02
 4.280000e-01  9.975622e-01  9.951718e-01  9.975924e-01  9.975427e-01 -3.990298e+00  1.356594e-01  2.934782e+02
 4.360000e-01  9.967921e-01  9.936508e-01  9.969100e-01  9.968547e-01 -3.987610e+00  1.769646e-01  2.526580e+02
 4.440000e-01  9.967890e-01  9.936451e-01  9.967891e-01  9.967519e-01 -3.987135e+00  1.752995e-01  2.553339e+02
 4.520000e-01  9.963515e-01  9.927802e-01  9.961969e-01  9.963486e-01 -3.985160e+00  1.907363e-01  2.365254e+02
 4.600000e-01  9.960176e-01  9.921203e-01  9.958800e-01  9.958908e-01 -3.983636e+00  2.036784e-01  2.270962e+02
 4.680000e-01  9.958399e-01  9.917678e-01  9.955820e-01  9.956835e-01 -3.982587e+00  1.984555e-01  2.228077e+02
 4.760000e-01  9.951195e-01  9.903467e-01  9.950002e-01  9.949083e-01 -3.979944e+00  2.278029e-01  2.045049e+02
 4.840000e-01  9.937538e-01  9.876608e-01  9.937542e-01  9.937777e-01 -3.975232e+00  2.834910e-01  1.793638e+02
 4.920000e-01  9.934137e-01  9.869912e-01  9.931830e-01  9.933091e-01 -3.973170e+00  2.974831e-01  1.765780e+02
 5.050000e-01  9.917358e-01  9.836878e-01  9.916585e-01  9.916402e-01 -3.966844e+00  3.468928e-01  1.550037e+02
 5.100000e-01  9.906443e-01  9.815423e-01  9.904278e-01  9.907857e-01 -3.962699e+00  3.878703e-01  1.469588e+02
 5.150000e-01  9.898114e-01  9.798953e-01  9.900245e-01  9.897676e-01 -3.960143e+00  3.717296e-01  1.389494e+02
 5.200000e-01  9.897990e-01  9.798869e-01  9.896476e-01  9.898418e-01 -3.959378e+00  3.997662e-01  1.404054e+02
 5.250000e-01  9.894370e-01  9.791791e-01  9.893258e-01  9.890701e-01 -3.957188e+00  4.147404e-01  1.378315e+02
 5.300000e-01  9.885620e-01  9.774672e-01  9.884136e-01  9.885441e-01 -3.954462e+00  4.504604e-01  1.327874e+02
 5.350000e-01  9.878042e-01  9.759921e-01  9.874423e-01  9.875836e-01 -3.950535e+00  4.865133e-01  1.268150e+02
 5.400000e-01  9.866504e-01  9.737309e-01  9.866257e-01  9.865595e-01 -3.946942e+00  5.192304e-01  1.208041e+02
 5.450000e-01  9.854296e-01  9.713193e-01  9.855680e-01  9.854474e-01 -3.942685e+00  4.908108e-01  1.156055e+02
 5.500000e-01  9.846564e-01  9.698341e-01  9.847159e-01  9.845892e-01 -3.939415e+00  5.556595e-01  1.123385e+02
 5.550000e-01  9.835269e-01  9.676279e-01  9.837546e-01  9.834007e-01 -3.934954e+00  5.888344e-01  1.087720e+02
 5.600000e-01  9.837600e-01  9.680790e-01  9.832598e-01  9.836987e-01 -3.934675e+00  5.593477e-01  1.101285e+02
 5.650000e-01  9.828240e-01  9.662566e-01  9.825609e-01  9.824524e-01 -3.930858e+00  5.611305e-01  1.074236e+02
 5.700000e-01  9.814056e-01  9.635232e-01  9.810609e-01  9.814832e-01 -3.926233e+00  6.572074e-01  1.013008e+02
 5.750000e-01  9.809196e-01  9.625509e-01  9.808084e-01  9.807428e-01 -3.924049e+00  6.181990e-01  1.001152e+02
 5.800000e-01  9.801664e-01  9.610926e-01  9.797494e-01  9.799499e-01 -3.920428e+00  6.361829e-01  9.784506e+01
 5.850000e-01  9.778552e-01  9.565724e-01  9.781774e-01  9.778842e-01 -3.913027e+00  6.366859e-01  9.319540e+01
 5.900000e-01  9.762014e-01  9.533985e-01  9.760568e-01  9.764674e-01 -3.906519e+00  7.280876e-01  8.965310e+01
 5.950000e-01  9.751868e-01  9.514280e-01  9.753360e-01  9.749063e-01 -3.902476e+00  7.111125e-01  8.629953e+01
 6.000000e-01  9.760879e-01  9.531741e-01  9.758535e-01  9.757725e-01 -3.904472e+00  7.185695e-01  8.939364e+01
 6.050000e-01  9.716923e-01  9.447010e-01  9.723716e-01  9.722962e-01 -3.891178e+00  7.869141e-01  8.044444e+01
 6.100000e-01  9.716089e-01  9.445526e-01  9.715107e-01  9.720556e-01 -3.889294e+00  8.300558e-01  8.014950e+01
 6.150000e-01  9.706372e-01  9.426808e-01  9.707016e-01  9.704362e-01 -3.883859e+00  8.506019e-01  8.004976e+01
 6.200000e-01  9.674017e-01  9.365086e-01  9.674858e-01  9.677710e-01 -3.873338e+00  9.375740e-01  7.408096e+01
 6.250000e-01  9.682239e-01  9.380635e-01  9.677686e-01  9.681664e-01 -3.874042e+00  8.824896e-01  7.664530e+01
 6.300000e-01  9.660817e-01  9.339983e-01  9.658663e-01  9.664705e-01 -3.867511e+00  9.538388e-01  7.305721e+01
 6.350000e-01  9.621729e-01  9.264833e-01  9.628273e-01  9.627766e-01 -3.854277e+00  1.001319e+00  6.920012e+01
 6.400000e-01  9.609110e-01  9.240588e-01  9.608916e-01  9.611980e-01 -3.847612e+00  9.503896e-01  6.724505e+01
 6.450000e-01  9.602091e-01  9.227953e-01  9.601591e-01  9.602578e-01 -3.844192e+00  1.072841e+00  6.684097e+01
 6.500000e-01  9.586016e-01  9.197360e-01  9.592004e-01  9.586507e-01 -3.839024e+00  1.111753e+00  6.581870e+01
 6.550000e-01  9.571202e-01  9.169062e-01  9.569704e-01  9.574604e-01 -3.833004e+00  1.064873e+00  6.413938e+01
 6.600000e-01  9.538243e-01  9.106812e-01  9.546614e-01  9.545299e-01 -3.822595e+00  1.160219e+00  6.163357e+01
 6.650000e-01  9.538306e-01  9.106527e-01  9.533810e-01  9.538546e-01 -3.818720e+00  1.096444e+00  6.222158e+01
 6.700000e-01  9.498134e-01  9.031160e-01  9.502765e-01  9.502843e-01 -3.806540e+00  1.152856e+00  5.770104e+01
 6.750000e-01  9.468236e-01  8.975074e-01  9.479394e-01  9.475987e-01 -3.796502e+00  1.236611e+00  5.633351e+01
 6.800000e-01  9.431525e-01  8.905852e-01  9.444995e-01  9.446054e-01 -3.784092e+00  1.240834e+00  5.430118e+01
 6.850000e-01  9.447528e-01  8.936254e-01  9.453048e-01  9.455342e-01 -3.787302e+00  1.204255e+00  5.423695e+01
 6.900000e-01  9.418025e-01  8.881898e-01  9.428214e-01  9.424786e-01 -3.776967e+00  1.375286e+00  5.365175e+01
 6.950000e-01  9.380751e-01  8.812085e-01  9.388886e-01  9.389504e-01 -3.762694e+00  1.375877e+00  5.163028e+01
 7.000000e-01  9.384160e-01  8.818918e-01  9.388587e-01  9.393454e-01 -3.763366e+00  1.382327e+00  5.209336e+01
 7.050000e-01  9.337243e-01  8.730702e-01  9.341253e-01  9.351072e-01 -3.745810e+00  1.300722e+00  4.985511e+01
 7.100000e-01  9.320599e-01  8.700253e-01  9.333419e-01  9.338139e-01 -3.742585e+00  1.381748e+00  4.846542e+01
 7.150000e-01  9.277194e-01  8.620618e-01  9.292450e-01  9.293301e-01 -3.726558e+00  1.441459e+00  4.682444e+01
 7.200000e-01  9.239168e-01  8.552014e-01  9.259438e-01  9.255232e-01 -3.712681e+00  1.620326e+00  4.544533e+01
 7.250000e-01  9.235008e-01  8.543668e-01  9.235481e-01  9.242713e-01 -3.705787e+00  1.527881e+00  4.534149e+01
 7.300000e-01  9.162542e-01  8.411246e-01  9.187128e-01  9.188361e-01 -3.687559e+00  1.584707e+00  4.204941e+01
 7.350000e-01  9.156932e-01  8.402826e-01  9.176025e-01  9.174167e-01 -3.682624e+00  1.687837e+00  4.189990e+01
 7.400000e-01  9.151659e-01  8.391836e-01  9.164952e-01  9.164709e-01 -3.677172e+00  1.593573e+00  4.259164e+01
 7.450000e-01  9.101703e-01  8.301917e-01  9.120065e-01  9.127091e-01 -3.661616e+00  1.666304e+00  4.082749e+01
 7.500000e-01  9.051580e-01  8.211401e-01  9.083695e-01  9.077577e-01 -3.646792e+00  1.677832e+00  3.903376e+01
 7.550000e-01  9.019771e-01  8.154210e-01  9.038299e-01  9.045838e-01 -3.632331e+00  1.645301e+00  3.851830e+01
 7.600000e-01  8.988315e-01  8.098909e-01  9.019122e-01  9.013583e-01 -3.623440e+00  1.704015e+00  3.750216e+01
 7.650000e-01  8.920190e-01  7.978988e-01  8.956256e-01  8.945942e-01 -3.598650e+00  1.921808e+00  3.560981e+01
 7.700000e-01  8.928007e-01  7.992812e-01  8.962585e-01  8.961876e-01 -3.601973e+00  1.870041e+00  3.623028e+01
 7.750000e-01  8.883934e-01  7.914817e-01  8.918248e-01  8.923467e-01 -3.586035e+00  2.010116e+00  3.544703e+01
 7.800000e-01  8.864491e-01  7.880721e-01  8.889746e-01  8.898174e-01 -3.576756e+00  1.914550e+00  3.489110e+01
 7.850000e-01  8.771155e-01  7.715687e-01  8.808931e-01  8.808618e-01 -3.545118e+00  1.782003e+00  3.287022e+01
 7.900000e-01  8.727429e-01  7.644009e-01  8.772614e-01  8.780162e-01 -3.535104e+00  2.139147e+00  3.198821e+01
 7.950000e-01  8.718259e-01  7.626816e-01  8.765294e-01  8.764464e-01 -3.527920e+00  2.087996e+00  3.198441e+01
 8.000000e-01  8.708338e-01  7.608972e-01  8.738536e-01  8.752567e-01 -3.520760e+00  1.945624e+00  3.220322e+01
 8.050000e-01  8.613273e-01  7.448837e-01  8.670080e-01  8.679508e-01 -3.498215e+00  2.187843e+00  3.017067e+01
 8.100000e-01  8.531496e-01  7.307890e-01  8.594768e-01  8.602921e-01 -3.469095e+00  2.098922e+00  2.925706e+01
 8.150000e-01  8.502111e-01  7.259530e-01  8.565792e-01  8.577939e-01 -3.459698e+00  2.164059e+00  2.842479e+01
 8.200000e-01  8.461936e-01  7.190325e-01  8.528310e-01  8.540155e-01 -3.444198e+00  2.153774e+00  2.854739e+01
 8.250000e-01  8.439734e-01  7.154417e-01  8.493988e-01  8.506156e-01 -3.432943e+00  2.129121e+00  2.761342e+01
 8.300000e-01  8.354324e-01  7.013182e-01  8.430881e-01  8.433204e-01 -3.408904e+00  2.333692e+00  2.685729e+01
 8.350000e-01  8.338490e-01  6.983650e-01  8.415077e-01  8.417311e-01 -3.402945e+00  2.073633e+00  2.628891e+01
 8.400000e-01  8.267983e-01  6.868570e-01  8.336654e-01  8.358515e-01 -3.378236e+00  2.110444e+00  2.568698e+01
 8.450000e-01  8.176934e-01  6.729597e-01  8.278887e-01  8.291389e-01 -3.356895e+00  2.623971e+00  2.428400e+01
 8.500000e-01  8.163998e-01  6.702992e-01  8.257097e-01  8.261477e-01 -3.345708e+00  2.351826e+00  2.460726e+01
 8.550000e-01  8.108840e-01  6.611534e-01  8.204520e-01  8.223662e-01 -3.330634e+00  2.141283e+00  2.396374e+01
 8.600000e-01  8.047493e-01  6.514006e-01  8.146109e-01  8.167004e-01 -3.309531e+00  2.272327e+00  2.333142e+01
 8.650000e-01  7.910584e-01  6.301056e-01  8.030541e-01  8.064274e-01 -3.273135e+00  2.578225e+00  2.188556e+01
 8.700000e-01  7.872428e-01  6.238991e-01  8.002424e-01  8.026228e-01 -3.262275e+00  2.290868e+00  2.138239e+01
 8.750000e-01  7.794443e-01  6.124103e-01  7.927608e-01  7.954085e-01 -3.237526e+00  2.592964e+00  2.059400e+01
 8.800000e-01  7.772020e-01  6.087608e-01  7.901116e-01  7.929789e-01 -3.228455e+00  2.483725e+00  2.033088e+01
 8.850000e-01  7.717471e-01  6.009136e-01  7.861212e-01  7.891522e-01 -3.212612e+00  2.726775e+00  2.005076e+01
 8.900000e-01  7.631524e-01  5.871647e-01  7.780896e-01  7.813655e-01 -3.182280e+00  2.579138e+00  1.989358e+01
 8.950000e-01  7.544576e-01  5.747880e-01  7.709496e-01  7.747417e-01 -3.163068e+00  2.745796e+00  1.881331e+01
 9.000000e-01  7.520688e-01  5.708283e-01  7.677612e-01  7.700307e-01 -3.149549e+00  2.637537e+00  1.877551e+01
 9.050000e-01  7.499996e-01  5.678010e-01  7.671600e-01  7.703785e-01 -3.145551e+00  2.683972e+00  1.879614e+01
 9.100000e-01  7.312748e-01  5.408749e-01  7.509321e-01  7.571908e-01 -3.099783e+00  2.736837e+00  1.704510e+01
 9.150000e-01  7.249092e-01  5.316760e-01  7.461490e-01  7.504693e-01 -3.079092e+00  2.647768e+00  1.680785e+01
 9.200000e-01  7.175915e-01  5.211312e-01  7.385434e-01  7.430873e-01 -3.056375e+00  2.865812e+00  1.643889e+01
 9.250000e-01  7.099078e-01  5.103063e-01  7.314278e-01  7.369851e-01 -3.031312e+00  2.762306e+00  1.609050e+01
 9.300000e-01  7.040601e-01  5.020335e-01  7.265400e-01  7.330806e-01 -3.014490e+00  2.702467e+00  1.587608e+01
 9.350000e-01  6.869531e-01  4.795094e-01  7.122526e-01  7.207645e-01 -2.977434e+00  2.947584e+00  1.471981e+01
 9.400000e-01  6.834088e-01  4.742383e-01  7.114812e-01  7.182136e-01 -2.971081e+00  2.605227e+00  1.437437e+01
 9.450000e-01  6.793063e-01  4.685853e-01  7.069322e-01  7.132406e-01 -2.952757e+00  2.770217e+00  1.431010e+01
 9.500000e-01  6.735873e-01  4.607707e-01  7.002032e-01  7.081419e-01 -2.939234e+00  2.799731e+00  1.396683e+01
 9.550000e-01  6.600964e-01  4.435293e-01  6.913368e-01  6.980180e-01 -2.904545e+00  2.996294e+00  1.335419e+01
 9.600000e-01  6.475853e-01  4.272300e-01  6.789364e-01  6.898459e-01 -2.870658e+00  2.789582e+00  1.280550e+01
 9.650000e-01  6.426931e-01  4.203858e-01  6.756978e-01  6.855788e-01 -2.856106e+00  2.523698e+00  1.252346e+01
 9.700000e-01  6.168951e-01  3.884272e-01  6.535775e-01  6.670541e-01 -2.798249e+00  2.704456e+00  1.164677e+01
 9.750000e-01  6.319508e-01  4.076509e-01  6.660345e-01  6.761656e-01 -2.828242e+00  2.738612e+00  1.241311e+01
 9.800000e-01  6.168665e-01  3.880851e-01  6.546943e-01  6.654056e-01 -2.791577e+00  2.511770e+00  1.179122e+01
 9.850000e-01  6.098853e-01  3.795883e-01  6.467012e-01  6.593669e-01 -2.768034e+00  2.453709e+00  1.166116e+01
 9.900000e-01  6.058307e-01  3.746288e-01  6.440116e-01  6.562666e-01 -2.759151e+00  2.515888e+00  1.156551e+01
 9.950000e-01  5.892117e-01  3.557052e-01  6.309927e-01  6.449925e-01 -2.721561e+00  2.659648e+00  1.089226e+01
 1.000000e+00  5.815233e-01  3.458923e-01  6.258145e-01  6.395952e-01 -2.707132e+00  2.438207e+00  1.066740e+01
 1.010000e+00  5.559858e-01  3.168439e-01  6.046967e-01  6.197834e-01 -2.643368e+00  2.307567e+00  9.890875e+00
 1.020000e+00  5.424960e-01  3.011464e-01  5.929210e-01  6.097788e-01 -2.601476e+00  2.107781e+00  9.506933e+00
 1.030000e+00  5.370422e-01  2.958226e-01  5.886397e-01  6.043830e-01 -2.591183e+00  2.223106e+00  9.511062e+00
 1.040000e+00  5.275545e-01  2.854817e-01  5.790034e-01  5.962973e-01 -2.556619e+00  2.182254e+00  9.363406e+00
 1.050000e+00  5.085358e-01  2.655518e-01  5.654405e-01  5.846187e-01 -2.515375e+00  2.158351e+00  8.808502e+00
 1.060000e+00  4.942791e-01  2.506352e-01  5.516857e-01  5.736037e-01 -2.480952e+00  1.866965e+00  8.463100e+00
 1.070000e+00  4.865134e-01  2.434384e-01  5.452161e-01  5.648356e-01 -2.453088e+00  1.994198e+00  8.311288e+00
 1.080000e+00  4.717613e-01  2.298349e-01  5.329030e-01  5.547259e-01 -2.417397e+00  1.902820e+00  7.940139e+00
 1.090000e+00  4.696657e-01  2.272801e-01  5.292594e-01  5.511591e-01 -2.398347e+00  1.895518e+00  8.002402e+00
 1.100000e+00  4.579297e-01  2.163297e-01  5.207695e-01  5.422279e-01 -2.369216e+00  1.844730e+00  7.866411e+00
 1.110000e+00  4.438601e-01  2.035160e-01  5.102573e-01  5.312258e-01 -2.334404e+00  1.761628e+00  7.566295e+00
 1.120000e+00  4.360603e-01  1.969419e-01  5.006483e-01  5.232296e-01 -2.305671e+00  1.794107e+00  7.464920e+00
 1.130000e+00  4.349005e-01  1.957904e-01  5.002600e-01  5.226267e-01 -2.295377e+00  1.770432e+00  7.561507e+00
 1.140000e+00  4.169244e-01  1.807275e-01  4.831659e-01  5.092663e-01 -2.260307e+00  1.710233e+00  7.036188e+00
 1.150000e+00  4.162472e-01  1.805462e-01  4.825877e-01  5.080207e-01 -2.243060e+00  1.758323e+00  7.129675e+00
 1.160000e+00  3.950445e-01  1.636140e-01  4.660376e-01  4.897690e-01 -2.194136e+00  1.923567e+00  6.802951e+00
 1.170000e+00  3.896006e-01  1.591518e-01  4.608971e-01  4.849756e-01 -2.162814e+00  1.788914e+00  6.813323e+00
 1.180000e+00  3.859415e-01  1.560449e-01  4.562384e-01  4.830370e-01 -2.153722e+00  1.790241e+00  6.646884e+00
 1.190000e+00  3.747748e-01  1.475521e-01  4.456928e-01  4.737324e-01 -2.125019e+00  1.670987e+00  6.571176e+00
 1.200000e+00  3.641930e-01  1.399142e-01  4.402611e-01  4.636612e-01 -2.097828e+00  1.592565e+00  6.330619e+00
 1.210000e+00  3.612349e-01  1.376243e-01  4.335490e-01  4.578272e-01 -2.079527e+00  1.698081e+00  6.361133e+00
 1.220000e+00  3.529496e-01  1.319198e-01  4.266657e-01  4.541363e-01 -2.053926e+00  1.693619e+00  6.281750e+00
 1.230000e+00  3.386326e-01  1.219175e-01  4.181016e-01  4.434311e-01 -2.025841e+00  1.589852e+00  6.004631e+00
 1.240000e+00  3.319691e-01  1.181299e-01  4.098550e-01  4.382712e-01 -1.999446e+00  1.715024e+00  5.870600e+00
 1.250000e+00  3.297442e-01  1.166886e-01  4.070388e-01  4.348512e-01 -1.984482e+00  1.807636e+00  5.906056e+00
 1.260000e+00  3.125340e-01  1.056512e-01  3.940280e-01  4.218702e-01 -1.952719e+00  1.816652e+00  5.605296e+00
 1.270000e+00  2.985572e-01  9.800983e-02  3.792153e-01  4.102594e-01 -1.912276e+00  1.822986e+00  5.402440e+00
 1.280000e+00  2.894182e-01  9.230631e-02  3.727974e-01  4.027832e-01 -1.876451e+00  1.669856e+00  5.293574e+00
 1.290000e+00  2.884714e-01  9.075194e-02  3.697587e-01  4.003774e-01 -1.866859e+00  1.602428e+00  5.294393e+00
 1.300000e+00  2.781077e-01  8.541069e-02  3.632103e-01  3.887588e-01 -1.821937e+00  1.743987e+00  5.270575e+00
 1.310000e+00  2.639630e-01  7.834182e-02  3.496753e-01  3.833043e-01 -1.801930e+00  1.817144e+00  4.937334e+00
 1.320000e+00  2.644715e-01  7.822737e-02  3.496702e-01  3.793614e-01 -1.790450e+00  1.711985e+00  4.983035e+00
 1.330000e+00  2.455893e-01  6.888182e-02  3.357867e-01  3.661233e-01 -1.749983e+00  1.752585e+00  4.675777e+00
 1.340000e+00  2.445730e-01  6.828978e-02  3.320763e-01  3.615588e-01 -1.727398e+00  1.741541e+00  4.737732e+00
 1.350000e+00  2.300176e-01  6.137255e-02  3.193445e-01  3.517432e-01 -1.689839e+00  1.744287e+00  4.507203e+00
 1.360000e+00  2.174724e-01  5.615015e-02  3.104760e-01  3.435115e-01 -1.662733e+00  1.769046e+00  4.303747e+00
 1.370000e+00  2.122437e-01  5.326385e-02  3.051413e-01  3.374328e-01 -1.643441e+00  1.591347e+00  4.235561e+00
 1.380000e+00  2.008234e-01  4.826353e-02  2.938400e-01  3.259019e-01 -1.605734e+00  1.716629e+00  4.073083e+00
 1.390000e+00  1.929219e-01  4.585712e-02  2.862468e-01  3.221124e-01 -1.592220e+00  1.690984e+00  3.976480e+00
 1.400000e+00  1.931996e-01  4.545346e-02  2.867941e-01  3.152197e-01 -1.566111e+00  1.628240e+00  4.027282e+00
 1.410000e+00  1.842041e-01  4.139087e-02  2.757433e-01  3.088575e-01 -1.537584e+00  1.566410e+00  3.894053e+00
 1.420000e+00  1.757628e-01  3.855492e-02  2.721945e-01  3.036144e-01 -1.514109e+00  1.536961e+00  3.769954e+00
 1.430000e+00  1.648236e-01  3.450586e-02  2.612002e-01  2.952642e-01 -1.483395e+00  1.509684e+00  3.617118e+00
 1.440000e+00  1.609837e-01  3.303100e-02  2.563174e-01  2.913990e-01 -1.466587e+00  1.522167e+00  3.551575e+00
 1.450000e+00  1.498223e-01  2.924579e-02  2.444223e-01  2.790085e-01 -1.428683e+00  1.595960e+00  3.433794e+00
 1.460000e+00  1.418955e-01  2.648798e-02  2.377121e-01  2.734571e-01 -1.406486e+00  1.420512e+00  3.310599e+00
 1.470000e+00  1.351603e-01  2.460762e-02  2.337911e-01  2.677487e-01 -1.383130e+00  1.440066e+00  3.198810e+00
 1.480000e+00  1.288841e-01  2.222585e-02  2.305191e-01  2.599978e-01 -1.358977e+00  1.343135e+00  3.076776e+00
 1.490000e+00  1.257800e-01  2.122863e-02  2.255465e-01  2.597837e-01 -1.347472e+00  1.303348e+00  3.034648e+00
 1.500000e+00  1.195525e-01  2.003844e-02  2.188287e-01  2.499504e-01 -1.319847e+00  1.311752e+00  2.976584e+00
 1.510000e+00  1.148221e-01  1.840888e-02  2.148500e-01  2.471779e-01 -1.297661e+00  1.261949e+00  2.902130e+00
