# Enhanced Quasi-3D Monte Carlo Simulation
# Timestamp: 20250716_042947
# Spin model: icosahedral (13 states)
# Algorithm: hybrid (hybrid Metropolis+Wolff)
# Theoretical Tc (8-state Potts): ~0.751
# Temperature range: 0.1-1.5 (optimized for critical region)
# Layer: 2/3
# System size: 8x8x3, Total sites: 192
# Void parameter D: 0.500
#
# Temperature          M^2          M^4          G^2          G^4       Energy           Cv         Corr
 1.000000e-01  1.000000e+00  1.000000e+00  1.000000e+00  1.000000e+00 -4.000000e+00  0.000000e+00  0.000000e+00
 1.080000e-01  1.000000e+00  1.000000e+00  1.000000e+00  1.000000e+00 -4.000000e+00  0.000000e+00  0.000000e+00
 1.160000e-01  1.000000e+00  1.000000e+00  1.000000e+00  1.000000e+00 -4.000000e+00  0.000000e+00  0.000000e+00
 1.240000e-01  1.000000e+00  1.000000e+00  1.000000e+00  1.000000e+00 -4.000000e+00  0.000000e+00  0.000000e+00
 1.320000e-01  1.000000e+00  1.000000e+00  1.000000e+00  1.000000e+00 -4.000000e+00  0.000000e+00  0.000000e+00
 1.400000e-01  1.000000e+00  1.000000e+00  1.000000e+00  1.000000e+00 -4.000000e+00  0.000000e+00  0.000000e+00
 1.480000e-01  1.000000e+00  1.000000e+00  1.000000e+00  1.000000e+00 -4.000000e+00  0.000000e+00  0.000000e+00
 1.560000e-01  1.000000e+00  1.000000e+00  1.000000e+00  1.000000e+00 -4.000000e+00  0.000000e+00  0.000000e+00
 1.640000e-01  1.000000e+00  1.000000e+00  1.000000e+00  1.000000e+00 -4.000000e+00  0.000000e+00  0.000000e+00
 1.720000e-01  1.000000e+00  1.000000e+00  1.000000e+00  1.000000e+00 -4.000000e+00  0.000000e+00  0.000000e+00
 1.800000e-01  1.000000e+00  1.000000e+00  1.000000e+00  1.000000e+00 -4.000000e+00  0.000000e+00  0.000000e+00
 1.880000e-01  1.000000e+00  1.000000e+00  1.000000e+00  1.000000e+00 -4.000000e+00  0.000000e+00  0.000000e+00
 1.960000e-01  1.000000e+00  1.000000e+00  1.000000e+00  1.000000e+00 -4.000000e+00  0.000000e+00  0.000000e+00
 2.040000e-01  1.000000e+00  1.000000e+00  1.000000e+00  1.000000e+00 -4.000000e+00  0.000000e+00  0.000000e+00
 2.120000e-01  1.000000e+00  1.000000e+00  1.000000e+00  1.000000e+00 -4.000000e+00  0.000000e+00  0.000000e+00
 2.200000e-01  9.999915e-01  9.999831e-01  9.999935e-01  9.999935e-01 -3.999974e+00  1.774781e-03  5.029731e+03
 2.280000e-01  1.000000e+00  1.000000e+00  1.000000e+00  9.999914e-01 -3.999983e+00  1.833266e-04  0.000000e+00
 2.360000e-01  1.000000e+00  1.000000e+00  9.999978e-01  1.000000e+00 -3.999996e+00  4.284139e-05  0.000000e+00
 2.440000e-01  1.000000e+00  1.000000e+00  9.999914e-01  1.000000e+00 -3.999983e+00  1.600721e-04  0.000000e+00
 2.520000e-01  1.000000e+00  1.000000e+00  9.999935e-01  1.000000e+00 -3.999987e+00  1.126090e-04  0.000000e+00
 2.600000e-01  9.999830e-01  9.999663e-01  9.999870e-01  9.999870e-01 -3.999948e+00  2.540130e-03  3.556542e+03
 2.680000e-01  9.999660e-01  9.999326e-01  9.999719e-01  9.999633e-01 -3.999870e+00  4.970746e-03  2.514833e+03
 2.760000e-01  9.999490e-01  9.998988e-01  9.999568e-01  9.999568e-01 -3.999827e+00  6.869532e-03  2.053335e+03
 2.840000e-01  9.999745e-01  9.999494e-01  9.999698e-01  9.999806e-01 -3.999901e+00  3.336789e-03  2.903892e+03
 2.920000e-01  9.999150e-01  9.998314e-01  9.999158e-01  9.999331e-01 -3.999698e+00  1.062694e-02  1.590479e+03
 3.000000e-01  9.999575e-01  9.999157e-01  9.999590e-01  9.999525e-01 -3.999823e+00  5.044060e-03  2.249326e+03
 3.080000e-01  9.999150e-01  9.998314e-01  9.999179e-01  9.999071e-01 -3.999650e+00  9.505451e-03  1.590479e+03
 3.160000e-01  9.998640e-01  9.997302e-01  9.998683e-01  9.998640e-01 -3.999464e+00  1.425621e-02  1.257352e+03
 3.240000e-01  9.998810e-01  9.997640e-01  9.998596e-01  9.998618e-01 -3.999443e+00  1.229574e-02  1.344177e+03
 3.320000e-01  9.997194e-01  9.994436e-01  9.997538e-01  9.997387e-01 -3.998985e+00  2.606358e-02  8.754438e+02
 3.400000e-01  9.996684e-01  9.993425e-01  9.996394e-01  9.996739e-01 -3.998627e+00  2.976753e-02  8.052704e+02
 3.480000e-01  9.996259e-01  9.992582e-01  9.995962e-01  9.995660e-01 -3.998324e+00  3.246147e-02  7.581208e+02
 3.560000e-01  9.996514e-01  9.993087e-01  9.995811e-01  9.996200e-01 -3.998402e+00  2.979118e-02  7.853774e+02
 3.640000e-01  9.995239e-01  9.990558e-01  9.994882e-01  9.995617e-01 -3.998100e+00  3.724641e-02  6.719677e+02
 3.720000e-01  9.993113e-01  9.986343e-01  9.992594e-01  9.992788e-01 -3.997076e+00  5.026711e-02  5.586674e+02
 3.800000e-01  9.990310e-01  9.980788e-01  9.990564e-01  9.990521e-01 -3.996217e+00  6.745760e-02  4.737974e+02
 3.880000e-01  9.988782e-01  9.977775e-01  9.988987e-01  9.988987e-01 -3.995599e+00  8.201337e-02  4.379918e+02
 3.960000e-01  9.986911e-01  9.974074e-01  9.986591e-01  9.986655e-01 -3.994658e+00  9.341008e-02  4.015496e+02
 4.040000e-01  9.982003e-01  9.964374e-01  9.982396e-01  9.982833e-01 -3.993043e+00  1.262467e-01  3.463090e+02
 4.120000e-01  9.979444e-01  9.959286e-01  9.979163e-01  9.979702e-01 -3.991773e+00  1.259645e-01  3.220271e+02
 4.200000e-01  9.980376e-01  9.961137e-01  9.980151e-01  9.980242e-01 -3.992102e+00  1.217994e-01  3.292440e+02
 4.280000e-01  9.977158e-01  9.954784e-01  9.976528e-01  9.976688e-01 -3.990732e+00  1.306000e-01  2.956245e+02
 4.360000e-01  9.973774e-01  9.948079e-01  9.973030e-01  9.971907e-01 -3.989052e+00  1.485887e-01  2.795328e+02
 4.440000e-01  9.969335e-01  9.939302e-01  9.968485e-01  9.968625e-01 -3.987493e+00  1.668809e-01  2.617327e+02
 4.520000e-01  9.959097e-01  9.919096e-01  9.960117e-01  9.959724e-01 -3.984029e+00  2.155714e-01  2.256752e+02
 4.600000e-01  9.956070e-01  9.913105e-01  9.955604e-01  9.956684e-01 -3.982548e+00  2.266587e-01  2.215368e+02
 4.680000e-01  9.950121e-01  9.901411e-01  9.950590e-01  9.951777e-01 -3.980600e+00  2.506164e-01  2.008857e+02
 4.760000e-01  9.947066e-01  9.895367e-01  9.945995e-01  9.948179e-01 -3.978990e+00  2.518285e-01  1.943439e+02
 4.840000e-01  9.940515e-01  9.882446e-01  9.939923e-01  9.939137e-01 -3.975940e+00  2.736018e-01  1.838454e+02
 4.920000e-01  9.925929e-01  9.853634e-01  9.927339e-01  9.927844e-01 -3.971180e+00  3.031873e-01  1.666444e+02
 5.050000e-01  9.915211e-01  9.832682e-01  9.914497e-01  9.915592e-01 -3.966291e+00  3.663774e-01  1.543873e+02
 5.100000e-01  9.901505e-01  9.805765e-01  9.904009e-01  9.901654e-01 -3.961562e+00  4.171698e-01  1.422934e+02
 5.150000e-01  9.909174e-01  9.820733e-01  9.905567e-01  9.906111e-01 -3.962636e+00  3.569059e-01  1.500156e+02
 5.200000e-01  9.895808e-01  9.794542e-01  9.896704e-01  9.895581e-01 -3.958804e+00  4.041587e-01  1.389214e+02
 5.250000e-01  9.894199e-01  9.791476e-01  9.890459e-01  9.893480e-01 -3.957121e+00  4.253774e-01  1.366213e+02
 5.300000e-01  9.884941e-01  9.773330e-01  9.884361e-01  9.884331e-01 -3.954209e+00  4.578700e-01  1.317894e+02
 5.350000e-01  9.866793e-01  9.737645e-01  9.867640e-01  9.868508e-01 -3.947780e+00  4.776197e-01  1.225069e+02
 5.400000e-01  9.868603e-01  9.741167e-01  9.866970e-01  9.867329e-01 -3.947352e+00  4.620757e-01  1.226065e+02
 5.450000e-01  9.862270e-01  9.728951e-01  9.859695e-01  9.860228e-01 -3.944524e+00  4.994567e-01  1.205849e+02
 5.500000e-01  9.852318e-01  9.709463e-01  9.849788e-01  9.850107e-01 -3.940698e+00  5.243364e-01  1.153068e+02
 5.550000e-01  9.847702e-01  9.700373e-01  9.843847e-01  9.844078e-01 -3.938156e+00  5.171007e-01  1.137062e+02
 5.600000e-01  9.819957e-01  9.646436e-01  9.822692e-01  9.824169e-01 -3.930292e+00  6.248121e-01  1.032592e+02
 5.650000e-01  9.818488e-01  9.643777e-01  9.816177e-01  9.820476e-01 -3.928268e+00  6.209398e-01  1.032293e+02
 5.700000e-01  9.803918e-01  9.615234e-01  9.807901e-01  9.805534e-01 -3.923818e+00  6.416041e-01  9.801005e+01
 5.750000e-01  9.808063e-01  9.623159e-01  9.806786e-01  9.807345e-01 -3.923760e+00  5.948427e-01  1.002341e+02
 5.800000e-01  9.791159e-01  9.590295e-01  9.792375e-01  9.792250e-01 -3.918227e+00  6.325198e-01  9.468006e+01
 5.850000e-01  9.792592e-01  9.593269e-01  9.787726e-01  9.788836e-01 -3.916415e+00  6.427746e-01  9.591151e+01
 5.900000e-01  9.755818e-01  9.522306e-01  9.758519e-01  9.757846e-01 -3.905055e+00  7.789445e-01  8.760224e+01
 5.950000e-01  9.757288e-01  9.524703e-01  9.753211e-01  9.755996e-01 -3.903152e+00  6.965445e-01  8.923360e+01
 6.000000e-01  9.752034e-01  9.514822e-01  9.751452e-01  9.754414e-01 -3.902468e+00  7.425867e-01  8.710053e+01
 6.050000e-01  9.737404e-01  9.486703e-01  9.737962e-01  9.733256e-01 -3.896045e+00  7.757614e-01  8.465894e+01
 6.100000e-01  9.711391e-01  9.436873e-01  9.717367e-01  9.713494e-01 -3.888002e+00  8.767879e-01  7.978885e+01
 6.150000e-01  9.703596e-01  9.421778e-01  9.701043e-01  9.704546e-01 -3.883046e+00  8.974444e-01  7.969039e+01
 6.200000e-01  9.679226e-01  9.374956e-01  9.679257e-01  9.678448e-01 -3.874302e+00  9.190570e-01  7.505148e+01
 6.250000e-01  9.658490e-01  9.335148e-01  9.666272e-01  9.666130e-01 -3.869020e+00  9.515664e-01  7.178379e+01
 6.300000e-01  9.644232e-01  9.307895e-01  9.653099e-01  9.650906e-01 -3.863458e+00  9.588768e-01  7.161923e+01
 6.350000e-01  9.643523e-01  9.307019e-01  9.641030e-01  9.639781e-01 -3.859117e+00  1.042966e+00  7.096085e+01
 6.400000e-01  9.598761e-01  9.221008e-01  9.607286e-01  9.603444e-01 -3.845282e+00  9.920978e-01  6.678312e+01
 6.450000e-01  9.592107e-01  9.208975e-01  9.594608e-01  9.597581e-01 -3.841954e+00  1.097493e+00  6.539632e+01
 6.500000e-01  9.589207e-01  9.203672e-01  9.588199e-01  9.591711e-01 -3.839791e+00  1.143679e+00  6.538313e+01
 6.550000e-01  9.565018e-01  9.157126e-01  9.569669e-01  9.568559e-01 -3.831569e+00  1.069412e+00  6.339065e+01
 6.600000e-01  9.557366e-01  9.143067e-01  9.557128e-01  9.557220e-01 -3.827703e+00  1.099191e+00  6.129689e+01
 6.650000e-01  9.501293e-01  9.036519e-01  9.509280e-01  9.514666e-01 -3.809973e+00  1.157288e+00  5.893243e+01
 6.700000e-01  9.504472e-01  9.042978e-01  9.509028e-01  9.506851e-01 -3.807635e+00  1.154386e+00  5.918973e+01
 6.750000e-01  9.489935e-01  9.015227e-01  9.490736e-01  9.490959e-01 -3.801224e+00  1.158991e+00  5.807212e+01
 6.800000e-01  9.454430e-01  8.949066e-01  9.460728e-01  9.456554e-01 -3.789638e+00  1.246759e+00  5.480441e+01
 6.850000e-01  9.437699e-01  8.918026e-01  9.445351e-01  9.446853e-01 -3.784379e+00  1.313253e+00  5.497071e+01
 6.900000e-01  9.426506e-01  8.896964e-01  9.431279e-01  9.433116e-01 -3.779447e+00  1.264468e+00  5.315349e+01
 6.950000e-01  9.382406e-01  8.814427e-01  9.390228e-01  9.391225e-01 -3.763419e+00  1.285837e+00  5.163148e+01
 7.000000e-01  9.358474e-01  8.770666e-01  9.373428e-01  9.376244e-01 -3.757612e+00  1.325884e+00  5.058980e+01
 7.050000e-01  9.313252e-01  8.686642e-01  9.331335e-01  9.330300e-01 -3.740246e+00  1.388064e+00  4.842952e+01
 7.100000e-01  9.332361e-01  8.721795e-01  9.342225e-01  9.342459e-01 -3.744511e+00  1.371746e+00  4.967431e+01
 7.150000e-01  9.285546e-01  8.636363e-01  9.298473e-01  9.297843e-01 -3.728671e+00  1.458770e+00  4.687607e+01
 7.200000e-01  9.255898e-01  8.581569e-01  9.267162e-01  9.267207e-01 -3.716155e+00  1.488857e+00  4.578157e+01
 7.250000e-01  9.178048e-01  8.439276e-01  9.198378e-01  9.209474e-01 -3.692802e+00  1.542187e+00  4.296062e+01
 7.300000e-01  9.204369e-01  8.487615e-01  9.213807e-01  9.212390e-01 -3.695404e+00  1.588900e+00  4.439953e+01
 7.350000e-01  9.142981e-01  8.376263e-01  9.158190e-01  9.171678e-01 -3.678260e+00  1.629374e+00  4.193167e+01
 7.400000e-01  9.134132e-01  8.360720e-01  9.152816e-01  9.159141e-01 -3.674760e+00  1.641988e+00  4.152829e+01
 7.450000e-01  9.088066e-01  8.277588e-01  9.110218e-01  9.115924e-01 -3.658678e+00  1.677395e+00  4.040657e+01
 7.500000e-01  9.087601e-01  8.275417e-01  9.102337e-01  9.105347e-01 -3.655160e+00  1.585142e+00  4.038017e+01
 7.550000e-01  8.994821e-01  8.109729e-01  9.026353e-01  9.030244e-01 -3.626416e+00  1.735009e+00  3.830349e+01
 7.600000e-01  8.978914e-01  8.083219e-01  9.003094e-01  9.017914e-01 -3.620782e+00  1.855058e+00  3.719230e+01
 7.650000e-01  8.931155e-01  7.998062e-01  8.945122e-01  8.964634e-01 -3.601041e+00  1.871764e+00  3.631642e+01
 7.700000e-01  8.931860e-01  7.998997e-01  8.960568e-01  8.966136e-01 -3.602494e+00  1.829894e+00  3.622516e+01
 7.750000e-01  8.881743e-01  7.912144e-01  8.915325e-01  8.916205e-01 -3.585252e+00  2.037107e+00  3.519039e+01
 7.800000e-01  8.821690e-01  7.806481e-01  8.865097e-01  8.874316e-01 -3.567371e+00  2.007025e+00  3.404295e+01
 7.850000e-01  8.766754e-01  7.709416e-01  8.798619e-01  8.814954e-01 -3.545870e+00  1.875569e+00  3.270399e+01
 7.900000e-01  8.733880e-01  7.654143e-01  8.781267e-01  8.782939e-01 -3.535284e+00  2.087463e+00  3.242992e+01
 7.950000e-01  8.715469e-01  7.622460e-01  8.759545e-01  8.769859e-01 -3.530215e+00  2.072782e+00  3.143986e+01
 8.000000e-01  8.650237e-01  7.507824e-01  8.707204e-01  8.714557e-01 -3.508325e+00  1.852483e+00  3.131778e+01
 8.050000e-01  8.649661e-01  7.507426e-01  8.691982e-01  8.700246e-01 -3.502851e+00  2.011162e+00  3.120855e+01
 8.100000e-01  8.542965e-01  7.327457e-01  8.601208e-01  8.611675e-01 -3.471602e+00  2.083519e+00  2.945032e+01
 8.150000e-01  8.506161e-01  7.266473e-01  8.573801e-01  8.576315e-01 -3.461058e+00  2.067191e+00  2.840206e+01
 8.200000e-01  8.469543e-01  7.204495e-01  8.536464e-01  8.539007e-01 -3.446851e+00  2.201668e+00  2.834491e+01
 8.250000e-01  8.390655e-01  7.074114e-01  8.463629e-01  8.479266e-01 -3.423076e+00  2.281957e+00  2.704338e+01
 8.300000e-01  8.377748e-01  7.052054e-01  8.453377e-01  8.457722e-01 -3.416689e+00  2.248548e+00  2.668880e+01
 8.350000e-01  8.348786e-01  7.004309e-01  8.407930e-01  8.428565e-01 -3.403227e+00  2.243421e+00  2.661368e+01
 8.400000e-01  8.222844e-01  6.794349e-01  8.312708e-01  8.331262e-01 -3.367325e+00  2.084653e+00  2.514359e+01
 8.450000e-01  8.197316e-01  6.759079e-01  8.290474e-01  8.302525e-01 -3.361836e+00  2.495575e+00  2.450421e+01
 8.500000e-01  8.187935e-01  6.741081e-01  8.258977e-01  8.280824e-01 -3.349431e+00  2.317754e+00  2.486810e+01
 8.550000e-01  8.105515e-01  6.606977e-01  8.197026e-01  8.221763e-01 -3.329338e+00  2.199597e+00  2.394055e+01
 8.600000e-01  8.038419e-01  6.500798e-01  8.148701e-01  8.165004e-01 -3.310610e+00  2.341223e+00  2.296271e+01
 8.650000e-01  7.919971e-01  6.316758e-01  8.042153e-01  8.060165e-01 -3.275088e+00  2.468064e+00  2.166758e+01
 8.700000e-01  7.894608e-01  6.274613e-01  8.016743e-01  8.038116e-01 -3.265085e+00  2.411620e+00  2.168921e+01
 8.750000e-01  7.823910e-01  6.167672e-01  7.953085e-01  7.974248e-01 -3.244964e+00  2.516871e+00  2.111127e+01
 8.800000e-01  7.759825e-01  6.066959e-01  7.896949e-01  7.931074e-01 -3.225977e+00  2.467876e+00  2.046712e+01
 8.850000e-01  7.684247e-01  5.958951e-01  7.829953e-01  7.873775e-01 -3.206251e+00  2.693523e+00  1.977971e+01
 8.900000e-01  7.694188e-01  5.965429e-01  7.817950e-01  7.840327e-01 -3.195477e+00  2.487254e+00  2.020136e+01
 8.950000e-01  7.595616e-01  5.820644e-01  7.745841e-01  7.776028e-01 -3.173413e+00  2.503405e+00  1.901621e+01
 9.000000e-01  7.503863e-01  5.678899e-01  7.665865e-01  7.711230e-01 -3.146279e+00  2.518470e+00  1.873409e+01
 9.050000e-01  7.514698e-01  5.701602e-01  7.675538e-01  7.710495e-01 -3.148454e+00  2.733677e+00  1.893870e+01
 9.100000e-01  7.290727e-01  5.381689e-01  7.517989e-01  7.540808e-01 -3.095537e+00  2.904606e+00  1.698591e+01
 9.150000e-01  7.294614e-01  5.384940e-01  7.487295e-01  7.526209e-01 -3.087136e+00  2.821310e+00  1.732472e+01
 9.200000e-01  7.209402e-01  5.259033e-01  7.405230e-01  7.456740e-01 -3.060793e+00  2.895478e+00  1.686428e+01
 9.250000e-01  7.112128e-01  5.119706e-01  7.328778e-01  7.373982e-01 -3.035337e+00  2.743227e+00  1.603101e+01
 9.300000e-01  7.020702e-01  4.998460e-01  7.264389e-01  7.311838e-01 -3.011843e+00  2.844679e+00  1.570554e+01
 9.350000e-01  6.876968e-01  4.801830e-01  7.130586e-01  7.205530e-01 -2.975695e+00  2.854554e+00  1.482157e+01
 9.400000e-01  6.859155e-01  4.779627e-01  7.122733e-01  7.206611e-01 -2.971680e+00  2.770430e+00  1.450830e+01
 9.450000e-01  6.773675e-01  4.658797e-01  7.039750e-01  7.122691e-01 -2.947126e+00  2.865723e+00  1.435876e+01
 9.500000e-01  6.734721e-01  4.602241e-01  6.994230e-01  7.094939e-01 -2.935611e+00  2.591550e+00  1.400647e+01
 9.550000e-01  6.604793e-01  4.439906e-01  6.904924e-01  7.004253e-01 -2.904617e+00  2.984142e+00  1.351468e+01
 9.600000e-01  6.491936e-01  4.293208e-01  6.809039e-01  6.893179e-01 -2.869339e+00  2.872846e+00  1.306737e+01
 9.650000e-01  6.434862e-01  4.214961e-01  6.772110e-01  6.853013e-01 -2.856317e+00  2.506332e+00  1.270094e+01
 9.700000e-01  6.194661e-01  3.924719e-01  6.572657e-01  6.670211e-01 -2.802393e+00  2.848624e+00  1.179460e+01
 9.750000e-01  6.318247e-01  4.069302e-01  6.660821e-01  6.757373e-01 -2.824802e+00  2.733040e+00  1.253736e+01
 9.800000e-01  6.193136e-01  3.913595e-01  6.583249e-01  6.679565e-01 -2.797652e+00  2.498088e+00  1.183819e+01
 9.850000e-01  6.107361e-01  3.809697e-01  6.484164e-01  6.593911e-01 -2.769359e+00  2.639519e+00  1.170126e+01
 9.900000e-01  6.050823e-01  3.738239e-01  6.442275e-01  6.559753e-01 -2.755327e+00  2.611520e+00  1.154623e+01
 9.950000e-01  5.888972e-01  3.548556e-01  6.309533e-01  6.441143e-01 -2.719585e+00  2.470439e+00  1.087405e+01
 1.000000e+00  5.853344e-01  3.504105e-01  6.284676e-01  6.426746e-01 -2.710355e+00  2.466928e+00  1.069697e+01
 1.010000e+00  5.588362e-01  3.198590e-01  6.057830e-01  6.233573e-01 -2.649366e+00  2.317389e+00  9.888254e+00
 1.020000e+00  5.460162e-01  3.055698e-01  5.951081e-01  6.114774e-01 -2.609219e+00  2.282548e+00  9.591856e+00
 1.030000e+00  5.396324e-01  2.986938e-01  5.909631e-01  6.079921e-01 -2.597791e+00  2.256617e+00  9.556596e+00
 1.040000e+00  5.314138e-01  2.896038e-01  5.817907e-01  5.988132e-01 -2.567327e+00  2.119366e+00  9.367204e+00
 1.050000e+00  5.091461e-01  2.664907e-01  5.634469e-01  5.836603e-01 -2.510407e+00  2.167414e+00  8.801026e+00
 1.060000e+00  4.955249e-01  2.521772e-01  5.540252e-01  5.744815e-01 -2.484227e+00  1.925263e+00  8.415601e+00
 1.070000e+00  4.839011e-01  2.407828e-01  5.435679e-01  5.644778e-01 -2.449885e+00  1.953367e+00  8.305326e+00
 1.080000e+00  4.691101e-01  2.268854e-01  5.316379e-01  5.537965e-01 -2.414766e+00  1.878882e+00  7.897168e+00
 1.090000e+00  4.651791e-01  2.228652e-01  5.266020e-01  5.477663e-01 -2.390451e+00  1.774464e+00  7.941615e+00
 1.100000e+00  4.571470e-01  2.159973e-01  5.213823e-01  5.424239e-01 -2.370964e+00  1.986052e+00  7.783831e+00
 1.110000e+00  4.437143e-01  2.035443e-01  5.096884e-01  5.314226e-01 -2.335513e+00  1.799294e+00  7.512829e+00
 1.120000e+00  4.396643e-01  2.003348e-01  5.044456e-01  5.260873e-01 -2.314460e+00  1.903962e+00  7.470752e+00
 1.130000e+00  4.357272e-01  1.962817e-01  5.004282e-01  5.224111e-01 -2.299414e+00  1.686705e+00  7.535348e+00
 1.140000e+00  4.135647e-01  1.778396e-01  4.837529e-01  5.084454e-01 -2.252664e+00  1.654896e+00  6.997794e+00
 1.150000e+00  4.109098e-01  1.760509e-01  4.788859e-01  5.020524e-01 -2.233906e+00  1.651954e+00  7.060093e+00
 1.160000e+00  3.985105e-01  1.658640e-01  4.673260e-01  4.936967e-01 -2.202845e+00  1.710164e+00  6.814542e+00
 1.170000e+00  3.878920e-01  1.574061e-01  4.588142e-01  4.824609e-01 -2.161691e+00  1.755505e+00  6.757812e+00
 1.180000e+00  3.857858e-01  1.554631e-01  4.585749e-01  4.808171e-01 -2.152979e+00  1.654201e+00  6.686149e+00
 1.190000e+00  3.716676e-01  1.454854e-01  4.462002e-01  4.701519e-01 -2.122848e+00  1.737672e+00  6.458132e+00
 1.200000e+00  3.624649e-01  1.388001e-01  4.394383e-01  4.654789e-01 -2.103148e+00  1.700574e+00  6.301627e+00
 1.210000e+00  3.613746e-01  1.380101e-01  4.322285e-01  4.608577e-01 -2.079637e+00  1.730565e+00  6.399450e+00
 1.220000e+00  3.494037e-01  1.294170e-01  4.246142e-01  4.516438e-01 -2.043069e+00  1.728388e+00  6.205315e+00
 1.230000e+00  3.463731e-01  1.277240e-01  4.228428e-01  4.495401e-01 -2.039055e+00  1.696816e+00  6.097236e+00
 1.240000e+00  3.302634e-01  1.168861e-01  4.109646e-01  4.381281e-01 -1.994936e+00  1.672591e+00  5.838699e+00
 1.250000e+00  3.287343e-01  1.156782e-01  4.077916e-01  4.345076e-01 -1.985910e+00  1.765857e+00  5.881601e+00
 1.260000e+00  3.111484e-01  1.049839e-01  3.910499e-01  4.224714e-01 -1.945033e+00  1.753433e+00  5.558199e+00
 1.270000e+00  2.976689e-01  9.722365e-02  3.771587e-01  4.102214e-01 -1.910258e+00  1.823810e+00  5.367966e+00
 1.280000e+00  2.904179e-01  9.275978e-02  3.737708e-01  4.032361e-01 -1.877679e+00  1.666878e+00  5.288049e+00
 1.290000e+00  2.867385e-01  8.949218e-02  3.694310e-01  3.963059e-01 -1.861450e+00  1.473603e+00  5.278466e+00
 1.300000e+00  2.780360e-01  8.578570e-02  3.606414e-01  3.911818e-01 -1.827179e+00  1.744872e+00  5.225903e+00
 1.310000e+00  2.655676e-01  7.890807e-02  3.541587e-01  3.833388e-01 -1.800519e+00  1.795580e+00  4.962711e+00
 1.320000e+00  2.636534e-01  7.727126e-02  3.483078e-01  3.796851e-01 -1.787448e+00  1.683879e+00  4.969639e+00
 1.330000e+00  2.465697e-01  6.951193e-02  3.341258e-01  3.675170e-01 -1.747388e+00  1.813778e+00  4.736226e+00
 1.340000e+00  2.435953e-01  6.759618e-02  3.334228e-01  3.613549e-01 -1.729082e+00  1.747306e+00  4.736279e+00
 1.350000e+00  2.327996e-01  6.234171e-02  3.228734e-01  3.551857e-01 -1.699146e+00  1.634542e+00  4.494728e+00
 1.360000e+00  2.112941e-01  5.310813e-02  3.064417e-01  3.384152e-01 -1.648193e+00  1.803973e+00  4.213319e+00
 1.370000e+00  2.170335e-01  5.577495e-02  3.098250e-01  3.382633e-01 -1.647261e+00  1.638630e+00  4.340206e+00
 1.380000e+00  2.016291e-01  4.916105e-02  2.959814e-01  3.276649e-01 -1.611193e+00  1.726121e+00  4.087802e+00
 1.390000e+00  1.921115e-01  4.515018e-02  2.890915e-01  3.207176e-01 -1.588660e+00  1.645261e+00  3.921017e+00
 1.400000e+00  1.885899e-01  4.344351e-02  2.816950e-01  3.161735e-01 -1.565108e+00  1.615709e+00  3.938869e+00
 1.410000e+00  1.834470e-01  4.095689e-02  2.778390e-01  3.082921e-01 -1.533820e+00  1.504454e+00  3.923170e+00
 1.420000e+00  1.788871e-01  3.983465e-02  2.716716e-01  3.056052e-01 -1.522790e+00  1.687807e+00  3.799582e+00
 1.430000e+00  1.676283e-01  3.553746e-02  2.607045e-01  2.953586e-01 -1.483629e+00  1.462002e+00  3.657584e+00
 1.440000e+00  1.605338e-01  3.256142e-02  2.565347e-01  2.883097e-01 -1.469703e+00  1.491873e+00  3.551263e+00
 1.450000e+00  1.516852e-01  3.011773e-02  2.460756e-01  2.816953e-01 -1.431542e+00  1.581512e+00  3.439567e+00
 1.460000e+00  1.457404e-01  2.765639e-02  2.422033e-01  2.741323e-01 -1.414802e+00  1.439114e+00  3.354807e+00
 1.470000e+00  1.378929e-01  2.521025e-02  2.394771e-01  2.697310e-01 -1.389323e+00  1.463261e+00  3.218858e+00
 1.480000e+00  1.311090e-01  2.333950e-02  2.300119e-01  2.640262e-01 -1.373505e+00  1.348238e+00  3.110261e+00
 1.490000e+00  1.249749e-01  2.107830e-02  2.229654e-01  2.571869e-01 -1.343335e+00  1.213870e+00  3.046682e+00
 1.500000e+00  1.188047e-01  1.949271e-02  2.179510e-01  2.527652e-01 -1.323136e+00  1.282033e+00  2.932784e+00
 1.510000e+00  1.142884e-01  1.867299e-02  2.134242e-01  2.460866e-01 -1.300896e+00  1.348102e+00  2.841614e+00
