# Enhanced Quasi-3D Monte Carlo Simulation
# Timestamp: 20250716_042259
# Spin model: icosahedral (13 states)
# Algorithm: hybrid (hybrid Metropolis+Wolff)
# Theoretical Tc (8-state Potts): ~0.751
# Temperature range: 0.1-1.5 (optimized for critical region)
# Layer: 1/3
# System size: 16x16x3, Total sites: 768
# Void parameter D: 0.500
#
# Temperature          M^2          M^4          G^2          G^4       Energy           Cv         Corr
 1.000000e-01  1.000000e+00  1.000000e+00  1.000000e+00  1.000000e+00 -4.000000e+00  0.000000e+00  0.000000e+00
 1.080000e-01  1.000000e+00  1.000000e+00  1.000000e+00  1.000000e+00 -4.000000e+00  0.000000e+00  0.000000e+00
 1.160000e-01  1.000000e+00  1.000000e+00  1.000000e+00  1.000000e+00 -4.000000e+00  0.000000e+00  0.000000e+00
 1.240000e-01  1.000000e+00  1.000000e+00  1.000000e+00  1.000000e+00 -4.000000e+00  0.000000e+00  0.000000e+00
 1.320000e-01  1.000000e+00  1.000000e+00  1.000000e+00  1.000000e+00 -4.000000e+00  0.000000e+00  0.000000e+00
 1.400000e-01  1.000000e+00  1.000000e+00  1.000000e+00  1.000000e+00 -4.000000e+00  0.000000e+00  0.000000e+00
 1.480000e-01  1.000000e+00  1.000000e+00  1.000000e+00  1.000000e+00 -4.000000e+00  0.000000e+00  0.000000e+00
 1.560000e-01  1.000000e+00  1.000000e+00  1.000000e+00  1.000000e+00 -4.000000e+00  0.000000e+00  0.000000e+00
 1.640000e-01  1.000000e+00  1.000000e+00  1.000000e+00  1.000000e+00 -4.000000e+00  0.000000e+00  0.000000e+00
 1.720000e-01  1.000000e+00  1.000000e+00  1.000000e+00  1.000000e+00 -4.000000e+00  0.000000e+00  0.000000e+00
 1.800000e-01  1.000000e+00  1.000000e+00  1.000000e+00  1.000000e+00 -4.000000e+00  0.000000e+00  0.000000e+00
 1.880000e-01  1.000000e+00  1.000000e+00  1.000000e+00  1.000000e+00 -4.000000e+00  0.000000e+00  0.000000e+00
 1.960000e-01  1.000000e+00  1.000000e+00  1.000000e+00  1.000000e+00 -4.000000e+00  0.000000e+00  0.000000e+00
 2.040000e-01  1.000000e+00  1.000000e+00  1.000000e+00  1.000000e+00 -4.000000e+00  0.000000e+00  0.000000e+00
 2.120000e-01  1.000000e+00  1.000000e+00  1.000000e+00  1.000000e+00 -4.000000e+00  0.000000e+00  0.000000e+00
 2.200000e-01  1.000000e+00  1.000000e+00  1.000000e+00  1.000000e+00 -4.000000e+00  0.000000e+00  0.000000e+00
 2.280000e-01  1.000000e+00  1.000000e+00  1.000000e+00  1.000000e+00 -4.000000e+00  0.000000e+00  0.000000e+00
 2.360000e-01  1.000000e+00  1.000000e+00  9.999978e-01  9.999989e-01 -3.999994e+00  6.410134e-05  0.000000e+00
 2.440000e-01  9.999914e-01  9.999828e-01  9.999935e-01  9.999924e-01 -3.999972e+00  1.460197e-03  1.973234e+04
 2.520000e-01  9.999871e-01  9.999742e-01  9.999849e-01  9.999795e-01 -3.999929e+00  2.291483e-03  1.611136e+04
 2.600000e-01  9.999957e-01  9.999914e-01  9.999924e-01  9.999935e-01 -3.999972e+00  7.562864e-04  2.790581e+04
 2.680000e-01  9.999785e-01  9.999571e-01  9.999752e-01  9.999806e-01 -3.999911e+00  3.146294e-03  1.247975e+04
 2.760000e-01  1.000000e+00  1.000000e+00  9.999957e-01  9.999914e-01 -3.999974e+00  1.857782e-04  0.000000e+00
 2.840000e-01  9.999613e-01  9.999227e-01  9.999579e-01  9.999536e-01 -3.999823e+00  5.287397e-03  9.301776e+03
 2.920000e-01  9.999312e-01  9.998626e-01  9.999417e-01  9.999320e-01 -3.999747e+00  8.165997e-03  6.976227e+03
 3.000000e-01  9.999527e-01  9.999056e-01  9.999439e-01  9.999374e-01 -3.999762e+00  5.701639e-03  8.413737e+03
 3.080000e-01  9.998666e-01  9.997339e-01  9.998694e-01  9.998748e-01 -3.999488e+00  1.505935e-02  5.011707e+03
 3.160000e-01  9.998666e-01  9.997339e-01  9.998715e-01  9.998618e-01 -3.999467e+00  1.345970e-02  5.011707e+03
 3.240000e-01  9.997849e-01  9.995707e-01  9.997927e-01  9.997895e-01 -3.999164e+00  2.048114e-02  3.946061e+03
 3.320000e-01  9.997376e-01  9.994763e-01  9.997355e-01  9.997376e-01 -3.998946e+00  2.408270e-02  3.564180e+03
 3.400000e-01  9.996216e-01  9.992452e-01  9.996426e-01  9.996416e-01 -3.998573e+00  3.735898e-02  3.002163e+03
 3.480000e-01  9.996000e-01  9.992020e-01  9.995865e-01  9.996092e-01 -3.998389e+00  3.774475e-02  2.868548e+03
 3.560000e-01  9.994924e-01  9.989873e-01  9.995066e-01  9.995012e-