# Enhanced Quasi-3D Monte Carlo Simulation
# Timestamp: 20250716_042259
# Spin model: icosahedral (13 states)
# Algorithm: hybrid (hybrid Metropolis+Wolff)
# Theoretical Tc (8-state Potts): ~0.751
# Temperature range: 0.1-1.5 (optimized for critical region)
# Layer: 3/3
# System size: 16x16x3, Total sites: 768
# Void parameter D: 0.500
#
# Temperature          M^2          M^4          G^2          G^4       Energy           Cv         Corr
 1.000000e-01  1.000000e+00  1.000000e+00  1.000000e+00  1.000000e+00 -4.000000e+00  0.000000e+00  0.000000e+00
 1.080000e-01  1.000000e+00  1.000000e+00  1.000000e+00  1.000000e+00 -4.000000e+00  0.000000e+00  0.000000e+00
 1.160000e-01  1.000000e+00  1.000000e+00  1.000000e+00  1.000000e+00 -4.000000e+00  0.000000e+00  0.000000e+00
 1.240000e-01  1.000000e+00  1.000000e+00  1.000000e+00  1.000000e+00 -4.000000e+00  0.000000e+00  0.000000e+00
 1.320000e-01  1.000000e+00  1.000000e+00  1.000000e+00  1.000000e+00 -4.000000e+00  0.000000e+00  0.000000e+00
 1.400000e-01  1.000000e+00  1.000000e+00  1.000000e+00  1.000000e+00 -4.000000e+00  0.000000e+00  0.000000e+00
 1.480000e-01  1.000000e+00  1.000000e+00  1.000000e+00  1.000000e+00 -4.000000e+00  0.000000e+00  0.000000e+00
 1.560000e-01  1.000000e+00  1.000000e+00  1.000000e+00  1.000000e+00 -4.000000e+00  0.000000e+00  0.000000e+00
 1.640000e-01  1.000000e+00  1.000000e+00  1.000000e+00  1.000000e+00 -4.000000e+00  0.000000e+00  0.000000e+00
 1.720000e-01  1.000000e+00  1.000000e+00  1.000000e+00  1.000000e+00 -4.000000e+00  0.000000e+00  0.000000e+00
 1.800000e-01  1.000000e+00  1.000000e+00  1.000000e+00  1.000000e+00 -4.000000e+00  0.000000e+00  0.000000e+00
 1.880000e-01  1.000000e+00  1.000000e+00  1.000000e+00  1.000000e+00 -4.000000e+00  0.000000e+00  0.000000e+00
 1.960000e-01  1.000000e+00  1.000000e+00  1.000000e+00  1.000000e+00 -4.000000e+00  0.000000e+00  0.000000e+00
 2.040000e-01  1.000000e+00  1.000000e+00  1.000000e+00  1.000000e+00 -4.000000e+00  0.000000e+00  0.000000e+00
 2.120000e-01  1.000000e+00  1.000000e+00  1.000000e+00  1.000000e+00 -4.000000e+00  0.000000e+00  0.000000e+00
 2.200000e-01  1.000000e+00  1.000000e+00  1.000000e+00  1.000000e+00 -4.000000e+00  0.000000e+00  0.000000e+00
 2.280000e-01  1.000000e+00  1.000000e+00  1.000000e+00  1.000000e+00 -4.000000e+00  0.000000e+00  0.000000e+00
 2.360000e-01  9.999957e-01  9.999914e-01  9.999968e-01  9.999946e-01 -3.999983e+00  8.130220e-04  2.790581e+04
 2.440000e-01  9.999957e-01  9.999914e-01  9.999946e-01  9.999968e-01 -3.999983e+00  7.605830e-04  2.790581e+04
 2.520000e-01  9.999570e-01  9.999141e-01  9.999644e-01  9.999622e-01 -3.999853e+00  6.830145e-03  8.824421e+03
 2.600000e-01  9.999871e-01  9.999742e-01  9.999892e-01  9.999860e-01 -3.999950e+00  1.985951e-03  1.611136e+04
 2.680000e-01  9.999871e-01  9.999742e-01  9.999849e-01  9.999816e-01 -3.999933e+00  1.994929e-03  1.611136e+04
 2.760000e-01  9.999656e-01  9.999313e-01  9.999741e-01  9.999698e-01 -3.999888e+00  4.533139e-03  9.866045e+03
 2.840000e-01  9.999312e-01  9.998626e-01  9.999385e-01  9.999352e-01 -3.999747e+00  8.810123e-03  6.976227e+03
 2.920000e-01  9.999355e-01  9.998712e-01  9.999341e-01  9.999449e-01 -3.999758e+00  7.692048e-03  7.205032e+03
 3.000000e-01  9.998925e-01  9.997854e-01  9.999071e-01  9.998985e-01 -3.999611e+00  1.206376e-02  5.580873e+03
 3.080000e-01  9.999011e-01  9.998025e-01  9.998920e-01  9.998953e-01 -3.999575e+00  1.099967e-02  5.818488e+03
 3.160000e-01  9.998494e-01  9.996995e-01  9.998532e-01  9.998586e-01 -3.999423e+00  1.608616e-02  4.716597e+03
 3.240000e-01  9.998064e-01  9.996137e-01  9.998003e-01  9.998089e-01 -3.999218e+00  1.870419e-02  4.159558e+03
 3.320000e-01  9.997419e-01  9.994850e-01  9.997398e-01  9.997387e-01 -3.998957e+00  2.375626e-02  3.602167e+03
 3.400000e-01  9.997075e-01  9.994164e-01  9.996847e-01  9.997074e-01 -3.998784e+00  2.851973e-02  3.351841e+03
 3.480000e-01  9.996387e-01  9.992790e-01  9.996275e-01  9.996156e-01 -3.998486e+00  3.114212e-02  3.041820e+03
 3.560000e-01  9.995269e-01  9.990561e-01  9.995185e-01  9.995314e-