# Enhanced Quasi-3D Monte Carlo Simulation
# Timestamp: 20250716_042259
# Spin model: icosahedral (13 states)
# Algorithm: hybrid (hybrid Metropolis+Wolff)
# Theoretical Tc (8-state Potts): ~0.751
# Temperature range: 0.1-1.5 (optimized for critical region)
# Layer: 2/3
# System size: 16x16x3, Total sites: 768
# Void parameter D: 0.500
#
# Temperature          M^2          M^4          G^2          G^4       Energy           Cv         Corr
 1.000000e-01  1.000000e+00  1.000000e+00  1.000000e+00  1.000000e+00 -4.000000e+00  0.000000e+00  0.000000e+00
 1.080000e-01  1.000000e+00  1.000000e+00  1.000000e+00  1.000000e+00 -4.000000e+00  0.000000e+00  0.000000e+00
 1.160000e-01  1.000000e+00  1.000000e+00  1.000000e+00  1.000000e+00 -4.000000e+00  0.000000e+00  0.000000e+00
 1.240000e-01  1.000000e+00  1.000000e+00  1.000000e+00  1.000000e+00 -4.000000e+00  0.000000e+00  0.000000e+00
 1.320000e-01  1.000000e+00  1.000000e+00  1.000000e+00  1.000000e+00 -4.000000e+00  0.000000e+00  0.000000e+00
 1.400000e-01  1.000000e+00  1.000000e+00  1.000000e+00  1.000000e+00 -4.000000e+00  0.000000e+00  0.000000e+00
 1.480000e-01  1.000000e+00  1.000000e+00  1.000000e+00  1.000000e+00 -4.000000e+00  0.000000e+00  0.000000e+00
 1.560000e-01  1.000000e+00  1.000000e+00  1.000000e+00  1.000000e+00 -4.000000e+00  0.000000e+00  0.000000e+00
 1.640000e-01  1.000000e+00  1.000000e+00  1.000000e+00  1.000000e+00 -4.000000e+00  0.000000e+00  0.000000e+00
 1.720000e-01  1.000000e+00  1.000000e+00  1.000000e+00  1.000000e+00 -4.000000e+00  0.000000e+00  0.000000e+00
 1.800000e-01  1.000000e+00  1.000000e+00  1.000000e+00  1.000000e+00 -4.000000e+00  0.000000e+00  0.000000e+00
 1.880000e-01  1.000000e+00  1.000000e+00  1.000000e+00  1.000000e+00 -4.000000e+00  0.000000e+00  0.000000e+00
 1.960000e-01  1.000000e+00  1.000000e+00  1.000000e+00  1.000000e+00 -4.000000e+00  0.000000e+00  0.000000e+00
 2.040000e-01  1.000000e+00  1.000000e+00  1.000000e+00  1.000000e+00 -4.000000e+00  0.000000e+00  0.000000e+00
 2.120000e-01  1.000000e+00  1.000000e+00  1.000000e+00  1.000000e+00 -4.000000e+00  0.000000e+00  0.000000e+00
 2.200000e-01  1.000000e+00  1.000000e+00  1.000000e+00  1.000000e+00 -4.000000e+00  0.000000e+00  0.000000e+00
 2.280000e-01  1.000000e+00  1.000000e+00  1.000000e+00  1.000000e+00 -4.000000e+00  0.000000e+00  0.000000e+00
 2.360000e-01  9.999914e-01  9.999828e-01  9.999924e-01  9.999935e-01 -3.999972e+00  1.560871e-03  1.973234e+04
 2.440000e-01  1.000000e+00  1.000000e+00  9.999989e-01  9.999978e-01 -3.999994e+00  5.996689e-05  0.000000e+00
 2.520000e-01  9.999785e-01  9.999571e-01  9.999730e-01  9.999806e-01 -3.999907e+00  3.592942e-03  1.247975e+04
 2.600000e-01  9.999828e-01  9.999657e-01  9.999838e-01  9.999860e-01 -3.999940e+00  2.599460e-03  1.395281e+04
 2.680000e-01  9.999656e-01  9.999313e-01  9.999708e-01  9.999687e-01 -3.999879e+00  4.867110e-03  9.866045e+03
 2.760000e-01  9.999828e-01  9.999657e-01  9.999784e-01  9.999870e-01 -3.999931e+00  2.365726e-03  1.395281e+04
 2.840000e-01  9.999484e-01  9.998970e-01  9.999439e-01  9.999514e-01 -3.999791e+00  6.653584e-03  8.055522e+03
 2.920000e-01  9.999742e-01  9.999485e-01  9.999644e-01  9.999633e-01 -3.999855e+00  3.395006e-03  1.139238e+04
 3.000000e-01  9.999183e-01  9.998369e-01  9.999115e-01  9.999266e-01 -3.999676e+00  9.409892e-03  6.401784e+03
 3.080000e-01  9.998796e-01  9.997596e-01  9.998845e-01  9.998758e-01 -3.999521e+00  1.294401e-02  5.273395e+03
 3.160000e-01  9.998882e-01  9.997770e-01  9.998780e-01  9.998823e-01 -3.999529e+00  1.238967e-02  5.107582e+03
 3.240000e-01  9.998193e-01  9.996394e-01  9.998154e-01  9.998100e-01 -3.999251e+00  1.751750e-02  4.305579e+03
 3.320000e-01  9.997333e-01  9.994677e-01  9.997344e-01  9.997333e-01 -3.998935e+00  2.419202e-02  3.543575e+03
 3.400000e-01  9.997118e-01  9.994248e-01  9.997096e-01  9.996880e-01 -3.998795e+00  2.790644e-02  3.429481e+03
 3.480000e-01  9.995527e-01  9.991074e-01  9.995725e-01  9.995627e-01 -3.998270e+00  3.715253e-02  2.765628e+03
 3.560000e-01  9.995526e-01  9.991074e-01  9.995444e-01  9.995368e-